Energy particles 
eV  count 

***************** ISInCa - Ion Surface Interaction Calculator v2024.1.1 *****************
*               by mauveferret@gmail.com from "Plasma physics" dep., MEPhI               *
******************************************************************************************
*           Calculated with SDTrimSP. ISInCa postprocessing id SDTrimSP__6606            *
*      Postprocessing started at 2024-02-21 at 22:39:01 MSK. Main input parameters:      *
*           Ne beam with E0 = 6000.0 eV at polar angle 0.0 degrees from normal           *
*                azimuth angle 0.0 degrees with doze 100000000 particles                 *
*                                  target of  Gd Ba Co                                   *
******************************************************************************************
*         E step 2.0 eV  beta 40.0 deg dBeta 2.0 deg phi 180.0 deg dPhi 180.0 deg        *
******************************************************************************************

*                              calculated  for all elements                              *
******************************************************************************************
0,00 321884.000
2,00 468514.000
4,00 361084.000
6,00 259990.000
8,00 194889.000
10,00 151631.000
12,00 121036.000
14,00 99046.000
16,00 83106.000
18,00 70055.000
20,00 60207.000
22,00 52333.000
24,00 45626.000
26,00 40480.000
28,00 35681.000
30,00 32116.000
32,00 28561.000
34,00 26041.000
36,00 23691.000
38,00 21746.000
40,00 19814.000
42,00 18159.000
44,00 16934.000
46,00 15355.000
48,00 14382.000
50,00 13068.000
52,00 12363.000
54,00 11546.000
56,00 10680.000
58,00 10151.000
60,00 9580.000
62,00 8853.000
64,00 8409.000
66,00 7895.000
68,00 7437.000
70,00 7013.000
72,00 6695.000
74,00 6287.000
76,00 6027.000
78,00 5613.000
80,00 5438.000
82,00 5164.000
84,00 5015.000
86,00 4632.000
88,00 4481.000
90,00 4236.000
92,00 4090.000
94,00 3902.000
96,00 3724.000
98,00 3595.000
100,00 3434.000
102,00 3235.000
104,00 3229.000
106,00 3034.000
108,00 2940.000
110,00 2825.000
112,00 2758.000
114,00 2568.000
116,00 2502.000
118,00 2465.000
120,00 2344.000
122,00 2247.000
124,00 2141.000
126,00 2194.000
128,00 2017.000
130,00 2011.000
132,00 1918.000
134,00 1854.000
136,00 1792.000
138,00 1687.000
140,00 1685.000
142,00 1618.000
144,00 1513.000
146,00 1538.000
148,00 1540.000
150,00 1403.000
152,00 1367.000
154,00 1373.000
156,00 1297.000
158,00 1252.000
160,00 1210.000
162,00 1210.000
164,00 1158.000
166,00 1085.000
168,00 1080.000
170,00 1022.000
172,00 1066.000
174,00 999.000
176,00 989.000
178,00 916.000
180,00 977.000
182,00 894.000
184,00 906.000
186,00 926.000
188,00 841.000
190,00 836.000
192,00 820.000
194,00 792.000
196,00 761.000
198,00 755.000
200,00 743.000
202,00 711.000
204,00 679.000
206,00 664.000
208,00 651.000
210,00 673.000
212,00 675.000
214,00 666.000
216,00 632.000
218,00 623.000
220,00 551.000
222,00 542.000
224,00 581.000
226,00 565.000
228,00 574.000
230,00 510.000
232,00 511.000
234,00 535.000
236,00 520.000
238,00 496.000
240,00 529.000
242,00 495.000
244,00 448.000
246,00 482.000
248,00 435.000
250,00 465.000
252,00 409.000
254,00 427.000
256,00 389.000
258,00 392.000
260,00 396.000
262,00 385.000
264,00 355.000
266,00 375.000
268,00 359.000
270,00 371.000
272,00 387.000
274,00 358.000
276,00 344.000
278,00 334.000
280,00 326.000
282,00 319.000
284,00 321.000
286,00 331.000
288,00 294.000
290,00 301.000
292,00 314.000
294,00 261.000
296,00 306.000
298,00 296.000
300,00 265.000
302,00 251.000
304,00 283.000
306,00 242.000
308,00 266.000
310,00 266.000
312,00 254.000
314,00 280.000
316,00 222.000
318,00 230.000
320,00 240.000
322,00 225.000
324,00 241.000
326,00 198.000
328,00 244.000
330,00 246.000
332,00 211.000
334,00 243.000
336,00 248.000
338,00 216.000
340,00 194.000
342,00 220.000
344,00 195.000
346,00 185.000
348,00 222.000
350,00 200.000
352,00 203.000
354,00 194.000
356,00 208.000
358,00 178.000
360,00 171.000
362,00 155.000
364,00 190.000
366,00 186.000
368,00 173.000
370,00 199.000
372,00 167.000
374,00 174.000
376,00 191.000
378,00 177.000
380,00 149.000
382,00 140.000
384,00 138.000
386,00 160.000
388,00 173.000
390,00 157.000
392,00 145.000
394,00 146.000
396,00 124.000
398,00 140.000
400,00 140.000
402,00 158.000
404,00 137.000
406,00 145.000
408,00 138.000
410,00 141.000
412,00 153.000
414,00 124.000
416,00 131.000
418,00 147.000
420,00 148.000
422,00 145.000
424,00 105.000
426,00 130.000
428,00 119.000
430,00 136.000
432,00 121.000
434,00 117.000
436,00 134.000
438,00 108.000
440,00 122.000
442,00 132.000
444,00 116.000
446,00 130.000
448,00 136.000
450,00 118.000
452,00 110.000
454,00 108.000
456,00 106.000
458,00 109.000
460,00 101.000
462,00 111.000
464,00 99.000
466,00 102.000
468,00 98.000
470,00 92.000
472,00 86.000
474,00 97.000
476,00 96.000
478,00 83.000
480,00 93.000
482,00 104.000
484,00 93.000
486,00 81.000
488,00 101.000
490,00 80.000
492,00 75.000
494,00 101.000
496,00 90.000
498,00 73.000
500,00 102.000
502,00 90.000
504,00 70.000
506,00 88.000
508,00 92.000
510,00 81.000
512,00 106.000
514,00 81.000
516,00 88.000
518,00 65.000
520,00 76.000
522,00 84.000
524,00 79.000
526,00 72.000
528,00 62.000
530,00 75.000
532,00 90.000
534,00 70.000
536,00 87.000
538,00 74.000
540,00 80.000
542,00 83.000
544,00 72.000
546,00 76.000
548,00 65.000
550,00 68.000
552,00 94.000
554,00 79.000
556,00 72.000
558,00 75.000
560,00 53.000
562,00 65.000
564,00 64.000
566,00 66.000
568,00 63.000
570,00 64.000
572,00 73.000
574,00 51.000
576,00 58.000
578,00 65.000
580,00 66.000
582,00 69.000
584,00 66.000
586,00 53.000
588,00 79.000
590,00 59.000
592,00 67.000
594,00 58.000
596,00 50.000
598,00 58.000
600,00 52.000
602,00 63.000
604,00 52.000
606,00 39.000
608,00 49.000
610,00 68.000
612,00 46.000
614,00 55.000
616,00 65.000
618,00 39.000
620,00 62.000
622,00 54.000
624,00 49.000
626,00 42.000
628,00 60.000
630,00 51.000
632,00 61.000
634,00 57.000
636,00 52.000
638,00 47.000
640,00 45.000
642,00 50.000
644,00 45.000
646,00 51.000
648,00 53.000
650,00 49.000
652,00 56.000
654,00 35.000
656,00 43.000
658,00 57.000
660,00 45.000
662,00 61.000
664,00 42.000
666,00 46.000
668,00 34.000
670,00 52.000
672,00 57.000
674,00 51.000
676,00 45.000
678,00 51.000
680,00 44.000
682,00 47.000
684,00 51.000
686,00 40.000
688,00 47.000
690,00 50.000
692,00 42.000
694,00 51.000
696,00 51.000
698,00 43.000
700,00 38.000
702,00 44.000
704,00 37.000
706,00 45.000
708,00 39.000
710,00 42.000
712,00 47.000
714,00 51.000
716,00 36.000
718,00 41.000
720,00 38.000
722,00 46.000
724,00 32.000
726,00 39.000
728,00 37.000
730,00 42.000
732,00 36.000
734,00 35.000
736,00 34.000
738,00 43.000
740,00 41.000
742,00 46.000
744,00 31.000
746,00 33.000
748,00 33.000
750,00 39.000
752,00 35.000
754,00 37.000
756,00 30.000
758,00 41.000
760,00 43.000
762,00 43.000
764,00 36.000
766,00 42.000
768,00 27.000
770,00 30.000
772,00 31.000
774,00 34.000
776,00 35.000
778,00 35.000
780,00 27.000
782,00 28.000
784,00 38.000
786,00 26.000
788,00 31.000
790,00 23.000
792,00 37.000
794,00 27.000
796,00 32.000
798,00 31.000
800,00 26.000
802,00 35.000
804,00 32.000
806,00 27.000
808,00 32.000
810,00 26.000
812,00 28.000
814,00 23.000
816,00 32.000
818,00 43.000
820,00 26.000
822,00 31.000
824,00 40.000
826,00 26.000
828,00 28.000
830,00 30.000
832,00 25.000
834,00 26.000
836,00 29.000
838,00 32.000
840,00 30.000
842,00 26.000
844,00 24.000
846,00 19.000
848,00 41.000
850,00 28.000
852,00 22.000
854,00 31.000
856,00 29.000
858,00 24.000
860,00 39.000
862,00 22.000
864,00 27.000
866,00 15.000
868,00 26.000
870,00 33.000
872,00 25.000
874,00 24.000
876,00 17.000
878,00 26.000
880,00 29.000
882,00 26.000
884,00 15.000
886,00 22.000
888,00 30.000
890,00 22.000
892,00 22.000
894,00 32.000
896,00 25.000
898,00 28.000
900,00 28.000
902,00 28.000
904,00 24.000
906,00 18.000
908,00 27.000
910,00 16.000
912,00 25.000
914,00 22.000
916,00 18.000
918,00 19.000
920,00 28.000
922,00 19.000
924,00 21.000
926,00 19.000
928,00 19.000
930,00 20.000
932,00 26.000
934,00 21.000
936,00 21.000
938,00 23.000
940,00 17.000
942,00 26.000
944,00 24.000
946,00 23.000
948,00 26.000
950,00 15.000
952,00 26.000
954,00 13.000
956,00 20.000
958,00 17.000
960,00 18.000
962,00 22.000
964,00 21.000
966,00 20.000
968,00 27.000
970,00 19.000
972,00 20.000
974,00 19.000
976,00 10.000
978,00 22.000
980,00 20.000
982,00 20.000
984,00 20.000
986,00 19.000
988,00 23.000
990,00 14.000
992,00 8.000
994,00 21.000
996,00 17.000
998,00 21.000
1000,00 15.000
1002,00 22.000
1004,00 18.000
1006,00 17.000
1008,00 28.000
1010,00 15.000
1012,00 14.000
1014,00 26.000
1016,00 17.000
1018,00 15.000
1020,00 20.000
1022,00 19.000
1024,00 20.000
1026,00 19.000
1028,00 22.000
1030,00 24.000
1032,00 17.000
1034,00 19.000
1036,00 16.000
1038,00 16.000
1040,00 15.000
1042,00 32.000
1044,00 21.000
1046,00 19.000
1048,00 24.000
1050,00 14.000
1052,00 12.000
1054,00 18.000
1056,00 12.000
1058,00 15.000
1060,00 18.000
1062,00 13.000
1064,00 23.000
1066,00 20.000
1068,00 19.000
1070,00 16.000
1072,00 19.000
1074,00 17.000
1076,00 16.000
1078,00 13.000
1080,00 15.000
1082,00 14.000
1084,00 15.000
1086,00 21.000
1088,00 17.000
1090,00 13.000
1092,00 17.000
1094,00 16.000
1096,00 22.000
1098,00 18.000
1100,00 13.000
1102,00 6.000
1104,00 15.000
1106,00 15.000
1108,00 10.000
1110,00 18.000
1112,00 12.000
1114,00 11.000
1116,00 13.000
1118,00 17.000
1120,00 18.000
1122,00 14.000
1124,00 13.000
1126,00 10.000
1128,00 16.000
1130,00 13.000
1132,00 18.000
1134,00 12.000
1136,00 20.000
1138,00 17.000
1140,00 11.000
1142,00 16.000
1144,00 21.000
1146,00 16.000
1148,00 13.000
1150,00 12.000
1152,00 10.000
1154,00 10.000
1156,00 18.000
1158,00 15.000
1160,00 15.000
1162,00 10.000
1164,00 10.000
1166,00 14.000
1168,00 21.000
1170,00 11.000
1172,00 20.000
1174,00 16.000
1176,00 12.000
1178,00 10.000
1180,00 20.000
1182,00 12.000
1184,00 11.000
1186,00 8.000
1188,00 20.000
1190,00 10.000
1192,00 6.000
1194,00 10.000
1196,00 12.000
1198,00 11.000
1200,00 8.000
1202,00 13.000
1204,00 17.000
1206,00 11.000
1208,00 15.000
1210,00 18.000
1212,00 10.000
1214,00 12.000
1216,00 10.000
1218,00 12.000
1220,00 11.000
1222,00 18.000
1224,00 13.000
1226,00 11.000
1228,00 7.000
1230,00 19.000
1232,00 10.000
1234,00 11.000
1236,00 10.000
1238,00 18.000
1240,00 13.000
1242,00 12.000
1244,00 10.000
1246,00 13.000
1248,00 12.000
1250,00 10.000
1252,00 14.000
1254,00 11.000
1256,00 8.000
1258,00 12.000
1260,00 7.000
1262,00 17.000
1264,00 16.000
1266,00 13.000
1268,00 9.000
1270,00 10.000
1272,00 11.000
1274,00 10.000
1276,00 12.000
1278,00 10.000
1280,00 7.000
1282,00 14.000
1284,00 20.000
1286,00 13.000
1288,00 10.000
1290,00 10.000
1292,00 7.000
1294,00 14.000
1296,00 10.000
1298,00 14.000
1300,00 19.000
1302,00 14.000
1304,00 16.000
1306,00 16.000
1308,00 8.000
1310,00 15.000
1312,00 10.000
1314,00 10.000
1316,00 17.000
1318,00 11.000
1320,00 11.000
1322,00 10.000
1324,00 15.000
1326,00 11.000
1328,00 13.000
1330,00 13.000
1332,00 10.000
1334,00 11.000
1336,00 16.000
1338,00 12.000
1340,00 16.000
1342,00 11.000
1344,00 12.000
1346,00 13.000
1348,00 12.000
1350,00 26.000
1352,00 11.000
1354,00 8.000
1356,00 13.000
1358,00 17.000
1360,00 20.000
1362,00 10.000
1364,00 18.000
1366,00 13.000
1368,00 14.000
1370,00 9.000
1372,00 16.000
1374,00 14.000
1376,00 12.000
1378,00 15.000
1380,00 19.000
1382,00 16.000
1384,00 9.000
1386,00 10.000
1388,00 11.000
1390,00 15.000
1392,00 17.000
1394,00 11.000
1396,00 15.000
1398,00 11.000
1400,00 14.000
1402,00 15.000
1404,00 10.000
1406,00 13.000
1408,00 14.000
1410,00 15.000
1412,00 14.000
1414,00 15.000
1416,00 10.000
1418,00 15.000
1420,00 13.000
1422,00 17.000
1424,00 11.000
1426,00 10.000
1428,00 15.000
1430,00 15.000
1432,00 13.000
1434,00 18.000
1436,00 14.000
1438,00 14.000
1440,00 8.000
1442,00 14.000
1444,00 18.000
1446,00 10.000
1448,00 16.000
1450,00 11.000
1452,00 19.000
1454,00 12.000
1456,00 11.000
1458,00 19.000
1460,00 5.000
1462,00 12.000
1464,00 16.000
1466,00 11.000
1468,00 18.000
1470,00 14.000
1472,00 20.000
1474,00 13.000
1476,00 24.000
1478,00 12.000
1480,00 11.000
1482,00 22.000
1484,00 14.000
1486,00 14.000
1488,00 5.000
1490,00 20.000
1492,00 18.000
1494,00 16.000
1496,00 14.000
1498,00 14.000
1500,00 16.000
1502,00 15.000
1504,00 14.000
1506,00 12.000
1508,00 8.000
1510,00 17.000
1512,00 13.000
1514,00 22.000
1516,00 19.000
1518,00 12.000
1520,00 22.000
1522,00 23.000
1524,00 17.000
1526,00 16.000
1528,00 16.000
1530,00 19.000
1532,00 21.000
1534,00 16.000
1536,00 17.000
1538,00 15.000
1540,00 18.000
1542,00 10.000
1544,00 24.000
1546,00 24.000
1548,00 24.000
1550,00 25.000
1552,00 19.000
1554,00 23.000
1556,00 20.000
1558,00 23.000
1560,00 21.000
1562,00 24.000
1564,00 24.000
1566,00 24.000
1568,00 23.000
1570,00 19.000
1572,00 29.000
1574,00 21.000
1576,00 27.000
1578,00 30.000
1580,00 26.000
1582,00 42.000
1584,00 26.000
1586,00 21.000
1588,00 22.000
1590,00 26.000
1592,00 22.000
1594,00 44.000
1596,00 24.000
1598,00 31.000
1600,00 36.000
1602,00 28.000
1604,00 47.000
1606,00 31.000
1608,00 31.000
1610,00 31.000
1612,00 45.000
1614,00 38.000
1616,00 33.000
1618,00 58.000
1620,00 47.000
1622,00 53.000
1624,00 46.000
1626,00 50.000
1628,00 62.000
1630,00 43.000
1632,00 56.000
1634,00 54.000
1636,00 69.000
1638,00 77.000
1640,00 61.000
1642,00 72.000
1644,00 75.000
1646,00 76.000
1648,00 84.000
1650,00 78.000
1652,00 140.000
1654,00 152.000
1656,00 146.000
1658,00 176.000
1660,00 184.000
1662,00 158.000
1664,00 154.000
1666,00 159.000
1668,00 148.000
1670,00 177.000
1672,00 156.000
1674,00 158.000
1676,00 175.000
1678,00 163.000
1680,00 147.000
1682,00 152.000
1684,00 158.000
1686,00 155.000
1688,00 156.000
1690,00 145.000
1692,00 147.000
1694,00 149.000
1696,00 150.000
1698,00 148.000
1700,00 129.000
1702,00 148.000
1704,00 119.000
1706,00 73.000
1708,00 60.000
1710,00 48.000
1712,00 41.000
1714,00 48.000
1716,00 47.000
1718,00 53.000
1720,00 39.000
1722,00 46.000
1724,00 49.000
1726,00 39.000
1728,00 31.000
1730,00 30.000
1732,00 39.000
1734,00 39.000
1736,00 37.000
1738,00 29.000
1740,00 26.000
1742,00 30.000
1744,00 33.000
1746,00 21.000
1748,00 27.000
1750,00 29.000
1752,00 25.000
1754,00 19.000
1756,00 28.000
1758,00 22.000
1760,00 22.000
1762,00 29.000
1764,00 28.000
1766,00 35.000
1768,00 18.000
1770,00 29.000
1772,00 21.000
1774,00 19.000
1776,00 33.000
1778,00 23.000
1780,00 24.000
1782,00 31.000
1784,00 22.000
1786,00 23.000
1788,00 21.000
1790,00 26.000
1792,00 19.000
1794,00 17.000
1796,00 20.000
1798,00 14.000
1800,00 22.000
1802,00 25.000
1804,00 24.000
1806,00 15.000
1808,00 17.000
1810,00 18.000
1812,00 17.000
1814,00 21.000
1816,00 21.000
1818,00 22.000
1820,00 19.000
1822,00 24.000
1824,00 15.000
1826,00 23.000
1828,00 16.000
1830,00 22.000
1832,00 29.000
1834,00 15.000
1836,00 14.000
1838,00 24.000
1840,00 15.000
1842,00 12.000
1844,00 18.000
1846,00 21.000
1848,00 14.000
1850,00 20.000
1852,00 10.000
1854,00 17.000
1856,00 20.000
1858,00 17.000
1860,00 8.000
1862,00 13.000
1864,00 18.000
1866,00 15.000
1868,00 15.000
1870,00 17.000
1872,00 19.000
1874,00 18.000
1876,00 18.000
1878,00 17.000
1880,00 14.000
1882,00 22.000
1884,00 19.000
1886,00 15.000
1888,00 17.000
1890,00 20.000
1892,00 12.000
1894,00 21.000
1896,00 15.000
1898,00 19.000
1900,00 20.000
1902,00 23.000
1904,00 16.000
1906,00 14.000
1908,00 25.000
1910,00 22.000
1912,00 9.000
1914,00 10.000
1916,00 12.000
1918,00 18.000
1920,00 20.000
1922,00 13.000
1924,00 14.000
1926,00 5.000
1928,00 22.000
1930,00 15.000
1932,00 15.000
1934,00 20.000
1936,00 17.000
1938,00 15.000
1940,00 18.000
1942,00 15.000
1944,00 23.000
1946,00 14.000
1948,00 13.000
1950,00 18.000
1952,00 19.000
1954,00 17.000
1956,00 10.000
1958,00 22.000
1960,00 11.000
1962,00 13.000
1964,00 19.000
1966,00 24.000
1968,00 10.000
1970,00 17.000
1972,00 18.000
1974,00 11.000
1976,00 21.000
1978,00 28.000
1980,00 17.000
1982,00 15.000
1984,00 13.000
1986,00 21.000
1988,00 13.000
1990,00 19.000
1992,00 21.000
1994,00 13.000
1996,00 11.000
1998,00 13.000
2000,00 22.000
2002,00 11.000
2004,00 12.000
2006,00 11.000
2008,00 18.000
2010,00 12.000
2012,00 22.000
2014,00 22.000
2016,00 17.000
2018,00 9.000
2020,00 18.000
2022,00 17.000
2024,00 12.000
2026,00 13.000
2028,00 11.000
2030,00 14.000
2032,00 16.000
2034,00 16.000
2036,00 16.000
2038,00 15.000
2040,00 16.000
2042,00 19.000
2044,00 14.000
2046,00 22.000
2048,00 12.000
2050,00 12.000
2052,00 12.000
2054,00 16.000
2056,00 17.000
2058,00 14.000
2060,00 18.000
2062,00 16.000
2064,00 17.000
2066,00 12.000
2068,00 22.000
2070,00 15.000
2072,00 11.000
2074,00 20.000
2076,00 17.000
2078,00 19.000
2080,00 12.000
2082,00 18.000
2084,00 17.000
2086,00 7.000
2088,00 12.000
2090,00 14.000
2092,00 16.000
2094,00 18.000
2096,00 15.000
2098,00 15.000
2100,00 20.000
2102,00 16.000
2104,00 18.000
2106,00 15.000
2108,00 10.000
2110,00 16.000
2112,00 15.000
2114,00 14.000
2116,00 14.000
2118,00 13.000
2120,00 12.000
2122,00 13.000
2124,00 13.000
2126,00 13.000
2128,00 21.000
2130,00 19.000
2132,00 13.000
2134,00 12.000
2136,00 10.000
2138,00 15.000
2140,00 11.000
2142,00 16.000
2144,00 24.000
2146,00 10.000
2148,00 13.000
2150,00 18.000
2152,00 19.000
2154,00 18.000
2156,00 10.000
2158,00 12.000
2160,00 26.000
2162,00 12.000
2164,00 20.000
2166,00 22.000
2168,00 18.000
2170,00 13.000
2172,00 15.000
2174,00 15.000
2176,00 14.000
2178,00 9.000
2180,00 14.000
2182,00 19.000
2184,00 17.000
2186,00 23.000
2188,00 16.000
2190,00 16.000
2192,00 15.000
2194,00 16.000
2196,00 16.000
2198,00 18.000
2200,00 15.000
2202,00 16.000
2204,00 16.000
2206,00 11.000
2208,00 11.000
2210,00 13.000
2212,00 14.000
2214,00 8.000
2216,00 13.000
2218,00 20.000
2220,00 16.000
2222,00 12.000
2224,00 13.000
2226,00 16.000
2228,00 19.000
2230,00 15.000
2232,00 22.000
2234,00 13.000
2236,00 15.000
2238,00 15.000
2240,00 10.000
2242,00 14.000
2244,00 18.000
2246,00 13.000
2248,00 17.000
2250,00 17.000
2252,00 15.000
2254,00 13.000
2256,00 10.000
2258,00 14.000
2260,00 21.000
2262,00 19.000
2264,00 14.000
2266,00 8.000
2268,00 10.000
2270,00 13.000
2272,00 12.000
2274,00 17.000
2276,00 13.000
2278,00 13.000
2280,00 18.000
2282,00 11.000
2284,00 17.000
2286,00 20.000
2288,00 13.000
2290,00 17.000
2292,00 13.000
2294,00 17.000
2296,00 11.000
2298,00 21.000
2300,00 14.000
2302,00 24.000
2304,00 8.000
2306,00 11.000
2308,00 11.000
2310,00 11.000
2312,00 14.000
2314,00 9.000
2316,00 18.000
2318,00 9.000
2320,00 15.000
2322,00 12.000
2324,00 7.000
2326,00 17.000
2328,00 14.000
2330,00 15.000
2332,00 15.000
2334,00 14.000
2336,00 21.000
2338,00 15.000
2340,00 9.000
2342,00 11.000
2344,00 11.000
2346,00 13.000
2348,00 16.000
2350,00 6.000
2352,00 17.000
2354,00 21.000
2356,00 17.000
2358,00 16.000
2360,00 9.000
2362,00 14.000
2364,00 11.000
2366,00 14.000
2368,00 14.000
2370,00 17.000
2372,00 9.000
2374,00 12.000
2376,00 17.000
2378,00 15.000
2380,00 12.000
2382,00 19.000
2384,00 14.000
2386,00 13.000
2388,00 14.000
2390,00 10.000
2392,00 13.000
2394,00 20.000
2396,00 19.000
2398,00 13.000
2400,00 11.000
2402,00 14.000
2404,00 14.000
2406,00 12.000
2408,00 16.000
2410,00 13.000
2412,00 12.000
2414,00 19.000
2416,00 13.000
2418,00 12.000
2420,00 10.000
2422,00 18.000
2424,00 13.000
2426,00 11.000
2428,00 13.000
2430,00 12.000
2432,00 6.000
2434,00 14.000
2436,00 20.000
2438,00 8.000
2440,00 12.000
2442,00 13.000
2444,00 16.000
2446,00 16.000
2448,00 11.000
2450,00 16.000
2452,00 19.000
2454,00 14.000
2456,00 13.000
2458,00 20.000
2460,00 10.000
2462,00 10.000
2464,00 15.000
2466,00 13.000
2468,00 10.000
2470,00 10.000
2472,00 15.000
2474,00 8.000
2476,00 11.000
2478,00 11.000
2480,00 14.000
2482,00 15.000
2484,00 12.000
2486,00 13.000
2488,00 10.000
2490,00 9.000
2492,00 11.000
2494,00 13.000
2496,00 12.000
2498,00 9.000
2500,00 20.000
2502,00 9.000
2504,00 9.000
2506,00 20.000
2508,00 19.000
2510,00 10.000
2512,00 10.000
2514,00 7.000
2516,00 7.000
2518,00 10.000
2520,00 12.000
2522,00 14.000
2524,00 13.000
2526,00 13.000
2528,00 9.000
2530,00 19.000
2532,00 13.000
2534,00 13.000
2536,00 7.000
2538,00 14.000
2540,00 15.000
2542,00 11.000
2544,00 10.000
2546,00 11.000
2548,00 14.000
2550,00 18.000
2552,00 13.000
2554,00 12.000
2556,00 6.000
2558,00 13.000
2560,00 13.000
2562,00 11.000
2564,00 14.000
2566,00 11.000
2568,00 8.000
2570,00 12.000
2572,00 11.000
2574,00 14.000
2576,00 6.000
2578,00 12.000
2580,00 10.000
2582,00 15.000
2584,00 21.000
2586,00 18.000
2588,00 12.000
2590,00 11.000
2592,00 11.000
2594,00 6.000
2596,00 16.000
2598,00 9.000
2600,00 12.000
2602,00 11.000
2604,00 18.000
2606,00 8.000
2608,00 9.000
2610,00 18.000
2612,00 13.000
2614,00 20.000
2616,00 12.000
2618,00 15.000
2620,00 16.000
2622,00 16.000
2624,00 13.000
2626,00 17.000
2628,00 14.000
2630,00 17.000
2632,00 14.000
2634,00 6.000
2636,00 17.000
2638,00 10.000
2640,00 16.000
2642,00 14.000
2644,00 8.000
2646,00 8.000
2648,00 6.000
2650,00 12.000
2652,00 10.000
2654,00 12.000
2656,00 11.000
2658,00 17.000
2660,00 15.000
2662,00 15.000
2664,00 12.000
2666,00 11.000
2668,00 6.000
2670,00 18.000
2672,00 10.000
2674,00 20.000
2676,00 16.000
2678,00 18.000
2680,00 14.000
2682,00 11.000
2684,00 17.000
2686,00 10.000
2688,00 22.000
2690,00 16.000
2692,00 16.000
2694,00 12.000
2696,00 12.000
2698,00 12.000
2700,00 19.000
2702,00 15.000
2704,00 13.000
2706,00 19.000
2708,00 9.000
2710,00 11.000
2712,00 9.000
2714,00 8.000
2716,00 10.000
2718,00 16.000
2720,00 17.000
2722,00 15.000
2724,00 9.000
2726,00 12.000
2728,00 16.000
2730,00 19.000
2732,00 13.000
2734,00 20.000
2736,00 13.000
2738,00 20.000
2740,00 11.000
2742,00 10.000
2744,00 15.000
2746,00 14.000
2748,00 22.000
2750,00 25.000
2752,00 15.000
2754,00 21.000
2756,00 14.000
2758,00 13.000
2760,00 13.000
2762,00 19.000
2764,00 13.000
2766,00 15.000
2768,00 9.000
2770,00 17.000
2772,00 15.000
2774,00 15.000
2776,00 22.000
2778,00 8.000
2780,00 14.000
2782,00 18.000
2784,00 14.000
2786,00 17.000
2788,00 17.000
2790,00 14.000
2792,00 18.000
2794,00 18.000
2796,00 13.000
2798,00 20.000
2800,00 15.000
2802,00 7.000
2804,00 19.000
2806,00 13.000
2808,00 8.000
2810,00 16.000
2812,00 17.000
2814,00 10.000
2816,00 26.000
2818,00 24.000
2820,00 18.000
2822,00 11.000
2824,00 22.000
2826,00 15.000
2828,00 20.000
2830,00 10.000
2832,00 10.000
2834,00 11.000
2836,00 22.000
2838,00 10.000
2840,00 14.000
2842,00 16.000
2844,00 17.000
2846,00 14.000
2848,00 12.000
2850,00 20.000
2852,00 16.000
2854,00 18.000
2856,00 18.000
2858,00 16.000
2860,00 13.000
2862,00 21.000
2864,00 16.000
2866,00 18.000
2868,00 19.000
2870,00 16.000
2872,00 17.000
2874,00 12.000
2876,00 19.000
2878,00 17.000
2880,00 22.000
2882,00 21.000
2884,00 23.000
2886,00 10.000
2888,00 23.000
2890,00 13.000
2892,00 15.000
2894,00 16.000
2896,00 18.000
2898,00 17.000
2900,00 15.000
2902,00 26.000
2904,00 22.000
2906,00 16.000
2908,00 14.000
2910,00 23.000
2912,00 18.000
2914,00 14.000
2916,00 17.000
2918,00 9.000
2920,00 12.000
2922,00 8.000
2924,00 21.000
2926,00 14.000
2928,00 16.000
2930,00 19.000
2932,00 20.000
2934,00 15.000
2936,00 14.000
2938,00 23.000
2940,00 20.000
2942,00 17.000
2944,00 22.000
2946,00 10.000
2948,00 22.000
2950,00 17.000
2952,00 14.000
2954,00 15.000
2956,00 18.000
2958,00 18.000
2960,00 6.000
2962,00 14.000
2964,00 17.000
2966,00 20.000
2968,00 18.000
2970,00 24.000
2972,00 14.000
2974,00 20.000
2976,00 15.000
2978,00 13.000
2980,00 9.000
2982,00 17.000
2984,00 22.000
2986,00 12.000
2988,00 16.000
2990,00 19.000
2992,00 25.000
2994,00 32.000
2996,00 17.000
2998,00 19.000
3000,00 11.000
3002,00 19.000
3004,00 22.000
3006,00 12.000
3008,00 19.000
3010,00 14.000
3012,00 19.000
3014,00 16.000
3016,00 14.000
3018,00 15.000
3020,00 11.000
3022,00 18.000
3024,00 16.000
3026,00 20.000
3028,00 19.000
3030,00 16.000
3032,00 18.000
3034,00 15.000
3036,00 14.000
3038,00 18.000
3040,00 25.000
3042,00 23.000
3044,00 20.000
3046,00 17.000
3048,00 13.000
3050,00 14.000
3052,00 18.000
3054,00 18.000
3056,00 17.000
3058,00 24.000
3060,00 21.000
3062,00 16.000
3064,00 17.000
3066,00 17.000
3068,00 27.000
3070,00 15.000
3072,00 19.000
3074,00 25.000
3076,00 15.000
3078,00 20.000
3080,00 13.000
3082,00 19.000
3084,00 23.000
3086,00 21.000
3088,00 18.000
3090,00 24.000
3092,00 23.000
3094,00 28.000
3096,00 19.000
3098,00 27.000
3100,00 16.000
3102,00 20.000
3104,00 18.000
3106,00 24.000
3108,00 27.000
3110,00 21.000
3112,00 21.000
3114,00 25.000
3116,00 23.000
3118,00 21.000
3120,00 22.000
3122,00 16.000
3124,00 23.000
3126,00 18.000
3128,00 19.000
3130,00 18.000
3132,00 23.000
3134,00 14.000
3136,00 27.000
3138,00 19.000
3140,00 21.000
3142,00 21.000
3144,00 16.000
3146,00 28.000
3148,00 23.000
3150,00 27.000
3152,00 20.000
3154,00 15.000
3156,00 18.000
3158,00 18.000
3160,00 23.000
3162,00 22.000
3164,00 21.000
3166,00 19.000
3168,00 25.000
3170,00 12.000
3172,00 15.000
3174,00 16.000
3176,00 17.000
3178,00 21.000
3180,00 17.000
3182,00 27.000
3184,00 23.000
3186,00 19.000
3188,00 30.000
3190,00 18.000
3192,00 22.000
3194,00 19.000
3196,00 17.000
3198,00 27.000
3200,00 29.000
3202,00 12.000
3204,00 28.000
3206,00 25.000
3208,00 18.000
3210,00 19.000
3212,00 21.000
3214,00 27.000
3216,00 23.000
3218,00 22.000
3220,00 27.000
3222,00 23.000
3224,00 27.000
3226,00 28.000
3228,00 24.000
3230,00 33.000
3232,00 24.000
3234,00 29.000
3236,00 18.000
3238,00 26.000
3240,00 31.000
3242,00 29.000
3244,00 28.000
3246,00 29.000
3248,00 25.000
3250,00 27.000
3252,00 30.000
3254,00 28.000
3256,00 23.000
3258,00 22.000
3260,00 25.000
3262,00 30.000
3264,00 30.000
3266,00 25.000
3268,00 36.000
3270,00 39.000
3272,00 42.000
3274,00 29.000
3276,00 27.000
3278,00 24.000
3280,00 25.000
3282,00 28.000
3284,00 33.000
3286,00 29.000
3288,00 34.000
3290,00 21.000
3292,00 33.000
3294,00 26.000
3296,00 31.000
3298,00 22.000
3300,00 22.000
3302,00 30.000
3304,00 23.000
3306,00 44.000
3308,00 30.000
3310,00 30.000
3312,00 25.000
3314,00 40.000
3316,00 26.000
3318,00 32.000
3320,00 39.000
3322,00 29.000
3324,00 30.000
3326,00 26.000
3328,00 24.000
3330,00 36.000
3332,00 34.000
3334,00 32.000
3336,00 33.000
3338,00 36.000
3340,00 35.000
3342,00 28.000
3344,00 29.000
3346,00 34.000
3348,00 35.000
3350,00 29.000
3352,00 43.000
3354,00 37.000
3356,00 44.000
3358,00 44.000
3360,00 28.000
3362,00 43.000
3364,00 35.000
3366,00 41.000
3368,00 44.000
3370,00 37.000
3372,00 29.000
3374,00 28.000
3376,00 36.000
3378,00 46.000
3380,00 48.000
3382,00 50.000
3384,00 52.000
3386,00 53.000
3388,00 43.000
3390,00 46.000
3392,00 43.000
3394,00 48.000
3396,00 38.000
3398,00 54.000
3400,00 44.000
3402,00 54.000
3404,00 38.000
3406,00 40.000
3408,00 50.000
3410,00 51.000
3412,00 49.000
3414,00 64.000
3416,00 53.000
3418,00 61.000
3420,00 47.000
3422,00 57.000
3424,00 65.000
3426,00 65.000
3428,00 60.000
3430,00 71.000
3432,00 71.000
3434,00 70.000
3436,00 75.000
3438,00 70.000
3440,00 80.000
3442,00 86.000
3444,00 94.000
3446,00 87.000
3448,00 76.000
3450,00 93.000
3452,00 100.000
3454,00 116.000
3456,00 121.000
3458,00 110.000
3460,00 121.000
3462,00 109.000
3464,00 126.000
3466,00 135.000
3468,00 140.000
3470,00 137.000
3472,00 196.000
3474,00 154.000
3476,00 150.000
3478,00 167.000
3480,00 175.000
3482,00 182.000
3484,00 205.000
3486,00 200.000
3488,00 210.000
3490,00 221.000
3492,00 237.000
3494,00 250.000
3496,00 227.000
3498,00 265.000
3500,00 268.000
3502,00 286.000
3504,00 279.000
3506,00 305.000
3508,00 297.000
3510,00 287.000
3512,00 314.000
3514,00 278.000
3516,00 326.000
3518,00 493.000
3520,00 520.000
3522,00 489.000
3524,00 521.000
3526,00 463.000
3528,00 488.000
3530,00 470.000
3532,00 474.000
3534,00 512.000
3536,00 464.000
3538,00 471.000
3540,00 464.000
3542,00 452.000
3544,00 416.000
3546,00 417.000
3548,00 431.000
3550,00 373.000
3552,00 391.000
3554,00 369.000
3556,00 399.000
3558,00 366.000
3560,00 353.000
3562,00 355.000
3564,00 245.000
3566,00 128.000
3568,00 105.000
3570,00 110.000
3572,00 99.000
3574,00 92.000
3576,00 113.000
3578,00 111.000
3580,00 91.000
3582,00 84.000
3584,00 77.000
3586,00 70.000
3588,00 74.000
3590,00 67.000
3592,00 73.000
3594,00 45.000
3596,00 74.000
3598,00 60.000
3600,00 65.000
3602,00 70.000
3604,00 61.000
3606,00 71.000
3608,00 65.000
3610,00 74.000
3612,00 66.000
3614,00 52.000
3616,00 65.000
3618,00 51.000
3620,00 75.000
3622,00 68.000
3624,00 59.000
3626,00 57.000
3628,00 63.000
3630,00 57.000
3632,00 55.000
3634,00 57.000
3636,00 64.000
3638,00 70.000
3640,00 47.000
3642,00 61.000
3644,00 53.000
3646,00 63.000
3648,00 69.000
3650,00 50.000
3652,00 65.000
3654,00 53.000
3656,00 49.000
3658,00 58.000
3660,00 76.000
3662,00 60.000
3664,00 47.000
3666,00 57.000
3668,00 56.000
3670,00 77.000
3672,00 49.000
3674,00 64.000
3676,00 66.000
3678,00 62.000
3680,00 80.000
3682,00 56.000
3684,00 75.000
3686,00 63.000
3688,00 62.000
3690,00 73.000
3692,00 67.000
3694,00 91.000
3696,00 82.000
3698,00 79.000
3700,00 92.000
3702,00 70.000
3704,00 73.000
3706,00 99.000
3708,00 93.000
3710,00 103.000
3712,00 90.000
3714,00 118.000
3716,00 119.000
3718,00 123.000
3720,00 127.000
3722,00 114.000
3724,00 113.000
3726,00 120.000
3728,00 128.000
3730,00 135.000
3732,00 147.000
3734,00 164.000
3736,00 148.000
3738,00 168.000
3740,00 150.000
3742,00 184.000
3744,00 170.000
3746,00 181.000
3748,00 158.000
3750,00 173.000
3752,00 201.000
3754,00 200.000
3756,00 196.000
3758,00 214.000
3760,00 188.000
3762,00 197.000
3764,00 196.000
3766,00 323.000
3768,00 286.000
3770,00 319.000
3772,00 333.000
3774,00 290.000
3776,00 311.000
3778,00 331.000
3780,00 291.000
3782,00 304.000
3784,00 281.000
3786,00 293.000
3788,00 277.000
3790,00 270.000
3792,00 254.000
3794,00 251.000
3796,00 260.000
3798,00 248.000
3800,00 229.000
3802,00 216.000
3804,00 211.000
3806,00 202.000
3808,00 225.000
3810,00 107.000
3812,00 80.000
3814,00 72.000
3816,00 71.000
3818,00 63.000
3820,00 75.000
3822,00 75.000
3824,00 71.000
3826,00 39.000
3828,00 51.000
3830,00 57.000
3832,00 53.000
3834,00 51.000
3836,00 49.000
3838,00 49.000
3840,00 58.000
3842,00 37.000
3844,00 53.000
3846,00 57.000
3848,00 39.000
3850,00 46.000
3852,00 47.000
3854,00 42.000
3856,00 46.000
3858,00 41.000
3860,00 40.000
3862,00 40.000
3864,00 32.000
3866,00 63.000
3868,00 32.000
3870,00 47.000
3872,00 52.000
3874,00 39.000
3876,00 40.000
3878,00 32.000
3880,00 53.000
3882,00 33.000
3884,00 34.000
3886,00 47.000
3888,00 44.000
3890,00 41.000
3892,00 33.000
3894,00 38.000
3896,00 29.000
3898,00 33.000
3900,00 36.000
3902,00 31.000
3904,00 34.000
3906,00 25.000
3908,00 36.000
3910,00 34.000
3912,00 30.000
3914,00 33.000
3916,00 27.000
3918,00 42.000
3920,00 43.000
3922,00 29.000
3924,00 33.000
3926,00 28.000
3928,00 33.000
3930,00 27.000
3932,00 35.000
3934,00 25.000
3936,00 23.000
3938,00 28.000
3940,00 32.000
3942,00 29.000
3944,00 28.000
3946,00 28.000
3948,00 28.000
3950,00 23.000
3952,00 22.000
3954,00 29.000
3956,00 22.000
3958,00 17.000
3960,00 24.000
3962,00 24.000
3964,00 25.000
3966,00 27.000
3968,00 19.000
3970,00 32.000
3972,00 31.000
3974,00 22.000
3976,00 19.000
3978,00 30.000
3980,00 21.000
3982,00 36.000
3984,00 21.000
3986,00 28.000
3988,00 20.000
3990,00 23.000
3992,00 27.000
3994,00 26.000
3996,00 27.000
3998,00 22.000
4000,00 21.000
4002,00 23.000
4004,00 18.000
4006,00 30.000
4008,00 22.000
4010,00 26.000
4012,00 28.000
4014,00 24.000
4016,00 25.000
4018,00 16.000
4020,00 21.000
4022,00 21.000
4024,00 16.000
4026,00 18.000
4028,00 18.000
4030,00 19.000
4032,00 24.000
4034,00 17.000
4036,00 20.000
4038,00 25.000
4040,00 31.000
4042,00 16.000
4044,00 18.000
4046,00 20.000
4048,00 16.000
4050,00 16.000
4052,00 14.000
4054,00 18.000
4056,00 15.000
4058,00 13.000
4060,00 16.000
4062,00 17.000
4064,00 31.000
4066,00 16.000
4068,00 24.000
4070,00 13.000
4072,00 15.000
4074,00 16.000
4076,00 20.000
4078,00 17.000
4080,00 16.000
4082,00 14.000
4084,00 12.000
4086,00 18.000
4088,00 14.000
4090,00 12.000
4092,00 13.000
4094,00 12.000
4096,00 13.000
4098,00 15.000
4100,00 7.000
4102,00 11.000
4104,00 21.000
4106,00 14.000
4108,00 8.000
4110,00 15.000
4112,00 7.000
4114,00 8.000
4116,00 8.000
4118,00 11.000
4120,00 8.000
4122,00 16.000
4124,00 7.000
4126,00 20.000
4128,00 8.000
4130,00 16.000
4132,00 13.000
4134,00 6.000
4136,00 13.000
4138,00 13.000
4140,00 7.000
4142,00 11.000
4144,00 6.000
4146,00 11.000
4148,00 9.000
4150,00 9.000
4152,00 6.000
4154,00 14.000
4156,00 9.000
4158,00 5.000
4160,00 9.000
4162,00 5.000
4164,00 12.000
4166,00 10.000
4168,00 9.000
4170,00 6.000
4172,00 4.000
4174,00 7.000
4176,00 8.000
4178,00 9.000
4180,00 7.000
4182,00 9.000
4184,00 9.000
4186,00 2.000
4188,00 3.000
4190,00 4.000
4192,00 8.000
4194,00 5.000
4196,00 4.000
4198,00 5.000
4200,00 8.000
4202,00 8.000
4204,00 11.000
4206,00 4.000
4208,00 5.000
4210,00 2.000
4212,00 6.000
4214,00 9.000
4216,00 9.000
4218,00 4.000
4220,00 4.000
4222,00 4.000
4224,00 7.000
4226,00 7.000
4228,00 4.000
4230,00 3.000
4232,00 4.000
4234,00 8.000
4236,00 6.000
4238,00 5.000
4240,00 6.000
4242,00 7.000
4244,00 5.000
4246,00 2.000
4248,00 7.000
4250,00 3.000
4252,00 2.000
4254,00 5.000
4256,00 5.000
4258,00 3.000
4260,00 4.000
4262,00 2.000
4264,00 2.000
4266,00 2.000
4268,00 8.000
4270,00 3.000
4272,00 2.000
4274,00 1.000
4276,00 3.000
4278,00 4.000
4280,00 1.000
4282,00 0.000
4284,00 3.000
4286,00 0.000
4288,00 2.000
4290,00 1.000
4292,00 3.000
4294,00 2.000
4296,00 1.000
4298,00 1.000
4300,00 0.000
4302,00 2.000
4304,00 1.000
4306,00 5.000
4308,00 2.000
4310,00 1.000
4312,00 3.000
4314,00 0.000
4316,00 5.000
4318,00 1.000
4320,00 2.000
4322,00 1.000
4324,00 0.000
4326,00 2.000
4328,00 2.000
4330,00 0.000
4332,00 4.000
4334,00 2.000
4336,00 1.000
4338,00 3.000
4340,00 1.000
4342,00 0.000
4344,00 1.000
4346,00 1.000
4348,00 1.000
4350,00 1.000
4352,00 4.000
4354,00 2.000
4356,00 0.000
4358,00 1.000
4360,00 2.000
4362,00 0.000
4364,00 2.000
4366,00 3.000
4368,00 0.000
4370,00 0.000
4372,00 1.000
4374,00 0.000
4376,00 3.000
4378,00 1.000
4380,00 0.000
4382,00 3.000
4384,00 1.000
4386,00 1.000
4388,00 1.000
4390,00 0.000
4392,00 4.000
4394,00 0.000
4396,00 1.000
4398,00 3.000
4400,00 1.000
4402,00 2.000
4404,00 1.000
4406,00 1.000
4408,00 1.000
4410,00 1.000
4412,00 0.000
4414,00 3.000
4416,00 3.000
4418,00 0.000
4420,00 0.000
4422,00 1.000
4424,00 0.000
4426,00 0.000
4428,00 2.000
4430,00 1.000
4432,00 1.000
4434,00 0.000
4436,00 1.000
4438,00 0.000
4440,00 0.000
4442,00 0.000
4444,00 0.000
4446,00 1.000
4448,00 1.000
4450,00 0.000
4452,00 1.000
4454,00 0.000
4456,00 0.000
4458,00 0.000
4460,00 1.000
4462,00 0.000
4464,00 1.000
4466,00 1.000
4468,00 2.000
4470,00 0.000
4472,00 0.000
4474,00 0.000
4476,00 0.000
4478,00 0.000
4480,00 0.000
4482,00 1.000
4484,00 0.000
4486,00 0.000
4488,00 1.000
4490,00 0.000
4492,00 0.000
4494,00 1.000
4496,00 1.000
4498,00 0.000
4500,00 1.000
4502,00 0.000
4504,00 0.000
4506,00 0.000
4508,00 0.000
4510,00 1.000
4512,00 0.000
4514,00 0.000
4516,00 0.000
4518,00 0.000
4520,00 0.000
4522,00 1.000
4524,00 1.000
4526,00 0.000
4528,00 1.000
4530,00 0.000
4532,00 0.000
4534,00 0.000
4536,00 0.000
4538,00 0.000
4540,00 0.000
4542,00 0.000
4544,00 0.000
4546,00 0.000
4548,00 0.000
4550,00 0.000
4552,00 0.000
4554,00 0.000
4556,00 0.000
4558,00 0.000
4560,00 0.000
4562,00 0.000
4564,00 1.000
4566,00 0.000
4568,00 0.000
4570,00 0.000
4572,00 0.000
4574,00 0.000
4576,00 0.000
4578,00 0.000
4580,00 0.000
4582,00 1.000
4584,00 0.000
4586,00 0.000
4588,00 0.000
4590,00 0.000
4592,00 0.000
4594,00 1.000
4596,00 0.000
4598,00 0.000
4600,00 0.000
4602,00 0.000
4604,00 0.000
4606,00 0.000
4608,00 0.000
4610,00 0.000
4612,00 0.000
4614,00 0.000
4616,00 0.000
4618,00 0.000
4620,00 0.000
4622,00 0.000
4624,00 0.000
4626,00 0.000
4628,00 0.000
4630,00 0.000
4632,00 0.000
4634,00 0.000
4636,00 0.000
4638,00 0.000
4640,00 0.000
4642,00 0.000
4644,00 0.000
4646,00 0.000
4648,00 0.000
4650,00 0.000
4652,00 0.000
4654,00 0.000
4656,00 0.000
4658,00 0.000
4660,00 0.000
4662,00 0.000
4664,00 0.000
4666,00 0.000
4668,00 0.000
4670,00 0.000
4672,00 0.000
4674,00 0.000
4676,00 0.000
4678,00 0.000
4680,00 0.000
4682,00 0.000
4684,00 0.000
4686,00 0.000
4688,00 0.000
4690,00 0.000
4692,00 0.000
4694,00 0.000
4696,00 0.000
4698,00 0.000
4700,00 0.000
4702,00 0.000
4704,00 0.000
4706,00 0.000
4708,00 0.000
4710,00 0.000
4712,00 0.000
4714,00 0.000
4716,00 0.000
4718,00 0.000
4720,00 0.000
4722,00 0.000
4724,00 0.000
4726,00 0.000
4728,00 0.000
4730,00 0.000
4732,00 0.000
4734,00 0.000
4736,00 0.000
4738,00 0.000
4740,00 0.000
4742,00 0.000
4744,00 0.000
4746,00 0.000
4748,00 0.000
4750,00 0.000
4752,00 0.000
4754,00 0.000
4756,00 0.000
4758,00 0.000
4760,00 0.000
4762,00 0.000
4764,00 0.000
4766,00 0.000
4768,00 0.000
4770,00 0.000
4772,00 0.000
4774,00 0.000
4776,00 0.000
4778,00 0.000
4780,00 0.000
4782,00 0.000
4784,00 0.000
4786,00 0.000
4788,00 0.000
4790,00 0.000
4792,00 0.000
4794,00 0.000
4796,00 0.000
4798,00 0.000
4800,00 0.000
4802,00 0.000
4804,00 0.000
4806,00 0.000
4808,00 0.000
4810,00 0.000
4812,00 0.000
4814,00 0.000
4816,00 0.000
4818,00 0.000
4820,00 0.000
4822,00 0.000
4824,00 0.000
4826,00 0.000
4828,00 0.000
4830,00 0.000
4832,00 0.000
4834,00 0.000
4836,00 0.000
4838,00 0.000
4840,00 0.000
4842,00 0.000
4844,00 0.000
4846,00 0.000
4848,00 0.000
4850,00 0.000
4852,00 0.000
4854,00 0.000
4856,00 0.000
4858,00 0.000
4860,00 0.000
4862,00 0.000
4864,00 0.000
4866,00 0.000
4868,00 0.000
4870,00 0.000
4872,00 0.000
4874,00 0.000
4876,00 0.000
4878,00 0.000
4880,00 0.000
4882,00 0.000
4884,00 0.000
4886,00 0.000
4888,00 0.000
4890,00 0.000
4892,00 0.000
4894,00 0.000
4896,00 0.000
4898,00 0.000
4900,00 0.000
4902,00 0.000
4904,00 0.000
4906,00 0.000
4908,00 0.000
4910,00 0.000
4912,00 0.000
4914,00 0.000
4916,00 0.000
4918,00 0.000
4920,00 0.000
4922,00 0.000
4924,00 0.000
4926,00 0.000
4928,00 0.000
4930,00 0.000
4932,00 0.000
4934,00 0.000
4936,00 0.000
4938,00 0.000
4940,00 0.000
4942,00 0.000
4944,00 0.000
4946,00 0.000
4948,00 0.000
4950,00 0.000
4952,00 0.000
4954,00 0.000
4956,00 0.000
4958,00 0.000
4960,00 0.000
4962,00 0.000
4964,00 0.000
4966,00 0.000
4968,00 0.000
4970,00 0.000
4972,00 0.000
4974,00 0.000
4976,00 0.000
4978,00 0.000
4980,00 0.000
4982,00 0.000
4984,00 0.000
4986,00 0.000
4988,00 0.000
4990,00 0.000
4992,00 0.000
4994,00 0.000
4996,00 0.000
4998,00 0.000
5000,00 0.000
5002,00 0.000
5004,00 0.000
5006,00 0.000
5008,00 0.000
5010,00 0.000
5012,00 0.000
5014,00 0.000
5016,00 0.000
5018,00 0.000
5020,00 0.000
5022,00 0.000
5024,00 0.000
5026,00 0.000
5028,00 0.000
5030,00 0.000
5032,00 0.000
5034,00 0.000
5036,00 0.000
5038,00 0.000
5040,00 0.000
5042,00 0.000
5044,00 0.000
5046,00 0.000
5048,00 0.000
5050,00 0.000
5052,00 0.000
5054,00 0.000
5056,00 0.000
5058,00 0.000
5060,00 0.000
5062,00 0.000
5064,00 0.000
5066,00 0.000
5068,00 0.000
5070,00 0.000
5072,00 0.000
5074,00 0.000
5076,00 0.000
5078,00 0.000
5080,00 0.000
5082,00 0.000
5084,00 0.000
5086,00 0.000
5088,00 0.000
5090,00 0.000
5092,00 0.000
5094,00 0.000
5096,00 0.000
5098,00 0.000
5100,00 0.000
5102,00 0.000
5104,00 0.000
5106,00 0.000
5108,00 0.000
5110,00 0.000
5112,00 0.000
5114,00 0.000
5116,00 0.000
5118,00 0.000
5120,00 0.000
5122,00 0.000
5124,00 0.000
5126,00 0.000
5128,00 0.000
5130,00 0.000
5132,00 0.000
5134,00 0.000
5136,00 0.000
5138,00 0.000
5140,00 0.000
5142,00 0.000
5144,00 0.000
5146,00 0.000
5148,00 0.000
5150,00 0.000
5152,00 0.000
5154,00 0.000
5156,00 0.000
5158,00 0.000
5160,00 0.000
5162,00 0.000
5164,00 0.000
5166,00 0.000
5168,00 0.000
5170,00 0.000
5172,00 0.000
5174,00 0.000
5176,00 0.000
5178,00 0.000
5180,00 0.000
5182,00 0.000
5184,00 0.000
5186,00 0.000
5188,00 0.000
5190,00 0.000
5192,00 0.000
5194,00 0.000
5196,00 0.000
5198,00 0.000
5200,00 0.000
5202,00 0.000
5204,00 0.000
5206,00 0.000
5208,00 0.000
5210,00 0.000
5212,00 0.000
5214,00 0.000
5216,00 0.000
5218,00 0.000
5220,00 0.000
5222,00 0.000
5224,00 0.000
5226,00 0.000
5228,00 0.000
5230,00 0.000
5232,00 0.000
5234,00 0.000
5236,00 0.000
5238,00 0.000
5240,00 0.000
5242,00 0.000
5244,00 0.000
5246,00 0.000
5248,00 0.000
5250,00 0.000
5252,00 0.000
5254,00 0.000
5256,00 0.000
5258,00 0.000
5260,00 0.000
5262,00 0.000
5264,00 0.000
5266,00 0.000
5268,00 0.000
5270,00 0.000
5272,00 0.000
5274,00 0.000
5276,00 0.000
5278,00 0.000
5280,00 0.000
5282,00 0.000
5284,00 0.000
5286,00 0.000
5288,00 0.000
5290,00 0.000
5292,00 0.000
5294,00 0.000
5296,00 0.000
5298,00 0.000
5300,00 0.000
5302,00 0.000
5304,00 0.000
5306,00 0.000
5308,00 0.000
5310,00 0.000
5312,00 0.000
5314,00 0.000
5316,00 0.000
5318,00 0.000
5320,00 0.000
5322,00 0.000
5324,00 0.000
5326,00 0.000
5328,00 0.000
5330,00 0.000
5332,00 0.000
5334,00 0.000
5336,00 0.000
5338,00 0.000
5340,00 0.000
5342,00 0.000
5344,00 0.000
5346,00 0.000
5348,00 0.000
5350,00 0.000
5352,00 0.000
5354,00 0.000
5356,00 0.000
5358,00 0.000
5360,00 0.000
5362,00 0.000
5364,00 0.000
5366,00 0.000
5368,00 0.000
5370,00 0.000
5372,00 0.000
5374,00 0.000
5376,00 0.000
5378,00 0.000
5380,00 0.000
5382,00 0.000
5384,00 0.000
5386,00 0.000
5388,00 0.000
5390,00 0.000
5392,00 0.000
5394,00 0.000
5396,00 0.000
5398,00 0.000
5400,00 0.000
5402,00 0.000
5404,00 0.000
5406,00 0.000
5408,00 0.000
5410,00 0.000
5412,00 0.000
5414,00 0.000
5416,00 0.000
5418,00 0.000
5420,00 0.000
5422,00 0.000
5424,00 0.000
5426,00 0.000
5428,00 0.000
5430,00 0.000
5432,00 0.000
5434,00 0.000
5436,00 0.000
5438,00 0.000
5440,00 0.000
5442,00 0.000
5444,00 0.000
5446,00 0.000
5448,00 0.000
5450,00 0.000
5452,00 0.000
5454,00 0.000
5456,00 0.000
5458,00 0.000
5460,00 0.000
5462,00 0.000
5464,00 0.000
5466,00 0.000
5468,00 0.000
5470,00 0.000
5472,00 0.000
5474,00 0.000
5476,00 0.000
5478,00 0.000
5480,00 0.000
5482,00 0.000
5484,00 0.000
5486,00 0.000
5488,00 0.000
5490,00 0.000
5492,00 0.000
5494,00 0.000
5496,00 0.000
5498,00 0.000
5500,00 0.000
5502,00 0.000
5504,00 0.000
5506,00 0.000
5508,00 0.000
5510,00 0.000
5512,00 0.000
5514,00 0.000
5516,00 0.000
5518,00 0.000
5520,00 0.000
5522,00 0.000
5524,00 0.000
5526,00 0.000
5528,00 0.000
5530,00 0.000
5532,00 0.000
5534,00 0.000
5536,00 0.000
5538,00 0.000
5540,00 0.000
5542,00 0.000
5544,00 0.000
5546,00 0.000
5548,00 0.000
5550,00 0.000
5552,00 0.000
5554,00 0.000
5556,00 0.000
5558,00 0.000
5560,00 0.000
5562,00 0.000
5564,00 0.000
5566,00 0.000
5568,00 0.000
5570,00 0.000
5572,00 0.000
5574,00 0.000
5576,00 0.000
5578,00 0.000
5580,00 0.000
5582,00 0.000
5584,00 0.000
5586,00 0.000
5588,00 0.000
5590,00 0.000
5592,00 0.000
5594,00 0.000
5596,00 0.000
5598,00 0.000
5600,00 0.000
5602,00 0.000
5604,00 0.000
5606,00 0.000
5608,00 0.000
5610,00 0.000
5612,00 0.000
5614,00 0.000
5616,00 0.000
5618,00 0.000
5620,00 0.000
5622,00 0.000
5624,00 0.000
5626,00 0.000
5628,00 0.000
5630,00 0.000
5632,00 0.000
5634,00 0.000
5636,00 0.000
5638,00 0.000
5640,00 0.000
5642,00 0.000
5644,00 0.000
5646,00 0.000
5648,00 0.000
5650,00 0.000
5652,00 0.000
5654,00 0.000
5656,00 0.000
5658,00 0.000
5660,00 0.000
5662,00 0.000
5664,00 0.000
5666,00 0.000
5668,00 0.000
5670,00 0.000
5672,00 0.000
5674,00 0.000
5676,00 0.000
5678,00 0.000
5680,00 0.000
5682,00 0.000
5684,00 0.000
5686,00 0.000
5688,00 0.000
5690,00 0.000
5692,00 0.000
5694,00 0.000
5696,00 0.000
5698,00 0.000
5700,00 0.000
5702,00 0.000
5704,00 0.000
5706,00 0.000
5708,00 0.000
5710,00 0.000
5712,00 0.000
5714,00 0.000
5716,00 0.000
5718,00 0.000
5720,00 0.000
5722,00 0.000
5724,00 0.000
5726,00 0.000
5728,00 0.000
5730,00 0.000
5732,00 0.000
5734,00 0.000
5736,00 0.000
5738,00 0.000
5740,00 0.000
5742,00 0.000
5744,00 0.000
5746,00 0.000
5748,00 0.000
5750,00 0.000
5752,00 0.000
5754,00 0.000
5756,00 0.000
5758,00 0.000
5760,00 0.000
5762,00 0.000
5764,00 0.000
5766,00 0.000
5768,00 0.000
5770,00 0.000
5772,00 0.000
5774,00 0.000
5776,00 0.000
5778,00 0.000
5780,00 0.000
5782,00 0.000
5784,00 0.000
5786,00 0.000
5788,00 0.000
5790,00 0.000
5792,00 0.000
5794,00 0.000
5796,00 0.000
5798,00 0.000
5800,00 0.000
5802,00 0.000
5804,00 0.000
5806,00 0.000
5808,00 0.000
5810,00 0.000
5812,00 0.000
5814,00 0.000
5816,00 0.000
5818,00 0.000
5820,00 0.000
5822,00 0.000
5824,00 0.000
5826,00 0.000
5828,00 0.000
5830,00 0.000
5832,00 0.000
5834,00 0.000
5836,00 0.000
5838,00 0.000
5840,00 0.000
5842,00 0.000
5844,00 0.000
5846,00 0.000
5848,00 0.000
5850,00 0.000
5852,00 0.000
5854,00 0.000
5856,00 0.000
5858,00 0.000
5860,00 0.000
5862,00 0.000
5864,00 0.000
5866,00 0.000
5868,00 0.000
5870,00 0.000
5872,00 0.000
5874,00 0.000
5876,00 0.000
5878,00 0.000
5880,00 0.000
5882,00 0.000
5884,00 0.000
5886,00 0.000
5888,00 0.000
5890,00 0.000
5892,00 0.000
5894,00 0.000
5896,00 0.000
5898,00 0.000
5900,00 0.000
5902,00 0.000
5904,00 0.000
5906,00 0.000
5908,00 0.000
5910,00 0.000
5912,00 0.000
5914,00 0.000
5916,00 0.000
5918,00 0.000
5920,00 0.000
5922,00 0.000
5924,00 0.000
5926,00 0.000
5928,00 0.000
5930,00 0.000
5932,00 0.000
5934,00 0.000
5936,00 0.000
5938,00 0.000
5940,00 0.000
5942,00 0.000
5944,00 0.000
5946,00 0.000
5948,00 0.000
5950,00 0.000
5952,00 0.000
5954,00 0.000
5956,00 0.000
5958,00 0.000
5960,00 0.000
5962,00 0.000
5964,00 0.000
5966,00 0.000
5968,00 0.000
5970,00 0.000
5972,00 0.000
5974,00 0.000
5976,00 0.000
5978,00 0.000
5980,00 0.000
5982,00 0.000
5984,00 0.000
5986,00 0.000
5988,00 0.000
5990,00 0.000
5992,00 0.000
5994,00 0.000
5996,00 0.000
5998,00 0.000
6000,00 0.000
