E, keV	I, A
5,00272E+0	-3,25450E-12
5,01372E+0	7,81200E-13
5,02471E+0	-1,66060E-12
5,03571E+0	-1,66200E-12
5,04670E+0	4,14230E-12
5,05770E+0	-4,50500E-13
5,06869E+0	3,71240E-12
5,07969E+0	1,21240E-12
5,09068E+0	6,00700E-13
5,10168E+0	1,42430E-12
5,11268E+0	-1,58520E-12
5,12367E+0	2,84020E-12
5,13466E+0	4,02950E-12
5,14566E+0	6,87670E-12
5,15665E+0	1,13030E-12
5,16765E+0	7,01000E-14
5,17864E+0	1,31900E-12
5,18964E+0	8,19800E-13
5,20064E+0	-2,07640E-12
5,21163E+0	5,16700E-13
5,22262E+0	7,69790E-12
5,23362E+0	4,11100E-13
5,24461E+0	1,86980E-12
5,25561E+0	6,76500E-12
5,26660E+0	5,19980E-12
5,27760E+0	3,63440E-12
5,28859E+0	6,98600E-12
5,29959E+0	2,55840E-12
5,31058E+0	5,13410E-12
5,32158E+0	2,08210E-12
5,33257E+0	5,69870E-12
5,34357E+0	4,19060E-12
5,35457E+0	1,67890E-12
5,36556E+0	2,30150E-12
5,37655E+0	6,74400E-12
5,38755E+0	3,45170E-12
5,39854E+0	3,37900E-12
5,40954E+0	8,44300E-13
5,42053E+0	7,93600E-13
5,43153E+0	5,28670E-12
5,44252E+0	9,78750E-12
5,45352E+0	4,58600E-13
5,46451E+0	1,01252E-11
5,47551E+0	2,53900E-13
5,48651E+0	3,22190E-12
5,49750E+0	-3,52000E-14
5,50849E+0	3,45990E-12
5,51949E+0	6,49560E-12
5,53048E+0	9,53670E-12
5,54148E+0	5,70840E-12
5,55247E+0	2,81310E-12
5,56347E+0	5,64430E-12
5,57447E+0	6,37160E-12
5,58546E+0	4,48230E-12
5,59645E+0	6,16000E-13
5,60745E+0	3,28470E-12
5,61845E+0	2,36930E-12
5,62944E+0	1,04168E-11
5,64043E+0	1,09012E-11
5,65143E+0	8,36990E-12
5,66242E+0	4,80970E-12
5,67342E+0	6,16660E-12
5,68441E+0	7,81270E-12
5,69541E+0	5,12210E-12
5,70641E+0	5,05370E-12
5,71740E+0	1,30776E-11
5,72839E+0	5,39020E-12
5,73939E+0	5,09440E-12
5,75038E+0	5,01300E-12
5,76138E+0	6,24030E-12
5,77237E+0	1,11975E-11
5,78337E+0	1,00355E-11
5,79436E+0	1,19584E-11
5,80536E+0	7,48730E-12
5,81635E+0	2,41510E-12
5,82735E+0	7,26270E-12
5,83834E+0	4,79670E-12
5,84934E+0	3,61910E-12
5,86034E+0	5,31850E-12
5,87133E+0	9,08620E-12
5,88232E+0	1,05204E-11
5,89332E+0	1,06435E-11
5,90431E+0	7,27730E-12
5,91531E+0	7,31420E-12
5,92630E+0	1,50461E-11
5,93730E+0	5,79740E-12
5,94829E+0	1,09911E-11
5,95929E+0	1,23584E-11
5,97028E+0	1,55469E-11
5,98128E+0	1,91359E-11
5,99227E+0	1,40884E-11
6,00327E+0	7,57040E-12
6,01426E+0	8,69200E-12
6,02526E+0	1,40475E-11
6,03625E+0	9,60750E-12
6,04725E+0	1,39366E-11
6,05824E+0	1,82765E-11
6,06924E+0	1,13245E-11
6,08024E+0	1,02610E-11
6,09123E+0	8,08140E-12
6,10222E+0	1,00861E-11
6,11322E+0	1,17420E-11
6,12421E+0	1,05104E-11
6,13521E+0	1,07200E-11
6,14620E+0	7,48220E-12
6,15720E+0	1,51841E-11
6,16819E+0	1,20164E-11
6,17919E+0	7,39860E-12
6,19018E+0	8,75790E-12
6,20118E+0	1,08732E-11
6,21218E+0	5,50080E-12
6,22317E+0	1,25751E-11
6,23416E+0	7,17590E-12
6,24516E+0	6,46010E-12
6,25615E+0	1,00006E-11
6,26715E+0	5,71190E-12
6,27814E+0	1,31201E-11
6,28914E+0	1,42403E-11
6,30014E+0	7,68230E-12
6,31113E+0	9,42170E-12
6,32212E+0	5,72030E-12
6,33312E+0	1,03323E-11
6,34411E+0	6,65000E-12
6,35511E+0	6,63540E-12
6,36610E+0	1,10843E-11
6,37710E+0	1,18250E-11
6,38809E+0	7,93910E-12
6,39909E+0	6,24810E-12
6,41008E+0	8,61810E-12
6,42108E+0	9,38060E-12
6,43207E+0	1,36340E-11
6,44307E+0	7,22720E-12
6,45406E+0	9,13620E-12
6,46506E+0	3,54000E-12
6,47605E+0	7,05980E-12
6,48705E+0	2,28930E-12
6,49804E+0	1,00704E-11
6,50904E+0	7,91810E-12
6,52003E+0	6,17720E-12
6,53103E+0	5,34000E-12
6,54202E+0	4,16630E-12
6,55302E+0	6,31170E-12
6,56401E+0	7,38660E-12
6,57501E+0	8,36050E-12
6,58601E+0	1,04605E-11
6,59700E+0	1,02374E-11
6,60799E+0	1,31984E-11
6,61899E+0	1,23872E-11
6,62998E+0	5,94020E-12
6,64098E+0	6,40770E-12
6,65197E+0	1,42866E-11
6,66297E+0	6,16810E-12
6,67396E+0	5,45350E-12
6,68496E+0	6,49280E-12
6,69595E+0	1,65285E-11
6,70695E+0	1,22381E-11
6,71795E+0	1,62158E-11
6,72894E+0	1,24574E-11
6,73993E+0	1,03038E-11
6,75093E+0	1,08113E-11
6,76192E+0	1,31651E-11
6,77292E+0	7,60070E-12
6,78391E+0	8,92910E-12
6,79491E+0	9,20630E-12
6,80591E+0	9,80180E-12
6,81690E+0	6,18700E-12
6,82789E+0	8,36300E-12
6,83889E+0	1,03237E-11
6,84988E+0	8,28190E-12
6,86088E+0	8,56830E-12
6,87187E+0	1,32224E-11
6,88287E+0	3,74690E-12
6,89386E+0	9,50550E-12
6,90486E+0	1,78246E-11
6,91585E+0	1,23944E-11
6,92685E+0	1,18755E-11
6,93784E+0	9,15870E-12
6,94884E+0	2,00727E-11
6,95983E+0	1,96361E-11
6,97083E+0	1,30777E-11
6,98182E+0	2,06120E-11
6,99282E+0	1,17266E-11
7,00381E+0	1,06627E-11
7,01481E+0	1,31034E-11
7,02580E+0	1,21456E-11
7,03680E+0	1,43447E-11
7,04779E+0	1,59265E-11
7,05879E+0	1,14980E-11
7,06978E+0	1,00247E-11
7,08078E+0	6,02400E-12
7,09177E+0	1,24188E-11
7,10277E+0	8,19300E-12
7,11376E+0	1,30093E-11
7,12476E+0	7,16960E-12
7,13575E+0	6,74430E-12
7,14675E+0	8,56660E-12
7,15774E+0	9,57670E-12
7,16874E+0	3,81580E-12
7,17973E+0	1,50946E-11
7,19073E+0	1,10559E-11
7,20172E+0	1,74382E-11
7,21272E+0	1,87579E-11
7,22371E+0	1,71148E-11
7,23471E+0	1,44287E-11
7,24570E+0	1,47263E-11
7,25670E+0	1,52411E-11
7,26769E+0	7,97580E-12
7,27869E+0	1,48316E-11
7,28968E+0	1,71897E-11
7,30068E+0	1,38815E-11
7,31168E+0	1,30686E-11
7,32267E+0	8,49500E-12
7,33366E+0	7,34570E-12
7,34466E+0	1,13256E-11
7,35565E+0	6,77740E-12
7,36665E+0	1,11203E-11
7,37764E+0	1,32170E-11
7,38864E+0	1,76156E-11
7,39963E+0	1,65220E-11
7,41063E+0	6,35750E-12
7,42162E+0	1,12820E-11
7,43262E+0	7,55040E-12
7,44361E+0	1,06425E-11
7,45461E+0	1,59123E-11
7,46560E+0	1,05524E-11
7,47660E+0	1,49584E-11
7,48759E+0	1,41876E-11
7,49859E+0	1,94939E-11
7,50958E+0	2,53990E-11
7,52058E+0	2,76040E-11
7,53157E+0	1,40590E-11
7,54257E+0	1,81990E-11
7,55356E+0	2,48480E-11
7,56456E+0	2,35390E-11
7,57555E+0	2,32440E-11
7,58655E+0	2,51000E-11
7,59754E+0	1,94974E-11
7,60854E+0	1,99068E-11
7,61953E+0	1,75497E-11
7,63053E+0	2,06711E-11
7,64152E+0	1,20961E-11
7,65252E+0	2,07420E-11
7,66351E+0	2,04175E-11
7,67451E+0	1,51895E-11
7,68551E+0	2,18110E-11
7,69650E+0	2,32720E-11
7,70749E+0	2,69180E-11
7,71849E+0	2,49580E-11
7,72948E+0	1,66684E-11
7,74048E+0	1,95127E-11
7,75147E+0	3,13840E-11
7,76247E+0	2,25090E-11
7,77346E+0	2,92850E-11
7,78446E+0	3,14020E-11
7,79545E+0	2,25720E-11
7,80645E+0	9,20570E-12
7,81745E+0	1,47884E-11
7,82844E+0	2,13350E-11
7,83943E+0	2,12410E-11
7,85043E+0	2,67670E-11
7,86142E+0	2,20320E-11
7,87242E+0	2,27920E-11
7,88341E+0	1,51650E-11
7,89441E+0	1,54090E-11
7,90541E+0	2,64600E-11
7,91640E+0	2,04170E-11
7,92739E+0	1,41206E-11
7,93839E+0	2,66190E-11
7,94938E+0	1,65433E-11
7,96038E+0	1,91407E-11
7,97137E+0	1,75635E-11
7,98237E+0	1,49013E-11
7,99336E+0	1,73601E-11
8,00436E+0	1,18910E-11
8,01535E+0	1,42397E-11
8,02635E+0	1,76381E-11
8,03734E+0	1,72120E-11
8,04834E+0	2,05854E-11
8,05933E+0	1,06130E-11
8,07033E+0	1,17780E-11
8,08132E+0	1,78300E-11
8,09232E+0	1,30348E-11
8,10332E+0	1,50199E-11
8,11431E+0	9,38060E-12
8,12530E+0	9,03400E-12
8,13630E+0	1,81370E-11
8,14729E+0	6,30280E-12
8,15829E+0	1,89533E-11
8,16928E+0	2,66330E-11
8,18028E+0	1,23620E-11
8,19127E+0	2,76420E-11
8,20227E+0	2,22050E-11
8,21326E+0	2,44740E-11
8,22426E+0	2,33440E-11
8,23526E+0	2,07440E-11
8,24625E+0	2,07810E-11
8,25724E+0	2,07300E-11
8,26824E+0	9,61250E-12
8,27923E+0	1,65856E-11
8,29023E+0	1,66247E-11
8,30122E+0	2,05390E-11
8,31222E+0	2,07043E-11
8,32321E+0	2,13990E-11
8,33421E+0	2,14550E-11
8,34520E+0	2,21150E-11
8,35620E+0	1,31360E-11
8,36720E+0	1,95588E-11
8,37819E+0	1,29270E-11
8,38918E+0	2,58020E-11
8,40018E+0	1,93077E-11
8,41118E+0	1,58436E-11
8,42217E+0	1,87602E-11
8,43316E+0	1,32367E-11
8,44416E+0	1,90835E-11
8,45515E+0	2,64250E-11
8,46615E+0	2,01730E-11
8,47715E+0	2,20860E-11
8,48814E+0	2,65600E-11
8,49913E+0	2,06700E-11
8,51013E+0	1,81744E-11
8,52112E+0	2,05100E-11
8,53212E+0	2,31100E-11
8,54311E+0	1,93974E-11
8,55411E+0	1,70303E-11
8,56510E+0	1,73080E-11
8,57610E+0	1,43610E-11
8,58709E+0	1,35857E-11
8,59809E+0	1,36716E-11
8,60909E+0	2,09220E-11
8,62008E+0	2,43770E-11
8,63107E+0	2,06550E-11
8,64207E+0	2,31990E-11
8,65306E+0	1,83119E-11
8,66406E+0	1,40594E-11
8,67505E+0	2,46150E-11
8,68605E+0	2,54810E-11
8,69704E+0	2,53540E-11
8,70804E+0	2,83960E-11
8,71903E+0	2,91730E-11
8,73003E+0	1,30798E-11
8,74102E+0	2,25690E-11
8,75202E+0	2,22620E-11
8,76301E+0	1,46868E-11
8,77401E+0	1,88447E-11
8,78500E+0	2,02921E-11
8,79600E+0	2,95160E-11
8,80699E+0	2,74090E-11
8,81799E+0	2,01960E-11
8,82898E+0	2,23270E-11
8,83998E+0	2,04189E-11
8,85098E+0	2,78590E-11
8,86197E+0	2,25290E-11
8,87296E+0	2,50440E-11
8,88396E+0	3,53780E-11
8,89495E+0	2,66520E-11
8,90595E+0	2,87260E-11
8,91694E+0	2,40010E-11
8,92794E+0	1,57012E-11
8,93894E+0	1,54463E-11
8,94993E+0	2,45620E-11
8,96092E+0	2,71700E-11
8,97192E+0	3,28260E-11
8,98291E+0	3,25840E-11
8,99391E+0	2,02510E-11
9,00490E+0	3,21560E-11
9,01590E+0	3,45490E-11
9,02689E+0	2,66450E-11
9,03789E+0	2,13090E-11
9,04889E+0	3,00760E-11
9,05988E+0	2,06000E-11
9,07087E+0	2,99410E-11
9,08187E+0	2,83240E-11
9,09286E+0	4,35750E-11
9,10386E+0	3,16040E-11
9,11485E+0	4,35670E-11
9,12585E+0	3,56150E-11
9,13684E+0	2,98780E-11
9,14784E+0	3,07960E-11
9,15883E+0	2,65510E-11
9,16983E+0	3,39710E-11
9,18082E+0	2,79150E-11
9,19182E+0	2,67270E-11
9,20281E+0	3,22890E-11
9,21381E+0	2,90460E-11
9,22480E+0	4,33170E-11
9,23580E+0	2,97330E-11
9,24679E+0	3,48550E-11
9,25779E+0	3,53420E-11
9,26878E+0	2,79390E-11
9,27978E+0	3,06090E-11
9,29077E+0	4,42970E-11
9,30177E+0	3,70180E-11
9,31277E+0	3,21930E-11
9,32376E+0	2,71510E-11
9,33475E+0	2,45880E-11
9,34575E+0	3,17920E-11
9,35674E+0	3,83360E-11
9,36774E+0	4,15300E-11
9,37873E+0	3,68060E-11
9,38973E+0	4,12550E-11
9,40072E+0	3,69910E-11
9,41172E+0	3,99460E-11
9,42272E+0	3,22740E-11
9,43371E+0	2,76550E-11
9,44470E+0	3,55890E-11
9,45570E+0	3,55680E-11
9,46669E+0	4,15140E-11
9,47769E+0	5,39610E-11
9,48869E+0	5,23290E-11
9,49968E+0	3,48850E-11
9,51067E+0	3,34810E-11
9,52167E+0	3,51400E-11
9,53266E+0	4,23430E-11
9,54366E+0	4,85260E-11
9,55465E+0	6,22540E-11
9,56565E+0	4,64030E-11
9,57665E+0	4,59450E-11
9,58764E+0	4,78660E-11
9,59863E+0	4,71460E-11
9,60963E+0	5,39510E-11
9,62062E+0	5,34220E-11
9,62210E+0	6,79450E-11
9,63076E+0	5,77860E-11
9,63942E+0	4,55800E-11
9,64808E+0	6,58260E-11
9,65674E+0	5,98510E-11
9,66540E+0	6,22390E-11
9,67406E+0	7,03970E-11
9,68272E+0	5,00790E-11
9,69138E+0	6,40210E-11
9,70004E+0	4,36990E-11
9,70870E+0	6,31430E-11
9,71737E+0	7,16070E-11
9,72603E+0	6,46090E-11
9,73469E+0	8,05610E-11
9,74335E+0	6,83880E-11
9,75201E+0	7,25990E-11
9,76067E+0	8,08300E-11
9,76933E+0	9,00570E-11
9,77799E+0	7,30940E-11
9,78665E+0	8,06660E-11
9,79531E+0	8,84140E-11
9,80397E+0	8,53530E-11
9,81263E+0	8,82520E-11
9,82130E+0	7,78660E-11
9,82996E+0	7,46500E-11
9,83862E+0	9,07350E-11
9,84728E+0	7,55550E-11
9,85594E+0	7,22260E-11
9,86460E+0	1,02555E-10
9,87326E+0	9,34650E-11
9,88192E+0	1,00114E-10
9,89058E+0	8,22690E-11
9,89924E+0	6,04650E-11
9,90790E+0	8,07650E-11
9,91656E+0	8,06970E-11
9,92522E+0	8,91010E-11
9,93389E+0	8,20870E-11
9,94255E+0	6,70900E-11
9,95121E+0	6,18650E-11
9,95987E+0	6,25370E-11
9,96853E+0	6,64600E-11
9,97719E+0	8,47220E-11
9,98585E+0	8,84140E-11
9,99451E+0	6,37850E-11
1,00032E+1	7,12310E-11
1,00118E+1	6,08820E-11
1,00205E+1	7,42530E-11
1,00292E+1	7,43040E-11
1,00378E+1	4,51150E-11
1,00465E+1	5,07220E-11
1,00551E+1	8,55660E-11
1,00638E+1	7,31850E-11
1,00725E+1	5,64130E-11
1,00811E+1	6,40780E-11
1,00898E+1	5,77940E-11
1,00984E+1	4,87760E-11
1,01071E+1	5,53740E-11
1,01158E+1	7,44580E-11
1,01244E+1	6,10920E-11
1,01331E+1	6,62280E-11
1,01417E+1	8,46160E-11
1,01504E+1	5,62880E-11
1,01591E+1	5,73730E-11
1,01677E+1	6,70780E-11
1,01764E+1	5,45970E-11
1,01850E+1	6,32940E-11
1,01937E+1	5,90120E-11
1,02024E+1	5,59700E-11
1,02110E+1	6,57450E-11
1,02197E+1	7,11720E-11
1,02284E+1	6,12790E-11
1,02370E+1	4,28470E-11
1,02457E+1	6,09240E-11
1,02543E+1	7,36700E-11
1,02630E+1	8,02260E-11
1,02717E+1	8,05290E-11
1,02803E+1	6,67100E-11
1,02890E+1	5,67020E-11
1,02976E+1	5,46890E-11
1,03063E+1	7,20400E-11
1,03150E+1	6,16090E-11
1,03236E+1	5,28730E-11
1,03323E+1	5,83890E-11
1,03409E+1	6,45640E-11
1,03496E+1	6,85460E-11
1,03583E+1	5,20860E-11
1,03669E+1	7,46790E-11
1,03756E+1	7,26730E-11
1,03842E+1	7,77560E-11
1,03929E+1	7,68920E-11
1,04016E+1	6,04450E-11
1,04102E+1	6,73420E-11
1,04189E+1	6,88880E-11
1,04276E+1	7,99680E-11
1,04362E+1	7,49050E-11
1,04449E+1	6,59300E-11
1,04535E+1	7,92430E-11
1,04622E+1	6,63340E-11
1,04709E+1	7,10710E-11
1,04795E+1	7,80210E-11
1,04882E+1	6,31000E-11
1,04968E+1	6,23220E-11
1,05055E+1	7,99450E-11
1,05142E+1	7,06610E-11
1,05228E+1	6,70310E-11
1,05315E+1	7,02720E-11
1,05401E+1	8,14860E-11
1,05488E+1	8,27670E-11
1,05575E+1	7,22770E-11
1,05661E+1	7,05740E-11
1,05748E+1	5,85110E-11
1,05834E+1	7,95410E-11
1,05921E+1	8,69250E-11
1,06008E+1	8,73260E-11
1,06094E+1	8,55810E-11
1,06181E+1	8,53480E-11
1,06267E+1	7,83940E-11
1,06354E+1	7,62570E-11
1,06441E+1	8,59380E-11
1,06527E+1	6,84510E-11
1,06614E+1	7,03750E-11
1,06701E+1	7,09660E-11
1,06787E+1	7,81650E-11
1,06874E+1	9,18140E-11
1,06960E+1	8,11940E-11
1,07047E+1	9,08840E-11
1,07134E+1	7,69740E-11
1,07220E+1	9,63600E-11
1,07307E+1	9,04970E-11
1,07393E+1	6,48940E-11
1,07480E+1	7,54270E-11
1,07567E+1	6,55670E-11
1,07653E+1	8,96390E-11
1,07740E+1	9,18210E-11
1,07826E+1	6,62690E-11
1,07913E+1	7,54270E-11
1,08000E+1	8,71660E-11
1,08086E+1	7,75470E-11
1,08173E+1	8,81270E-11
1,08259E+1	7,11760E-11
1,08346E+1	8,38990E-11
1,08433E+1	8,01430E-11
1,08519E+1	7,66180E-11
1,08606E+1	7,97600E-11
1,08693E+1	1,10511E-10
1,08779E+1	8,54760E-11
1,08866E+1	8,37360E-11
1,08952E+1	9,25300E-11
1,09039E+1	8,02260E-11
1,09126E+1	8,75030E-11
1,09212E+1	8,87590E-11
1,09299E+1	9,06820E-11
1,09385E+1	8,55380E-11
1,09472E+1	1,15358E-10
1,09559E+1	9,14890E-11
1,09645E+1	9,62210E-11
1,09732E+1	9,07080E-11
1,09818E+1	1,00324E-10
1,09905E+1	9,53090E-11
1,09992E+1	8,72710E-11
1,10078E+1	1,01422E-10
1,10165E+1	8,80080E-11
1,10251E+1	9,04550E-11
1,10338E+1	7,52300E-11
1,10425E+1	7,73280E-11
1,10511E+1	9,39120E-11
1,10598E+1	9,43320E-11
1,10684E+1	8,62620E-11
1,10771E+1	7,85930E-11
1,10858E+1	9,37340E-11
1,10944E+1	7,91880E-11
1,11031E+1	9,29920E-11
1,11118E+1	9,32990E-11
1,11204E+1	9,66520E-11
1,11291E+1	8,52070E-11
1,11377E+1	9,49190E-11
1,11464E+1	7,84210E-11
1,11551E+1	8,85900E-11
1,11637E+1	8,18990E-11
1,11724E+1	8,88750E-11
1,11810E+1	1,05167E-10
1,11897E+1	9,44610E-11
1,11984E+1	1,09348E-10
1,12070E+1	9,12130E-11
1,12157E+1	8,34310E-11
1,12243E+1	9,08900E-11
1,12330E+1	9,23000E-11
1,12417E+1	7,54570E-11
1,12503E+1	1,01987E-10
1,12590E+1	9,69430E-11
1,12676E+1	9,40180E-11
1,12763E+1	1,00510E-10
1,12850E+1	1,36883E-10
1,12936E+1	1,05660E-10
1,13023E+1	9,21910E-11
1,13110E+1	9,77790E-11
1,13196E+1	1,12489E-10
1,13283E+1	1,12969E-10
1,13369E+1	1,10916E-10
1,13456E+1	1,28161E-10
1,13543E+1	1,05957E-10
1,13629E+1	9,49760E-11
1,13716E+1	1,04666E-10
1,13802E+1	1,10474E-10
1,13889E+1	1,04509E-10
1,13976E+1	1,05157E-10
1,14062E+1	9,89070E-11
1,14149E+1	1,00744E-10
1,14235E+1	1,07787E-10
1,14322E+1	1,25698E-10
1,14409E+1	1,00799E-10
1,14495E+1	1,11846E-10
1,14582E+1	1,14735E-10
1,14668E+1	1,27713E-10
1,14755E+1	9,65720E-11
1,14842E+1	1,14753E-10
1,14928E+1	1,39961E-10
1,15015E+1	1,24057E-10
1,15101E+1	1,18067E-10
1,15188E+1	1,25877E-10
1,15275E+1	1,24622E-10
1,15361E+1	1,09992E-10
1,15448E+1	1,31786E-10
1,15535E+1	1,34505E-10
1,15621E+1	1,13293E-10
1,15708E+1	1,40826E-10
1,15794E+1	1,37770E-10
1,15881E+1	1,15446E-10
1,15968E+1	1,23118E-10
1,16054E+1	1,30443E-10
1,16141E+1	1,16874E-10
1,16227E+1	1,41920E-10
1,16314E+1	1,17662E-10
1,16401E+1	1,26680E-10
1,16487E+1	1,33682E-10
1,16574E+1	1,51074E-10
1,16660E+1	1,28785E-10
1,16747E+1	1,18690E-10
1,16834E+1	1,19600E-10
1,16920E+1	1,18365E-10
1,17007E+1	1,54221E-10
1,17093E+1	1,50848E-10
1,17180E+1	1,42495E-10
1,17267E+1	1,30781E-10
1,17353E+1	1,14477E-10
1,17440E+1	1,41115E-10
1,17527E+1	1,54480E-10
1,17613E+1	1,50411E-10
1,17700E+1	1,41450E-10
1,17786E+1	1,46810E-10
1,17873E+1	1,31095E-10
1,17960E+1	1,62841E-10
1,18046E+1	1,56613E-10
1,18133E+1	1,44593E-10
1,18219E+1	1,28313E-10
1,18306E+1	1,66161E-10
1,18393E+1	1,43159E-10
1,18479E+1	1,22506E-10
1,18566E+1	1,31399E-10
1,18652E+1	1,54843E-10
1,18739E+1	1,46617E-10
1,18826E+1	1,50579E-10
1,18912E+1	1,40662E-10
1,18999E+1	1,49705E-10
1,19085E+1	1,47495E-10
1,19172E+1	1,80153E-10
1,19259E+1	1,35930E-10
1,19345E+1	1,07492E-10
1,19432E+1	1,67443E-10
1,19519E+1	1,58758E-10
1,19605E+1	1,65679E-10
1,19692E+1	1,77180E-10
1,19778E+1	1,76293E-10
1,19865E+1	1,56853E-10
1,19952E+1	1,86710E-10
1,20038E+1	1,74099E-10
1,20125E+1	1,70048E-10
1,20211E+1	1,43717E-10
1,20298E+1	1,93652E-10
1,20385E+1	2,03022E-10
1,20471E+1	1,84033E-10
1,20558E+1	1,77803E-10
1,20644E+1	1,76822E-10
1,20731E+1	1,70526E-10
1,20818E+1	1,75548E-10
1,20904E+1	1,83071E-10
1,20991E+1	1,91303E-10
1,21077E+1	1,77876E-10
1,21164E+1	1,74186E-10
1,21251E+1	1,59583E-10
1,21337E+1	1,70353E-10
1,21424E+1	1,71463E-10
1,21510E+1	1,66933E-10
1,21597E+1	1,63764E-10
1,21684E+1	2,05370E-10
1,21770E+1	1,14100E-10
1,21857E+1	1,92301E-10
1,21944E+1	1,84953E-10
1,22030E+1	1,63232E-10
1,22117E+1	1,64084E-10
1,22203E+1	1,72248E-10
1,22290E+1	1,78048E-10
1,22377E+1	1,96246E-10
1,22463E+1	1,81058E-10
1,22550E+1	1,95622E-10
1,22636E+1	1,86407E-10
1,22723E+1	1,99665E-10
1,22810E+1	1,95720E-10
1,22896E+1	2,11680E-10
1,22983E+1	2,82110E-10
1,23069E+1	2,68350E-10
1,23156E+1	2,35160E-10
1,23243E+1	1,26303E-10
1,23329E+1	1,81017E-10
1,23416E+1	3,89770E-10
1,23502E+1	1,43414E-10
1,23589E+1	1,89791E-10
1,23676E+1	1,98016E-10
1,23762E+1	2,02877E-10
1,23849E+1	2,42550E-10
1,23936E+1	2,14960E-10
1,24022E+1	1,22434E-10
1,24109E+1	1,81546E-10
1,24195E+1	1,90135E-10
1,24282E+1	2,58160E-10
1,24369E+1	2,27690E-10
1,24455E+1	2,49470E-10
1,24542E+1	2,36740E-10
1,24628E+1	2,22170E-10
1,24715E+1	2,78940E-10
1,24802E+1	1,61638E-10
1,24888E+1	1,92374E-10
1,24975E+1	1,78505E-10
1,25061E+1	2,50460E-10
1,25148E+1	1,19576E-10
1,25235E+1	2,07091E-10
1,25321E+1	2,04938E-10
1,25408E+1	1,51290E-10
1,25494E+1	2,21700E-10
1,25581E+1	2,96690E-10
1,25668E+1	1,25258E-10
1,25754E+1	2,48480E-10
1,25841E+1	2,50600E-10
1,25927E+1	2,00990E-10
1,26014E+1	1,32958E-10
1,26101E+1	2,01580E-10
1,26187E+1	2,63860E-10
1,26274E+1	2,62490E-10
1,26361E+1	2,74510E-10
1,26447E+1	2,50050E-10
1,26534E+1	1,35528E-10
1,26620E+1	1,80340E-10
1,26707E+1	2,50630E-10
1,26794E+1	2,72320E-10
1,26880E+1	2,37590E-10
1,26967E+1	2,22310E-10
1,27053E+1	1,45034E-10
1,27140E+1	2,22550E-10
1,27227E+1	1,42881E-10
1,27313E+1	2,91680E-10
1,27400E+1	2,73380E-10
1,27486E+1	2,14890E-10
1,27573E+1	1,62623E-10
1,27660E+1	2,23430E-10
1,27746E+1	1,38916E-10
1,27833E+1	2,80880E-10
1,27919E+1	1,33786E-10
1,28006E+1	2,17540E-10
1,28093E+1	2,80140E-10
1,28179E+1	2,40960E-10
1,28266E+1	2,45260E-10
1,28353E+1	2,26420E-10
1,28439E+1	2,44310E-10
1,28526E+1	1,61471E-10
1,28612E+1	2,80230E-10
1,28699E+1	2,32260E-10
1,28786E+1	3,10900E-10
1,28872E+1	2,75220E-10
1,28959E+1	3,14140E-10
1,29045E+1	2,26350E-10
1,29132E+1	2,89090E-10
1,29219E+1	3,22760E-10
1,29305E+1	3,57210E-10
1,29392E+1	2,66630E-10
1,29478E+1	2,82830E-10
1,29565E+1	2,08600E-10
1,29652E+1	2,44930E-10
1,29738E+1	4,32210E-10
1,29825E+1	2,12120E-10
1,29911E+1	4,46600E-10
1,29998E+1	2,92650E-10
1,30085E+1	2,64620E-10
1,30171E+1	3,51960E-10
1,30258E+1	3,00890E-10
1,30344E+1	3,40380E-10
1,30431E+1	3,17880E-10
1,30518E+1	2,60150E-10
1,30604E+1	3,13990E-10
1,30691E+1	2,20620E-10
1,30778E+1	3,12080E-10
1,30864E+1	3,15560E-10
1,30951E+1	2,54230E-10
1,31037E+1	4,09910E-10
1,31124E+1	3,51450E-10
1,31211E+1	2,53470E-10
1,31297E+1	3,66780E-10
1,31384E+1	3,26810E-10
1,31470E+1	3,24250E-10
1,31557E+1	4,11810E-10
1,31644E+1	3,20710E-10
1,31730E+1	2,96320E-10
1,31817E+1	3,90430E-10
1,31903E+1	2,83640E-10
1,31990E+1	5,05050E-10
1,32077E+1	3,34740E-10
1,32163E+1	3,53570E-10
1,32250E+1	3,26770E-10
1,32336E+1	4,13460E-10
1,32423E+1	4,14750E-10
1,32510E+1	4,03950E-10
1,32596E+1	3,17130E-10
1,32683E+1	4,74340E-10
1,32770E+1	3,44910E-10
1,32856E+1	4,05310E-10
1,32943E+1	3,96610E-10
1,33029E+1	4,20670E-10
1,33116E+1	4,21820E-10
1,33203E+1	3,68660E-10
1,33289E+1	3,80090E-10
1,33376E+1	4,07420E-10
1,33462E+1	4,50050E-10
1,33549E+1	5,84820E-10
1,33636E+1	3,92570E-10
1,33722E+1	3,69160E-10
1,33809E+1	3,69940E-10
1,33895E+1	4,32950E-10
1,33982E+1	4,64950E-10
1,34069E+1	3,77590E-10
1,34155E+1	5,13830E-10
1,34242E+1	5,12020E-10
1,34328E+1	3,36520E-10
1,34415E+1	3,60050E-10
1,34502E+1	3,72970E-10
1,34588E+1	4,01920E-10
1,34675E+1	5,32140E-10
1,34761E+1	5,03850E-10
1,34848E+1	5,30700E-10
1,34935E+1	4,36640E-10
1,35021E+1	6,83270E-10
1,35108E+1	5,19360E-10
1,35195E+1	4,29600E-10
1,35281E+1	5,95140E-10
1,35368E+1	5,05280E-10
1,35454E+1	5,01480E-10
1,35541E+1	4,72330E-10
1,35628E+1	5,30400E-10
1,35714E+1	5,03020E-10
1,35801E+1	5,38500E-10
1,35887E+1	4,57220E-10
1,35974E+1	3,15080E-10
1,36061E+1	6,12540E-10
1,36147E+1	5,35090E-10
1,36234E+1	5,69170E-10
1,36320E+1	4,02690E-10
1,36407E+1	5,79500E-10
1,36494E+1	5,04680E-10
1,36580E+1	3,56260E-10
1,36667E+1	5,20050E-10
1,36753E+1	5,62650E-10
1,36840E+1	5,16990E-10
1,36927E+1	5,47990E-10
1,37013E+1	3,91590E-10
1,37100E+1	7,20020E-10
1,37187E+1	4,94120E-10
1,37273E+1	6,85760E-10
1,37360E+1	6,94240E-10
1,37446E+1	5,74700E-10
1,37533E+1	7,39190E-10
1,37620E+1	6,22190E-10
1,37706E+1	7,56330E-10
1,37793E+1	6,16540E-10
1,37879E+1	7,46480E-10
1,37966E+1	6,55020E-10
1,38053E+1	6,72990E-10
1,38139E+1	5,30660E-10
1,38226E+1	5,11770E-10
1,38312E+1	6,02100E-10
1,38399E+1	5,98240E-10
1,38486E+1	6,98120E-10
1,38572E+1	6,47250E-10
1,38659E+1	6,61840E-10
1,38745E+1	8,48420E-10
1,38832E+1	7,45530E-10
1,38919E+1	8,73290E-10
1,39005E+1	7,69800E-10
1,39092E+1	7,39130E-10
1,39179E+1	7,95040E-10
1,39265E+1	8,30360E-10
1,39352E+1	7,17820E-10
1,39438E+1	8,89380E-10
1,39525E+1	9,57430E-10
1,39612E+1	7,72450E-10
1,39698E+1	9,69730E-10
1,39785E+1	8,86320E-10
1,39871E+1	9,76710E-10
1,39958E+1	9,87390E-10
1,40045E+1	1,07810E-9
1,40131E+1	1,04636E-9
1,40218E+1	9,63960E-10
1,40304E+1	1,09043E-9
1,40391E+1	1,36377E-9
1,40478E+1	1,06475E-9
1,40564E+1	1,16501E-9
1,40651E+1	1,22308E-9
1,40737E+1	1,29040E-9
1,40824E+1	1,17707E-9
1,40911E+1	1,19291E-9
1,40997E+1	1,18425E-9
1,41084E+1	1,29450E-9
1,41170E+1	1,26461E-9
1,41257E+1	1,42457E-9
1,41344E+1	1,18656E-9
1,41430E+1	1,21097E-9
1,41517E+1	1,31394E-9
1,41604E+1	1,34849E-9
1,41690E+1	1,08539E-9
1,41777E+1	1,17248E-9
1,41863E+1	1,15032E-9
1,41950E+1	1,10007E-9
1,42037E+1	1,13482E-9
1,42123E+1	1,05618E-9
1,42210E+1	1,21379E-9
1,42296E+1	9,02180E-10
1,42383E+1	8,79880E-10
1,42470E+1	9,14050E-10
1,42556E+1	1,00295E-9
1,42643E+1	7,81130E-10
1,42729E+1	1,05167E-9
1,42816E+1	8,42550E-10
1,42903E+1	9,48730E-10
1,42989E+1	9,62040E-10
1,43076E+1	8,90370E-10
1,43162E+1	7,73740E-10
1,43249E+1	7,76990E-10
1,43336E+1	7,79520E-10
1,43422E+1	9,74910E-10
1,43509E+1	9,88760E-10
1,43596E+1	9,20540E-10
1,43682E+1	1,05547E-9
1,43769E+1	1,05538E-9
1,43855E+1	1,12943E-9
1,43942E+1	1,11655E-9
1,44029E+1	1,42686E-9
1,44115E+1	1,32842E-9
1,44202E+1	1,25355E-9
1,44288E+1	1,27119E-9
1,44375E+1	1,53101E-9
1,44462E+1	1,41425E-9
1,44548E+1	1,51834E-9
1,44635E+1	1,53522E-9
1,44721E+1	1,75890E-9
1,44808E+1	1,77590E-9
1,44895E+1	1,58920E-9
1,44981E+1	1,79710E-9
1,45068E+1	1,82520E-9
1,45154E+1	1,93910E-9
1,45241E+1	1,55830E-9
1,45328E+1	1,63356E-9
1,45414E+1	1,68674E-9
1,45501E+1	1,56167E-9
1,45587E+1	1,61830E-9
1,45674E+1	1,28180E-9
1,45761E+1	1,38265E-9
1,45847E+1	1,48465E-9
1,45934E+1	1,30257E-9
1,46021E+1	1,22815E-9
1,46107E+1	1,01152E-9
1,46194E+1	1,08884E-9
1,46280E+1	8,28330E-10
1,46367E+1	7,06270E-10
1,46454E+1	6,35300E-10
1,46540E+1	4,44380E-10
1,46627E+1	4,01690E-10
1,46713E+1	4,25980E-10
1,46800E+1	3,21880E-10
1,46887E+1	2,71570E-10
1,46973E+1	2,42720E-10
1,47060E+1	2,59840E-10
1,47146E+1	9,61950E-11
1,47233E+1	1,52864E-10
1,47320E+1	1,29233E-10
1,47406E+1	1,13104E-10
1,47493E+1	6,24940E-11
1,47579E+1	4,65050E-11
1,47666E+1	4,50800E-11
1,47753E+1	2,73270E-11
1,47839E+1	3,24880E-11
1,47926E+1	8,39840E-12
1,48013E+1	4,89580E-12
1,48099E+1	1,64730E-12
1,48186E+1	3,71820E-12
1,48272E+1	9,47000E-13
1,48359E+1	-1,59740E-12
1,48446E+1	-3,26020E-12
1,48532E+1	2,32440E-12
1,48619E+1	-3,24010E-12
1,48705E+1	2,74590E-12
1,48792E+1	-3,35040E-12
1,48879E+1	-4,53860E-12
1,48965E+1	-3,87980E-12
1,49052E+1	-4,78330E-12
1,49138E+1	-4,92150E-12
1,49225E+1	-1,05730E-12
1,49312E+1	5,03060E-12
1,49398E+1	-3,12680E-12
1,49485E+1	-1,25250E-12
1,49571E+1	5,70100E-13
1,49658E+1	-3,08700E-13
1,49745E+1	-4,30780E-12
1,49831E+1	-4,33710E-12
1,49918E+1	-4,64060E-12
1,50004E+1	-5,14310E-12
1,50091E+1	-3,87910E-12
1,50178E+1	-2,38820E-12
1,50264E+1	-3,78580E-12
1,50351E+1	-9,40400E-13
1,50438E+1	-1,41420E-12
1,50524E+1	-2,61800E-12
1,50611E+1	-1,76370E-12
1,50697E+1	-3,43360E-12
1,50784E+1	-4,76720E-12
1,50871E+1	-5,25680E-12
1,50957E+1	-4,95820E-12
1,51044E+1	-3,41470E-12
1,51130E+1	-1,86580E-12
1,51217E+1	-3,95860E-12
1,51304E+1	-5,86500E-13
1,51390E+1	-3,61400E-12
1,51477E+1	-5,12910E-12
1,51563E+1	1,30800E-13
1,51650E+1	-1,83330E-12
1,51737E+1	-4,65040E-12
1,51823E+1	-3,59230E-12
1,51910E+1	-1,92660E-12
1,51996E+1	-4,74480E-12
1,52083E+1	-2,67700E-12
1,52170E+1	-3,20960E-12
1,52256E+1	-1,95020E-12
1,52343E+1	-4,86350E-12
1,52430E+1	3,67840E-12
1,52516E+1	-2,56540E-12
1,52603E+1	-1,71830E-12
1,52689E+1	3,82420E-12
1,52776E+1	1,33460E-12
1,52863E+1	-1,14340E-12
1,52949E+1	2,65300E-13
1,53036E+1	9,54100E-13
1,53122E+1	-2,80970E-12
1,53209E+1	-3,74100E-12
1,53296E+1	-3,88350E-12
1,53382E+1	-4,01780E-12
1,53469E+1	-2,90420E-12
1,53555E+1	3,74370E-12
1,53642E+1	3,84390E-12
1,53729E+1	1,36010E-12
1,53815E+1	3,13850E-12
1,53902E+1	1,07464E-11
1,53988E+1	-1,32740E-12
1,54075E+1	-3,20410E-12
1,54162E+1	-4,36900E-12
1,54248E+1	3,56110E-12
1,54335E+1	-3,92370E-12
1,54421E+1	-4,77560E-12
1,54508E+1	-4,98410E-12
1,54595E+1	-4,53010E-12
1,54681E+1	-4,53510E-12
1,54768E+1	-3,75180E-12
1,54855E+1	-1,49850E-12
