E, keV	I, A
5,00272E+0	-2,70610E-12
5,01372E+0	-1,10540E-12
5,02471E+0	3,22320E-12
5,03571E+0	3,46100E-12
5,04670E+0	-1,97750E-12
5,05770E+0	-2,96000E-14
5,06869E+0	5,24420E-12
5,07969E+0	2,42350E-12
5,09068E+0	5,97550E-12
5,10168E+0	3,55630E-12
5,11268E+0	3,67390E-12
5,12367E+0	3,32880E-12
5,13466E+0	5,99280E-12
5,14566E+0	5,76260E-12
5,15665E+0	7,89460E-12
5,16765E+0	2,08040E-12
5,17864E+0	5,48900E-13
5,18964E+0	5,02950E-12
5,20064E+0	1,98630E-12
5,21163E+0	6,86900E-13
5,22262E+0	9,67000E-13
5,23362E+0	2,75640E-12
5,24461E+0	8,97380E-12
5,25561E+0	2,26150E-12
5,26660E+0	3,46600E-12
5,27760E+0	7,21000E-12
5,28859E+0	-8,12700E-13
5,29959E+0	3,97760E-12
5,31058E+0	5,92460E-12
5,32158E+0	4,06610E-12
5,33257E+0	4,01400E-13
5,34357E+0	4,70700E-12
5,35457E+0	4,76960E-12
5,36556E+0	1,02087E-11
5,37655E+0	2,90610E-12
5,38755E+0	4,92160E-12
5,39854E+0	-8,65000E-13
5,40954E+0	6,73100E-13
5,42053E+0	2,39050E-12
5,43153E+0	8,16870E-12
5,44252E+0	4,34550E-12
5,45352E+0	4,67150E-12
5,46451E+0	1,03266E-11
5,47551E+0	3,37700E-13
5,48651E+0	7,85260E-12
5,49750E+0	9,60260E-12
5,50849E+0	1,23130E-12
5,51949E+0	2,81420E-12
5,53048E+0	-4,95800E-13
5,54148E+0	7,08490E-12
5,55247E+0	1,31524E-11
5,56347E+0	4,07940E-12
5,57447E+0	1,15257E-11
5,58546E+0	1,09268E-11
5,59645E+0	1,01824E-11
5,60745E+0	7,79390E-12
5,61845E+0	2,74780E-12
5,62944E+0	7,03200E-13
5,64043E+0	3,69490E-12
5,65143E+0	3,30120E-12
5,66242E+0	1,24490E-12
5,67342E+0	5,61770E-12
5,68441E+0	6,04300E-12
5,69541E+0	1,02541E-11
5,70641E+0	3,66780E-12
5,71740E+0	2,57940E-12
5,72839E+0	9,17990E-12
5,73939E+0	1,15051E-11
5,75038E+0	4,42560E-12
5,76138E+0	3,10660E-12
5,77237E+0	3,57670E-12
5,78337E+0	6,68950E-12
5,79436E+0	3,90720E-12
5,80536E+0	8,43290E-12
5,81635E+0	4,89390E-12
5,82735E+0	4,10140E-12
5,83834E+0	4,25350E-12
5,84934E+0	6,82270E-12
5,86034E+0	1,02878E-11
5,87133E+0	4,49180E-12
5,88232E+0	5,28000E-13
5,89332E+0	9,66210E-12
5,90431E+0	2,09170E-12
5,91531E+0	2,21570E-12
5,92630E+0	-2,18000E-14
5,93730E+0	-2,29310E-12
5,94829E+0	8,96120E-12
5,95929E+0	5,78410E-12
5,97028E+0	1,37200E-12
5,98128E+0	1,11990E-11
5,99227E+0	5,42390E-12
6,00327E+0	4,64590E-12
6,01426E+0	7,40260E-12
6,02526E+0	-4,16700E-13
6,03625E+0	8,18780E-12
6,04725E+0	-5,97900E-13
6,05824E+0	2,78650E-12
6,06924E+0	1,60250E-12
6,08024E+0	8,99800E-13
6,09123E+0	1,20173E-11
6,10222E+0	7,51350E-12
6,11322E+0	5,68460E-12
6,12421E+0	5,76650E-12
6,13521E+0	7,93930E-12
6,14620E+0	2,85010E-12
6,15720E+0	7,76880E-12
6,16819E+0	5,82140E-12
6,17919E+0	7,95950E-12
6,19018E+0	9,16010E-12
6,20118E+0	1,20856E-11
6,21218E+0	7,50510E-12
6,22317E+0	1,91620E-12
6,23416E+0	5,96820E-12
6,24516E+0	1,06353E-11
6,25615E+0	5,19600E-12
6,26715E+0	4,71300E-12
6,27814E+0	2,23740E-12
6,28914E+0	2,88020E-12
6,30014E+0	4,12000E-12
6,31113E+0	1,47528E-11
6,32212E+0	5,45690E-12
6,33312E+0	8,93640E-12
6,34411E+0	8,96510E-12
6,35511E+0	1,07088E-11
6,36610E+0	6,78300E-12
6,37710E+0	1,04706E-11
6,38809E+0	4,88130E-12
6,39909E+0	1,31862E-11
6,41008E+0	9,31200E-12
6,42108E+0	1,35752E-11
6,43207E+0	8,36420E-12
6,44307E+0	9,64890E-12
6,45406E+0	6,05340E-12
6,46506E+0	9,57620E-12
6,47605E+0	8,73210E-12
6,48705E+0	6,31760E-12
6,49804E+0	5,52550E-12
6,50904E+0	8,30040E-12
6,52003E+0	9,08210E-12
6,53103E+0	1,14748E-11
6,54202E+0	7,32220E-12
6,55302E+0	1,40257E-11
6,56401E+0	1,16495E-11
6,57501E+0	2,95400E-12
6,58601E+0	7,56000E-12
6,59700E+0	1,02858E-11
6,60799E+0	1,50790E-11
6,61899E+0	1,65941E-11
6,62998E+0	1,32133E-11
6,64098E+0	8,52520E-12
6,65197E+0	9,43160E-12
6,66297E+0	1,85752E-11
6,67396E+0	1,35073E-11
6,68496E+0	8,27580E-12
6,69595E+0	1,50621E-11
6,70695E+0	1,03341E-11
6,71795E+0	1,07937E-11
6,72894E+0	8,58880E-12
6,73993E+0	9,56400E-12
6,75093E+0	6,38550E-12
6,76192E+0	1,77220E-11
6,77292E+0	6,59820E-12
6,78391E+0	1,70461E-11
6,79491E+0	1,33221E-11
6,80591E+0	6,11100E-12
6,81690E+0	6,11780E-12
6,82789E+0	1,79058E-11
6,83889E+0	1,50762E-11
6,84988E+0	1,12442E-11
6,86088E+0	6,59870E-12
6,87187E+0	1,58047E-11
6,88287E+0	1,40137E-11
6,89386E+0	1,37594E-11
6,90486E+0	8,53190E-12
6,91585E+0	1,36461E-11
6,92685E+0	1,56639E-11
6,93784E+0	1,48293E-11
6,94884E+0	1,38602E-11
6,95983E+0	1,38287E-11
6,97083E+0	9,24120E-12
6,98182E+0	1,10738E-11
6,99282E+0	1,14129E-11
7,00381E+0	1,60014E-11
7,01481E+0	2,09117E-11
7,02580E+0	1,08411E-11
7,03680E+0	1,00423E-11
7,04779E+0	1,09684E-11
7,05879E+0	2,11090E-11
7,06978E+0	2,41400E-11
7,08078E+0	9,19620E-12
7,09177E+0	2,05615E-11
7,10277E+0	1,96647E-11
7,11376E+0	1,38915E-11
7,12476E+0	1,03434E-11
7,13575E+0	3,07460E-11
7,14675E+0	2,02060E-11
7,15774E+0	1,09360E-11
7,16874E+0	1,98670E-11
7,17973E+0	1,09301E-11
7,19073E+0	1,44401E-11
7,20172E+0	1,35485E-11
7,21272E+0	1,41866E-11
7,22371E+0	1,60188E-11
7,23471E+0	1,78169E-11
7,24570E+0	1,20090E-11
7,25670E+0	1,64159E-11
7,26769E+0	1,26931E-11
7,27869E+0	2,06864E-11
7,28968E+0	1,67984E-11
7,30068E+0	1,86885E-11
7,31168E+0	1,20082E-11
7,32267E+0	4,32330E-12
7,33366E+0	1,85119E-11
7,34466E+0	1,58034E-11
7,35565E+0	1,44702E-11
7,36665E+0	2,24420E-11
7,37764E+0	1,61258E-11
7,38864E+0	1,14024E-11
7,39963E+0	1,03040E-11
7,41063E+0	2,07594E-11
7,42162E+0	1,70212E-11
7,43262E+0	1,93094E-11
7,44361E+0	1,27990E-11
7,45461E+0	1,68812E-11
7,46560E+0	1,60430E-11
7,47660E+0	1,08594E-11
7,48759E+0	1,87690E-11
7,49859E+0	1,67453E-11
7,50958E+0	1,19312E-11
7,52058E+0	1,96130E-11
7,53157E+0	1,62764E-11
7,54257E+0	1,50783E-11
7,55356E+0	1,81861E-11
7,56456E+0	2,03232E-11
7,57555E+0	1,98433E-11
7,58655E+0	1,93061E-11
7,59754E+0	1,79829E-11
7,60854E+0	1,92239E-11
7,61953E+0	2,04820E-11
7,63053E+0	2,01345E-11
7,64152E+0	2,63980E-11
7,65252E+0	2,57970E-11
7,66351E+0	3,70100E-11
7,67451E+0	3,01580E-11
7,68551E+0	2,03880E-11
7,69650E+0	2,49110E-11
7,70749E+0	1,66570E-11
7,71849E+0	2,06367E-11
7,72948E+0	1,51123E-11
7,74048E+0	1,39504E-11
7,75147E+0	2,86990E-11
7,76247E+0	2,58400E-11
7,77346E+0	2,25980E-11
7,78446E+0	2,14420E-11
7,79545E+0	2,04710E-11
7,80645E+0	2,14160E-11
7,81745E+0	1,72560E-11
7,82844E+0	2,55780E-11
7,83943E+0	2,08480E-11
7,85043E+0	1,97529E-11
7,86142E+0	1,71640E-11
7,87242E+0	1,82541E-11
7,88341E+0	1,52260E-11
7,89441E+0	1,51458E-11
7,90541E+0	1,40510E-11
7,91640E+0	1,90510E-11
7,92739E+0	2,63760E-11
7,93839E+0	2,65470E-11
7,94938E+0	2,08921E-11
7,96038E+0	1,15224E-11
7,97137E+0	1,24275E-11
7,98237E+0	1,29196E-11
7,99336E+0	2,46230E-11
8,00436E+0	1,21589E-11
8,01535E+0	2,10980E-11
8,02635E+0	2,65730E-11
8,03734E+0	2,28580E-11
8,04834E+0	2,00477E-11
8,05933E+0	2,02844E-11
8,07033E+0	2,40030E-11
8,08132E+0	3,57620E-11
8,09232E+0	3,09280E-11
8,10332E+0	2,87900E-11
8,11431E+0	2,45020E-11
8,12530E+0	2,29530E-11
8,13630E+0	2,62920E-11
8,14729E+0	2,64580E-11
8,15829E+0	2,06400E-11
8,16928E+0	2,17630E-11
8,18028E+0	2,55350E-11
8,19127E+0	2,67030E-11
8,20227E+0	2,79840E-11
8,21326E+0	3,72220E-11
8,22426E+0	2,52410E-11
8,23526E+0	2,69930E-11
8,24625E+0	2,17180E-11
8,25724E+0	3,02800E-11
8,26824E+0	2,13440E-11
8,27923E+0	2,60490E-11
8,29023E+0	2,87000E-11
8,30122E+0	2,64120E-11
8,31222E+0	3,43650E-11
8,32321E+0	2,44540E-11
8,33421E+0	2,94000E-11
8,34520E+0	3,47520E-11
8,35620E+0	3,81180E-11
8,36720E+0	3,22400E-11
8,37819E+0	2,89610E-11
8,38918E+0	2,68870E-11
8,40018E+0	2,95830E-11
8,41118E+0	3,55650E-11
8,42217E+0	3,93180E-11
8,43316E+0	2,67830E-11
8,44416E+0	3,16540E-11
8,45515E+0	3,38250E-11
8,46615E+0	2,85880E-11
8,47715E+0	3,71900E-11
8,48814E+0	4,60810E-11
8,49913E+0	4,12950E-11
8,51013E+0	2,71790E-11
8,52112E+0	2,44130E-11
8,53212E+0	3,56870E-11
8,54311E+0	3,78900E-11
8,55411E+0	3,48640E-11
8,56510E+0	3,15140E-11
8,57610E+0	3,95790E-11
8,58709E+0	3,75780E-11
8,59809E+0	3,77710E-11
8,60909E+0	3,89430E-11
8,62008E+0	3,65590E-11
8,63107E+0	3,72450E-11
8,64207E+0	3,52330E-11
8,65306E+0	4,54320E-11
8,66406E+0	3,19840E-11
8,67505E+0	3,76260E-11
8,68605E+0	4,19210E-11
8,69704E+0	3,78640E-11
8,70804E+0	4,23670E-11
8,71903E+0	3,52750E-11
8,73003E+0	3,80930E-11
8,74102E+0	3,68890E-11
8,75202E+0	3,81080E-11
8,76301E+0	3,27840E-11
8,77401E+0	4,11350E-11
8,78500E+0	4,77790E-11
8,79600E+0	3,23510E-11
8,80699E+0	5,08730E-11
8,81799E+0	4,01730E-11
8,82898E+0	3,59730E-11
8,83998E+0	4,21730E-11
8,85098E+0	4,30880E-11
8,86197E+0	3,04550E-11
8,87296E+0	3,84940E-11
8,88396E+0	3,58200E-11
8,89495E+0	3,61440E-11
8,90595E+0	3,64610E-11
8,91694E+0	4,90560E-11
8,92794E+0	4,80160E-11
8,93894E+0	5,17680E-11
8,94993E+0	4,52570E-11
8,96092E+0	4,10130E-11
8,97192E+0	4,07430E-11
8,98291E+0	4,50790E-11
8,99391E+0	4,68950E-11
9,00490E+0	4,93080E-11
9,01590E+0	3,22930E-11
9,02689E+0	2,93720E-11
9,03789E+0	4,08600E-11
9,04889E+0	3,70310E-11
9,05988E+0	4,29680E-11
9,07087E+0	4,39760E-11
9,08187E+0	3,66640E-11
9,09286E+0	4,38540E-11
9,10386E+0	4,25880E-11
9,11485E+0	4,30040E-11
9,12585E+0	3,31230E-11
9,13684E+0	3,90610E-11
9,14784E+0	3,19700E-11
9,15883E+0	4,01880E-11
9,16983E+0	3,85850E-11
9,18082E+0	3,90550E-11
9,19182E+0	2,80430E-11
9,20281E+0	2,96080E-11
9,21381E+0	2,57010E-11
9,22480E+0	3,17010E-11
9,23580E+0	3,50940E-11
9,24679E+0	3,64660E-11
9,25779E+0	3,09820E-11
9,26878E+0	3,85210E-11
9,27978E+0	3,28220E-11
9,29077E+0	4,84540E-11
9,30177E+0	3,74900E-11
9,31277E+0	4,22860E-11
9,32376E+0	3,87970E-11
9,33475E+0	3,35330E-11
9,34575E+0	3,71240E-11
9,35674E+0	4,30220E-11
9,36774E+0	3,98100E-11
9,37873E+0	3,50270E-11
9,38973E+0	4,03480E-11
9,40072E+0	3,48530E-11
9,41172E+0	4,30560E-11
9,42272E+0	4,20690E-11
9,43371E+0	5,09180E-11
9,44470E+0	3,74910E-11
9,45570E+0	3,89540E-11
9,46669E+0	4,41130E-11
9,47769E+0	2,81150E-11
9,48869E+0	3,58800E-11
9,49968E+0	4,06010E-11
9,51067E+0	2,68410E-11
9,52167E+0	4,04890E-11
9,53266E+0	3,49520E-11
9,54366E+0	3,39090E-11
9,55465E+0	3,88250E-11
9,56565E+0	3,78280E-11
9,57665E+0	3,24460E-11
9,58764E+0	4,83190E-11
9,59863E+0	3,63440E-11
9,60963E+0	3,31820E-11
9,62062E+0	3,88800E-11
9,62210E+0	2,92300E-11
9,63076E+0	4,00810E-11
9,63942E+0	5,32870E-11
9,64808E+0	5,55890E-11
9,65674E+0	4,41930E-11
9,66540E+0	3,77250E-11
9,67406E+0	4,04510E-11
9,68272E+0	4,04120E-11
9,69138E+0	3,71110E-11
9,70004E+0	3,78850E-11
9,70870E+0	4,15910E-11
9,71737E+0	4,08760E-11
9,72603E+0	4,30140E-11
9,73469E+0	4,13070E-11
9,74335E+0	4,65680E-11
9,75201E+0	4,75360E-11
9,76067E+0	3,60790E-11
9,76933E+0	3,29220E-11
9,77799E+0	5,13700E-11
9,78665E+0	4,70830E-11
9,79531E+0	4,28270E-11
9,80397E+0	4,37300E-11
9,81263E+0	4,47460E-11
9,82130E+0	4,34610E-11
9,82996E+0	3,82100E-11
9,83862E+0	5,00360E-11
9,84728E+0	4,45130E-11
9,85594E+0	4,40050E-11
9,86460E+0	3,90600E-11
9,87326E+0	4,14550E-11
9,88192E+0	4,13740E-11
9,89058E+0	3,51440E-11
9,89924E+0	3,38500E-11
9,90790E+0	4,57940E-11
9,91656E+0	5,29770E-11
9,92522E+0	4,33720E-11
9,93389E+0	4,38090E-11
9,94255E+0	4,56420E-11
9,95121E+0	4,42310E-11
9,95987E+0	4,31230E-11
9,96853E+0	5,37190E-11
9,97719E+0	5,68950E-11
9,98585E+0	4,19650E-11
9,99451E+0	5,40920E-11
1,00032E+1	5,54380E-11
1,00118E+1	4,78040E-11
1,00205E+1	3,75870E-11
1,00292E+1	6,14170E-11
1,00378E+1	6,23740E-11
1,00465E+1	5,06900E-11
1,00551E+1	4,69080E-11
1,00638E+1	4,78540E-11
1,00725E+1	4,35880E-11
1,00811E+1	3,92760E-11
1,00898E+1	4,32010E-11
1,00984E+1	5,23690E-11
1,01071E+1	4,26280E-11
1,01158E+1	4,34250E-11
1,01244E+1	4,91610E-11
1,01331E+1	4,01670E-11
1,01417E+1	4,64880E-11
1,01504E+1	4,53860E-11
1,01591E+1	5,12640E-11
1,01677E+1	3,67820E-11
1,01764E+1	4,23060E-11
1,01850E+1	3,46360E-11
1,01937E+1	4,92650E-11
1,02024E+1	5,38170E-11
1,02110E+1	5,42150E-11
1,02197E+1	4,55020E-11
1,02284E+1	3,63700E-11
1,02370E+1	4,62810E-11
1,02457E+1	5,63600E-11
1,02543E+1	4,96490E-11
1,02630E+1	6,83290E-11
1,02717E+1	4,99210E-11
1,02803E+1	4,35940E-11
1,02890E+1	4,73860E-11
1,02976E+1	4,38800E-11
1,03063E+1	4,33720E-11
1,03150E+1	4,80260E-11
1,03236E+1	4,83970E-11
1,03323E+1	4,91430E-11
1,03409E+1	4,93040E-11
1,03496E+1	4,24010E-11
1,03583E+1	3,87050E-11
1,03669E+1	4,70330E-11
1,03756E+1	5,91670E-11
1,03842E+1	4,71700E-11
1,03929E+1	4,39950E-11
1,04016E+1	4,47490E-11
1,04102E+1	4,65480E-11
1,04189E+1	6,93120E-11
1,04276E+1	5,11130E-11
1,04362E+1	5,51870E-11
1,04449E+1	4,94840E-11
1,04535E+1	4,94460E-11
1,04622E+1	4,94320E-11
1,04709E+1	5,82250E-11
1,04795E+1	5,06370E-11
1,04882E+1	6,52160E-11
1,04968E+1	5,21590E-11
1,05055E+1	6,29620E-11
1,05142E+1	4,98830E-11
1,05228E+1	4,39760E-11
1,05315E+1	5,06850E-11
1,05401E+1	4,52120E-11
1,05488E+1	4,62830E-11
1,05575E+1	5,79210E-11
1,05661E+1	6,00090E-11
1,05748E+1	6,57590E-11
1,05834E+1	5,55310E-11
1,05921E+1	4,27490E-11
1,06008E+1	4,93790E-11
1,06094E+1	3,50500E-11
1,06181E+1	5,53420E-11
1,06267E+1	6,46260E-11
1,06354E+1	5,58580E-11
1,06441E+1	6,88700E-11
1,06527E+1	6,07770E-11
1,06614E+1	6,24230E-11
1,06701E+1	5,72850E-11
1,06787E+1	3,62080E-11
1,06874E+1	5,39760E-11
1,06960E+1	5,78820E-11
1,07047E+1	5,50660E-11
1,07134E+1	7,27040E-11
1,07220E+1	5,80150E-11
1,07307E+1	4,40680E-11
1,07393E+1	6,13810E-11
1,07480E+1	5,67990E-11
1,07567E+1	7,47110E-11
1,07653E+1	5,85320E-11
1,07740E+1	5,05960E-11
1,07826E+1	5,33750E-11
1,07913E+1	7,88350E-11
1,08000E+1	6,48930E-11
1,08086E+1	6,23840E-11
1,08173E+1	4,68890E-11
1,08259E+1	5,89720E-11
1,08346E+1	4,09030E-11
1,08433E+1	5,10600E-11
1,08519E+1	6,05280E-11
1,08606E+1	5,22320E-11
1,08693E+1	6,47240E-11
1,08779E+1	5,52000E-11
1,08866E+1	7,31670E-11
1,08952E+1	6,57590E-11
1,09039E+1	6,67840E-11
1,09126E+1	6,71810E-11
1,09212E+1	5,05640E-11
1,09299E+1	5,22050E-11
1,09385E+1	5,32450E-11
1,09472E+1	6,84810E-11
1,09559E+1	7,65740E-11
1,09645E+1	7,05950E-11
1,09732E+1	4,37310E-11
1,09818E+1	5,98610E-11
1,09905E+1	5,69030E-11
1,09992E+1	6,24740E-11
1,10078E+1	5,83950E-11
1,10165E+1	5,14640E-11
1,10251E+1	7,47020E-11
1,10338E+1	5,73230E-11
1,10425E+1	5,68140E-11
1,10511E+1	6,14450E-11
1,10598E+1	6,19330E-11
1,10684E+1	5,16380E-11
1,10771E+1	5,55400E-11
1,10858E+1	5,94360E-11
1,10944E+1	5,28130E-11
1,11031E+1	6,98320E-11
1,11118E+1	7,07390E-11
1,11204E+1	6,61750E-11
1,11291E+1	5,65150E-11
1,11377E+1	6,23610E-11
1,11464E+1	6,92800E-11
1,11551E+1	7,01030E-11
1,11637E+1	5,99860E-11
1,11724E+1	8,89220E-11
1,11810E+1	6,98430E-11
1,11897E+1	7,05090E-11
1,11984E+1	6,29580E-11
1,12070E+1	6,52910E-11
1,12157E+1	8,57100E-11
1,12243E+1	6,39410E-11
1,12330E+1	6,19960E-11
1,12417E+1	6,22380E-11
1,12503E+1	8,11240E-11
1,12590E+1	6,78240E-11
1,12676E+1	7,07080E-11
1,12763E+1	6,90710E-11
1,12850E+1	7,45960E-11
1,12936E+1	6,90220E-11
1,13023E+1	6,42020E-11
1,13110E+1	7,21700E-11
1,13196E+1	7,91700E-11
1,13283E+1	7,68640E-11
1,13369E+1	7,66020E-11
1,13456E+1	8,88280E-11
1,13543E+1	7,87410E-11
1,13629E+1	7,20960E-11
1,13716E+1	7,23950E-11
1,13802E+1	7,25220E-11
1,13889E+1	8,69170E-11
1,13976E+1	1,10811E-10
1,14062E+1	9,29880E-11
1,14149E+1	7,02750E-11
1,14235E+1	9,03000E-11
1,14322E+1	7,97960E-11
1,14409E+1	6,25690E-11
1,14495E+1	8,56110E-11
1,14582E+1	7,15680E-11
1,14668E+1	8,02020E-11
1,14755E+1	6,99000E-11
1,14842E+1	7,98150E-11
1,14928E+1	7,43870E-11
1,15015E+1	7,61760E-11
1,15101E+1	1,10821E-10
1,15188E+1	1,02795E-10
1,15275E+1	7,50290E-11
1,15361E+1	6,95640E-11
1,15448E+1	7,97740E-11
1,15535E+1	9,06930E-11
1,15621E+1	8,62780E-11
1,15708E+1	7,83960E-11
1,15794E+1	8,16090E-11
1,15881E+1	8,92850E-11
1,15968E+1	8,15120E-11
1,16054E+1	8,18590E-11
1,16141E+1	8,26460E-11
1,16227E+1	9,54120E-11
1,16314E+1	8,74920E-11
1,16401E+1	9,61080E-11
1,16487E+1	9,10350E-11
1,16574E+1	8,25860E-11
1,16660E+1	9,28620E-11
1,16747E+1	1,02626E-10
1,16834E+1	8,25100E-11
1,16920E+1	9,84720E-11
1,17007E+1	1,09078E-10
1,17093E+1	8,60490E-11
1,17180E+1	9,71870E-11
1,17267E+1	9,82110E-11
1,17353E+1	8,65240E-11
1,17440E+1	7,94260E-11
1,17527E+1	9,68310E-11
1,17613E+1	7,70670E-11
1,17700E+1	8,78840E-11
1,17786E+1	1,05886E-10
1,17873E+1	9,85620E-11
1,17960E+1	8,36310E-11
1,18046E+1	9,27810E-11
1,18133E+1	9,60660E-11
1,18219E+1	1,06803E-10
1,18306E+1	8,32890E-11
1,18393E+1	8,19280E-11
1,18479E+1	1,09351E-10
1,18566E+1	1,09213E-10
1,18652E+1	9,92780E-11
1,18739E+1	1,00389E-10
1,18826E+1	1,14542E-10
1,18912E+1	1,17392E-10
1,18999E+1	1,06182E-10
1,19085E+1	1,03111E-10
1,19172E+1	9,48680E-11
1,19259E+1	1,09314E-10
1,19345E+1	1,20289E-10
1,19432E+1	1,19332E-10
1,19519E+1	1,15776E-10
1,19605E+1	1,19299E-10
1,19692E+1	1,21658E-10
1,19778E+1	1,16495E-10
1,19865E+1	1,12468E-10
1,19952E+1	8,96990E-11
1,20038E+1	1,04507E-10
1,20125E+1	1,07920E-10
1,20211E+1	1,20743E-10
1,20298E+1	1,01195E-10
1,20385E+1	1,12753E-10
1,20471E+1	1,05590E-10
1,20558E+1	9,70760E-11
1,20644E+1	9,41550E-11
1,20731E+1	1,17028E-10
1,20818E+1	1,23777E-10
1,20904E+1	1,06685E-10
1,20991E+1	1,10742E-10
1,21077E+1	1,01222E-10
1,21164E+1	1,30047E-10
1,21251E+1	1,10851E-10
1,21337E+1	1,33747E-10
1,21424E+1	1,39749E-10
1,21510E+1	1,27563E-10
1,21597E+1	1,29695E-10
1,21684E+1	1,31181E-10
1,21770E+1	1,31903E-10
1,21857E+1	1,43304E-10
1,21944E+1	1,27893E-10
1,22030E+1	1,41531E-10
1,22117E+1	1,31836E-10
1,22203E+1	1,34736E-10
1,22290E+1	1,15332E-10
1,22377E+1	9,94170E-11
1,22463E+1	1,25486E-10
1,22550E+1	1,29940E-10
1,22636E+1	1,40239E-10
1,22723E+1	1,28980E-10
1,22810E+1	1,22199E-10
1,22896E+1	1,40647E-10
1,22983E+1	1,33581E-10
1,23069E+1	1,17897E-10
1,23156E+1	1,62881E-10
1,23243E+1	1,39265E-10
1,23329E+1	1,29848E-10
1,23416E+1	1,23000E-10
1,23502E+1	1,34195E-10
1,23589E+1	1,45068E-10
1,23676E+1	1,34029E-10
1,23762E+1	1,42351E-10
1,23849E+1	1,48578E-10
1,23936E+1	1,34681E-10
1,24022E+1	1,50817E-10
1,24109E+1	1,83805E-10
1,24195E+1	1,39013E-10
1,24282E+1	1,40030E-10
1,24369E+1	1,25814E-10
1,24455E+1	1,26924E-10
1,24542E+1	1,45791E-10
1,24628E+1	1,51043E-10
1,24715E+1	1,41243E-10
1,24802E+1	1,35957E-10
1,24888E+1	1,45067E-10
1,24975E+1	1,54651E-10
1,25061E+1	1,46880E-10
1,25148E+1	1,83893E-10
1,25235E+1	1,78042E-10
1,25321E+1	1,49617E-10
1,25408E+1	1,47434E-10
1,25494E+1	1,55302E-10
1,25581E+1	1,59389E-10
1,25668E+1	1,60989E-10
1,25754E+1	1,49008E-10
1,25841E+1	1,55310E-10
1,25927E+1	1,70505E-10
1,26014E+1	1,69225E-10
1,26101E+1	1,61554E-10
1,26187E+1	1,74120E-10
1,26274E+1	1,77102E-10
1,26361E+1	1,59186E-10
1,26447E+1	2,00594E-10
1,26534E+1	1,65094E-10
1,26620E+1	1,58322E-10
1,26707E+1	1,61976E-10
1,26794E+1	1,66009E-10
1,26880E+1	1,58829E-10
1,26967E+1	1,94151E-10
1,27053E+1	1,86501E-10
1,27140E+1	1,83047E-10
1,27227E+1	1,94234E-10
1,27313E+1	1,78689E-10
1,27400E+1	2,09871E-10
1,27486E+1	1,95691E-10
1,27573E+1	2,08736E-10
1,27660E+1	1,92855E-10
1,27746E+1	2,25420E-10
1,27833E+1	2,30550E-10
1,27919E+1	1,21005E-10
1,28006E+1	2,01781E-10
1,28093E+1	2,08031E-10
1,28179E+1	2,70840E-10
1,28266E+1	2,04730E-10
1,28353E+1	2,84600E-10
1,28439E+1	2,21540E-10
1,28526E+1	2,42570E-10
1,28612E+1	2,11960E-10
1,28699E+1	1,17072E-10
1,28786E+1	1,64709E-10
1,28872E+1	2,09061E-10
1,28959E+1	1,81200E-10
1,29045E+1	1,29980E-10
1,29132E+1	1,82708E-10
1,29219E+1	3,02110E-10
1,29305E+1	1,29931E-10
1,29392E+1	2,79320E-10
1,29478E+1	2,61920E-10
1,29565E+1	2,25740E-10
1,29652E+1	2,16450E-10
1,29738E+1	2,70760E-10
1,29825E+1	2,15580E-10
1,29911E+1	1,35386E-10
1,29998E+1	2,51980E-10
1,30085E+1	3,59360E-10
1,30171E+1	2,37070E-10
1,30258E+1	2,50490E-10
1,30344E+1	2,30430E-10
1,30431E+1	2,53850E-10
1,30518E+1	3,00950E-10
1,30604E+1	2,20150E-10
1,30691E+1	2,95400E-10
1,30778E+1	2,97120E-10
1,30864E+1	2,63390E-10
1,30951E+1	2,41090E-10
1,31037E+1	2,80860E-10
1,31124E+1	2,85600E-10
1,31211E+1	2,77760E-10
1,31297E+1	4,28470E-10
1,31384E+1	2,71110E-10
1,31470E+1	2,47060E-10
1,31557E+1	3,33930E-10
1,31644E+1	2,19710E-10
1,31730E+1	3,14910E-10
1,31817E+1	3,38570E-10
1,31903E+1	2,68810E-10
1,31990E+1	3,07890E-10
1,32077E+1	3,21930E-10
1,32163E+1	3,51230E-10
1,32250E+1	2,65460E-10
1,32336E+1	2,96250E-10
1,32423E+1	2,42660E-10
1,32510E+1	3,64080E-10
1,32596E+1	3,03860E-10
1,32683E+1	3,80210E-10
1,32770E+1	3,57020E-10
1,32856E+1	3,93920E-10
1,32943E+1	3,77220E-10
1,33029E+1	3,91630E-10
1,33116E+1	3,32740E-10
1,33203E+1	5,35780E-10
1,33289E+1	4,81820E-10
1,33376E+1	5,16250E-10
1,33462E+1	3,64350E-10
1,33549E+1	4,88530E-10
1,33636E+1	5,05350E-10
1,33722E+1	5,31910E-10
1,33809E+1	4,67930E-10
1,33895E+1	4,90980E-10
1,33982E+1	4,61370E-10
1,34069E+1	5,86870E-10
1,34155E+1	5,06990E-10
1,34242E+1	5,08330E-10
1,34328E+1	5,88430E-10
1,34415E+1	5,68350E-10
1,34502E+1	5,32660E-10
1,34588E+1	6,04200E-10
1,34675E+1	5,48090E-10
1,34761E+1	5,82830E-10
1,34848E+1	5,08870E-10
1,34935E+1	6,11340E-10
1,35021E+1	5,43040E-10
1,35108E+1	5,94840E-10
1,35195E+1	5,63830E-10
1,35281E+1	4,75890E-10
1,35368E+1	3,95850E-10
1,35454E+1	4,23020E-10
1,35541E+1	4,97460E-10
1,35628E+1	5,81080E-10
1,35714E+1	5,88270E-10
1,35801E+1	3,99930E-10
1,35887E+1	6,38100E-10
1,35974E+1	4,14490E-10
1,36061E+1	4,22590E-10
1,36147E+1	3,65390E-10
1,36234E+1	4,92760E-10
1,36320E+1	3,23140E-10
1,36407E+1	4,83820E-10
1,36494E+1	4,50230E-10
1,36580E+1	4,25870E-10
1,36667E+1	5,23910E-10
1,36753E+1	5,31060E-10
1,36840E+1	5,23810E-10
1,36927E+1	3,61670E-10
1,37013E+1	3,76260E-10
1,37100E+1	3,42300E-10
1,37187E+1	3,65420E-10
1,37273E+1	5,66930E-10
1,37360E+1	3,48960E-10
1,37446E+1	3,22440E-10
1,37533E+1	3,60890E-10
1,37620E+1	3,96740E-10
1,37706E+1	2,74060E-10
1,37793E+1	3,85560E-10
1,37879E+1	2,49390E-10
1,37966E+1	3,40060E-10
1,38053E+1	3,53060E-10
1,38139E+1	4,39340E-10
1,38226E+1	3,94110E-10
1,38312E+1	4,46010E-10
1,38399E+1	3,66690E-10
1,38486E+1	3,59640E-10
1,38572E+1	3,81330E-10
1,38659E+1	4,00380E-10
1,38745E+1	3,57740E-10
1,38832E+1	3,73910E-10
1,38919E+1	3,84120E-10
1,39005E+1	4,15010E-10
1,39092E+1	4,07580E-10
1,39179E+1	3,90430E-10
1,39265E+1	3,67590E-10
1,39352E+1	3,56020E-10
1,39438E+1	2,82110E-10
1,39525E+1	4,55000E-10
1,39612E+1	2,94520E-10
1,39698E+1	4,10490E-10
1,39785E+1	3,51050E-10
1,39871E+1	3,51520E-10
1,39958E+1	2,81660E-10
1,40045E+1	3,03480E-10
1,40131E+1	4,11130E-10
1,40218E+1	3,60200E-10
1,40304E+1	3,89820E-10
1,40391E+1	3,61120E-10
1,40478E+1	4,46140E-10
1,40564E+1	3,24980E-10
1,40651E+1	4,91260E-10
1,40737E+1	4,76120E-10
1,40824E+1	3,88290E-10
1,40911E+1	4,92580E-10
1,40997E+1	5,96650E-10
1,41084E+1	5,85890E-10
1,41170E+1	5,43530E-10
1,41257E+1	6,04650E-10
1,41344E+1	6,84630E-10
1,41430E+1	7,28010E-10
1,41517E+1	6,31690E-10
1,41604E+1	7,28530E-10
1,41690E+1	5,13420E-10
1,41777E+1	7,70180E-10
1,41863E+1	6,71890E-10
1,41950E+1	7,38860E-10
1,42037E+1	7,77530E-10
1,42123E+1	7,11360E-10
1,42210E+1	5,56860E-10
1,42296E+1	6,17110E-10
1,42383E+1	6,68970E-10
1,42470E+1	6,50290E-10
1,42556E+1	5,56580E-10
1,42643E+1	5,56570E-10
1,42729E+1	6,03920E-10
1,42816E+1	5,30790E-10
1,42903E+1	4,46870E-10
1,42989E+1	4,23240E-10
1,43076E+1	6,01580E-10
1,43162E+1	4,81980E-10
1,43249E+1	4,79200E-10
1,43336E+1	4,11870E-10
1,43422E+1	4,03400E-10
1,43509E+1	3,35920E-10
1,43596E+1	4,94220E-10
1,43682E+1	4,55840E-10
1,43769E+1	3,64580E-10
1,43855E+1	3,44470E-10
1,43942E+1	4,59260E-10
1,44029E+1	3,36230E-10
1,44115E+1	2,98440E-10
1,44202E+1	3,49450E-10
1,44288E+1	3,30750E-10
1,44375E+1	4,18430E-10
1,44462E+1	2,52010E-10
1,44548E+1	3,63600E-10
1,44635E+1	3,69200E-10
1,44721E+1	2,89390E-10
1,44808E+1	3,37230E-10
1,44895E+1	3,74830E-10
1,44981E+1	3,35990E-10
1,45068E+1	2,11480E-10
1,45154E+1	3,01560E-10
1,45241E+1	2,63340E-10
1,45328E+1	3,89310E-10
1,45414E+1	2,01770E-10
1,45501E+1	2,42360E-10
1,45587E+1	2,22480E-10
1,45674E+1	2,38590E-10
1,45761E+1	2,81430E-10
1,45847E+1	1,16109E-10
1,45934E+1	1,81558E-10
1,46021E+1	1,86185E-10
1,46107E+1	1,89960E-10
1,46194E+1	1,58988E-10
1,46280E+1	1,48024E-10
1,46367E+1	1,18330E-10
1,46454E+1	1,35946E-10
1,46540E+1	1,06824E-10
1,46627E+1	1,14734E-10
1,46713E+1	1,02909E-10
1,46800E+1	9,60350E-11
1,46887E+1	7,31580E-11
1,46973E+1	5,72140E-11
1,47060E+1	6,14220E-11
1,47146E+1	4,57450E-11
1,47233E+1	5,06940E-11
1,47320E+1	4,96940E-11
1,47406E+1	3,74880E-11
1,47493E+1	2,50810E-11
1,47579E+1	2,74460E-11
1,47666E+1	2,82220E-11
1,47753E+1	2,56960E-11
1,47839E+1	1,52353E-11
1,47926E+1	1,49395E-11
1,48013E+1	6,72600E-12
1,48099E+1	3,02820E-12
1,48186E+1	1,03507E-11
1,48272E+1	4,38290E-12
1,48359E+1	6,23930E-12
1,48446E+1	8,01700E-13
1,48532E+1	3,11580E-12
1,48619E+1	-1,96030E-12
1,48705E+1	-1,64680E-12
1,48792E+1	-2,08400E-12
1,48879E+1	-4,17860E-12
1,48965E+1	-4,41830E-12
1,49052E+1	-3,31390E-12
1,49138E+1	-1,16280E-12
1,49225E+1	-1,94970E-12
1,49312E+1	-1,62570E-12
1,49398E+1	-2,68830E-12
1,49485E+1	-1,40950E-12
1,49571E+1	-3,02890E-12
1,49658E+1	-2,00690E-12
1,49745E+1	-4,19740E-12
1,49831E+1	-3,72110E-12
1,49918E+1	-4,30810E-12
1,50004E+1	-4,42510E-12
1,50091E+1	-5,16030E-12
1,50178E+1	2,06900E-13
1,50264E+1	-4,54750E-12
1,50351E+1	-4,92690E-12
1,50438E+1	-5,05590E-12
1,50524E+1	-4,19640E-12
1,50611E+1	-4,71510E-12
1,50697E+1	-3,26440E-12
1,50784E+1	-3,33940E-12
1,50871E+1	-3,58670E-12
1,50957E+1	-5,17620E-12
1,51044E+1	-4,02100E-13
1,51130E+1	-4,10410E-12
1,51217E+1	-4,23710E-12
1,51304E+1	-5,28750E-12
1,51390E+1	-4,94380E-12
1,51477E+1	-3,71200E-12
1,51563E+1	-4,51720E-12
1,51650E+1	-5,35560E-12
1,51737E+1	-4,77990E-12
1,51823E+1	-5,06300E-12
1,51910E+1	-3,71720E-12
1,51996E+1	-4,59190E-12
1,52083E+1	-5,38790E-12
1,52170E+1	-3,73220E-12
1,52256E+1	-4,21920E-12
1,52343E+1	-4,47490E-12
1,52430E+1	-3,15290E-12
1,52516E+1	-4,50780E-12
1,52603E+1	-5,35750E-12
1,52689E+1	-4,86090E-12
1,52776E+1	-2,70450E-12
1,52863E+1	-5,14140E-12
1,52949E+1	-5,10760E-12
1,53036E+1	-5,35320E-12
1,53122E+1	-5,50460E-12
1,53209E+1	-3,82520E-12
1,53296E+1	-4,78100E-12
1,53382E+1	-9,22000E-13
1,53469E+1	-4,52260E-12
1,53555E+1	-3,94410E-12
1,53642E+1	-5,31840E-12
1,53729E+1	-2,21730E-12
1,53815E+1	-5,05630E-12
1,53902E+1	-5,26850E-12
1,53988E+1	-4,94880E-12
1,54075E+1	-4,01770E-12
1,54162E+1	-4,86430E-12
1,54248E+1	-5,44460E-12
1,54335E+1	-3,77090E-12
1,54421E+1	-3,61690E-12
1,54508E+1	-3,98500E-12
1,54595E+1	-5,32480E-12
1,54681E+1	-5,51290E-12
1,54768E+1	-5,50090E-12
1,54855E+1	-1,49340E-12
