E, keV	I, A
5,00272E+0	-2,73580E-12
5,01372E+0	7,68920E-12
5,02471E+0	4,24270E-12
5,03571E+0	2,13220E-12
5,04670E+0	-2,38490E-12
5,05770E+0	3,77700E-13
5,06869E+0	-3,19100E-13
5,07969E+0	-2,58540E-12
5,09068E+0	6,21280E-12
5,10168E+0	5,04250E-12
5,11268E+0	2,02700E-12
5,12367E+0	-7,42800E-13
5,13466E+0	3,79080E-12
5,14566E+0	9,84900E-12
5,15665E+0	3,67670E-12
5,16765E+0	3,22150E-12
5,17864E+0	-3,41400E-13
5,18964E+0	3,62710E-12
5,20064E+0	2,86760E-12
5,21163E+0	8,00130E-12
5,22262E+0	6,27670E-12
5,23362E+0	3,14550E-12
5,24461E+0	6,98390E-12
5,25561E+0	5,97310E-12
5,26660E+0	1,51570E-12
5,27760E+0	-2,11400E-13
5,28859E+0	3,67670E-12
5,29959E+0	2,67180E-12
5,31058E+0	1,02958E-11
5,32158E+0	2,48870E-12
5,33257E+0	5,45410E-12
5,34357E+0	1,12000E-11
5,35457E+0	5,78230E-12
5,36556E+0	4,24660E-12
5,37655E+0	4,19520E-12
5,38755E+0	3,39670E-12
5,39854E+0	1,82390E-12
5,40954E+0	1,44760E-12
5,42053E+0	-4,05400E-13
5,43153E+0	5,51720E-12
5,44252E+0	4,71470E-12
5,45352E+0	3,52780E-12
5,46451E+0	1,00194E-11
5,47551E+0	8,39460E-12
5,48651E+0	7,18500E-12
5,49750E+0	5,19060E-12
5,50849E+0	2,15770E-12
5,51949E+0	2,35400E-12
5,53048E+0	1,07366E-11
5,54148E+0	7,78930E-12
5,55247E+0	2,16210E-12
5,56347E+0	1,41293E-11
5,57447E+0	5,67210E-12
5,58546E+0	5,11790E-12
5,59645E+0	4,28900E-12
5,60745E+0	7,62530E-12
5,61845E+0	8,87010E-12
5,62944E+0	3,62400E-13
5,64043E+0	1,17090E-12
5,65143E+0	6,03410E-12
5,66242E+0	9,52150E-12
5,67342E+0	8,18820E-12
5,68441E+0	8,35400E-12
5,69541E+0	4,80960E-12
5,70641E+0	4,69480E-12
5,71740E+0	7,61210E-12
5,72839E+0	9,51440E-12
5,73939E+0	8,32720E-12
5,75038E+0	8,93180E-12
5,76138E+0	3,32490E-12
5,77237E+0	6,55280E-12
5,78337E+0	6,82690E-12
5,79436E+0	1,15678E-11
5,80536E+0	6,55480E-12
5,81635E+0	1,15079E-11
5,82735E+0	1,42161E-11
5,83834E+0	8,84750E-12
5,84934E+0	5,25530E-12
5,86034E+0	6,82110E-12
5,87133E+0	1,25718E-11
5,88232E+0	1,31324E-11
5,89332E+0	6,28430E-12
5,90431E+0	1,19091E-11
5,91531E+0	1,18040E-11
5,92630E+0	1,61212E-11
5,93730E+0	1,47243E-11
5,94829E+0	1,43200E-11
5,95929E+0	8,82560E-12
5,97028E+0	1,90345E-11
5,98128E+0	1,44717E-11
5,99227E+0	1,45084E-11
6,00327E+0	5,64320E-12
6,01426E+0	1,49757E-11
6,02526E+0	1,06891E-11
6,03625E+0	8,38460E-12
6,04725E+0	1,08898E-11
6,05824E+0	1,48565E-11
6,06924E+0	8,58110E-12
6,08024E+0	1,18509E-11
6,09123E+0	8,49340E-12
6,10222E+0	1,31023E-11
6,11322E+0	6,39370E-12
6,12421E+0	2,29320E-11
6,13521E+0	8,52140E-12
6,14620E+0	1,61266E-11
6,15720E+0	1,35441E-11
6,16819E+0	1,25397E-11
6,17919E+0	1,27442E-11
6,19018E+0	1,16693E-11
6,20118E+0	1,06428E-11
6,21218E+0	1,42894E-11
6,22317E+0	1,23500E-11
6,23416E+0	3,31350E-12
6,24516E+0	9,29320E-12
6,25615E+0	1,27049E-11
6,26715E+0	1,70123E-11
6,27814E+0	1,47168E-11
6,28914E+0	1,04029E-11
6,30014E+0	1,19152E-11
6,31113E+0	5,23680E-12
6,32212E+0	1,71532E-11
6,33312E+0	1,40165E-11
6,34411E+0	1,64019E-11
6,35511E+0	1,28961E-11
6,36610E+0	5,29370E-12
6,37710E+0	7,72270E-12
6,38809E+0	3,67450E-12
6,39909E+0	6,02840E-12
6,41008E+0	1,64332E-11
6,42108E+0	7,83600E-12
6,43207E+0	6,04980E-12
6,44307E+0	1,17323E-11
6,45406E+0	1,46001E-11
6,46506E+0	5,09160E-12
6,47605E+0	1,15947E-11
6,48705E+0	1,03485E-11
6,49804E+0	1,71476E-11
6,50904E+0	9,91270E-12
6,52003E+0	7,31890E-12
6,53103E+0	6,78350E-12
6,54202E+0	8,28870E-12
6,55302E+0	1,13437E-11
6,56401E+0	1,22798E-11
6,57501E+0	4,27030E-12
6,58601E+0	2,08318E-11
6,59700E+0	8,20190E-12
6,60799E+0	1,30433E-11
6,61899E+0	1,13913E-11
6,62998E+0	1,00682E-11
6,64098E+0	1,53318E-11
6,65197E+0	1,16641E-11
6,66297E+0	9,41450E-12
6,67396E+0	9,37750E-12
6,68496E+0	9,72240E-12
6,69595E+0	7,68730E-12
6,70695E+0	2,03756E-11
6,71795E+0	8,51200E-12
6,72894E+0	1,60449E-11
6,73993E+0	7,36350E-12
6,75093E+0	1,02253E-11
6,76192E+0	5,17470E-12
6,77292E+0	1,05047E-11
6,78391E+0	1,47336E-11
6,79491E+0	1,10185E-11
6,80591E+0	1,91914E-11
6,81690E+0	1,09121E-11
6,82789E+0	9,15000E-12
6,83889E+0	1,62645E-11
6,84988E+0	1,26149E-11
6,86088E+0	1,76638E-11
6,87187E+0	9,40610E-12
6,88287E+0	4,11220E-12
6,89386E+0	3,96530E-12
6,90486E+0	4,99540E-12
6,91585E+0	1,70176E-11
6,92685E+0	6,21960E-12
6,93784E+0	7,23250E-12
6,94884E+0	1,50843E-11
6,95983E+0	1,75472E-11
6,97083E+0	1,86056E-11
6,98182E+0	1,49080E-11
6,99282E+0	1,44372E-11
7,00381E+0	1,49744E-11
7,01481E+0	1,98266E-11
7,02580E+0	1,97381E-11
7,03680E+0	1,55173E-11
7,04779E+0	1,64870E-11
7,05879E+0	2,03990E-11
7,06978E+0	1,62191E-11
7,08078E+0	2,08869E-11
7,09177E+0	8,44170E-12
7,10277E+0	5,70710E-12
7,11376E+0	9,90050E-12
7,12476E+0	1,08236E-11
7,13575E+0	1,50918E-11
7,14675E+0	1,81204E-11
7,15774E+0	1,40352E-11
7,16874E+0	1,57080E-11
7,17973E+0	9,89060E-12
7,19073E+0	2,03589E-11
7,20172E+0	1,69287E-11
7,21272E+0	9,65250E-12
7,22371E+0	1,43898E-11
7,23471E+0	9,14260E-12
7,24570E+0	1,92945E-11
7,25670E+0	1,58881E-11
7,26769E+0	1,15216E-11
7,27869E+0	1,42867E-11
7,28968E+0	1,95130E-11
7,30068E+0	2,32920E-11
7,31168E+0	1,25059E-11
7,32267E+0	1,90591E-11
7,33366E+0	1,39560E-11
7,34466E+0	2,01500E-11
7,35565E+0	1,40566E-11
7,36665E+0	1,67101E-11
7,37764E+0	1,63955E-11
7,38864E+0	3,02360E-11
7,39963E+0	2,90930E-11
7,41063E+0	2,23010E-11
7,42162E+0	2,46860E-11
7,43262E+0	2,50690E-11
7,44361E+0	3,27620E-11
7,45461E+0	2,64700E-11
7,46560E+0	2,91630E-11
7,47660E+0	3,37640E-11
7,48759E+0	2,36750E-11
7,49859E+0	2,55700E-11
7,50958E+0	2,89490E-11
7,52058E+0	2,78060E-11
7,53157E+0	2,52770E-11
7,54257E+0	2,07080E-11
7,55356E+0	2,42590E-11
7,56456E+0	2,48530E-11
7,57555E+0	2,92900E-11
7,58655E+0	2,66350E-11
7,59754E+0	3,94350E-11
7,60854E+0	2,76910E-11
7,61953E+0	2,75550E-11
7,63053E+0	2,72210E-11
7,64152E+0	2,21320E-11
7,65252E+0	2,60250E-11
7,66351E+0	2,30410E-11
7,67451E+0	2,28920E-11
7,68551E+0	2,52600E-11
7,69650E+0	2,32350E-11
7,70749E+0	3,13770E-11
7,71849E+0	2,56280E-11
7,72948E+0	2,31630E-11
7,74048E+0	3,02820E-11
7,75147E+0	1,63334E-11
7,76247E+0	2,08147E-11
7,77346E+0	2,73600E-11
7,78446E+0	2,60300E-11
7,79545E+0	2,04690E-11
7,80645E+0	2,34650E-11
7,81745E+0	3,52590E-11
7,82844E+0	2,41200E-11
7,83943E+0	3,12020E-11
7,85043E+0	3,38120E-11
7,86142E+0	2,42650E-11
7,87242E+0	2,57580E-11
7,88341E+0	2,42040E-11
7,89441E+0	2,34970E-11
7,90541E+0	3,65060E-11
7,91640E+0	3,80740E-11
7,92739E+0	1,36900E-11
7,93839E+0	2,80050E-11
7,94938E+0	1,68853E-11
7,96038E+0	2,15320E-11
7,97137E+0	2,53830E-11
7,98237E+0	3,04420E-11
7,99336E+0	2,68360E-11
8,00436E+0	2,99440E-11
8,01535E+0	2,44180E-11
8,02635E+0	2,35480E-11
8,03734E+0	2,80330E-11
8,04834E+0	2,30830E-11
8,05933E+0	1,57286E-11
8,07033E+0	1,15685E-11
8,08132E+0	1,59792E-11
8,09232E+0	1,86680E-11
8,10332E+0	2,04221E-11
8,11431E+0	1,63020E-11
8,12530E+0	2,95810E-11
8,13630E+0	2,85680E-11
8,14729E+0	2,33220E-11
8,15829E+0	1,41033E-11
8,16928E+0	3,34180E-11
8,18028E+0	2,34790E-11
8,19127E+0	1,81797E-11
8,20227E+0	2,02002E-11
8,21326E+0	3,34080E-11
8,22426E+0	2,51970E-11
8,23526E+0	2,08380E-11
8,24625E+0	2,22470E-11
8,25724E+0	3,09500E-11
8,26824E+0	1,91738E-11
8,27923E+0	1,28799E-11
8,29023E+0	2,76430E-11
8,30122E+0	2,24200E-11
8,31222E+0	2,28600E-11
8,32321E+0	2,64720E-11
8,33421E+0	2,32360E-11
8,34520E+0	2,07340E-11
8,35620E+0	2,16320E-11
8,36720E+0	2,09370E-11
8,37819E+0	3,42380E-11
8,38918E+0	2,19340E-11
8,40018E+0	2,29190E-11
8,41118E+0	2,16910E-11
8,42217E+0	2,04110E-11
8,43316E+0	1,27191E-11
8,44416E+0	2,49940E-11
8,45515E+0	2,97700E-11
8,46615E+0	2,20680E-11
8,47715E+0	2,47770E-11
8,48814E+0	1,40859E-11
8,49913E+0	2,27350E-11
8,51013E+0	2,28770E-11
8,52112E+0	2,41690E-11
8,53212E+0	2,46830E-11
8,54311E+0	2,51290E-11
8,55411E+0	2,38650E-11
8,56510E+0	2,08370E-11
8,57610E+0	2,98920E-11
8,58709E+0	2,59430E-11
8,59809E+0	3,19940E-11
8,60909E+0	3,25150E-11
8,62008E+0	3,20880E-11
8,63107E+0	2,28640E-11
8,64207E+0	2,15650E-11
8,65306E+0	2,12020E-11
8,66406E+0	2,43090E-11
8,67505E+0	2,44520E-11
8,68605E+0	2,82310E-11
8,69704E+0	3,47840E-11
8,70804E+0	2,35270E-11
8,71903E+0	2,65790E-11
8,73003E+0	1,66450E-11
8,74102E+0	3,00460E-11
8,75202E+0	2,35500E-11
8,76301E+0	2,97120E-11
8,77401E+0	2,17690E-11
8,78500E+0	2,86760E-11
8,79600E+0	2,17930E-11
8,80699E+0	2,22410E-11
8,81799E+0	2,80440E-11
8,82898E+0	2,25100E-11
8,83998E+0	2,27050E-11
8,85098E+0	2,74230E-11
8,86197E+0	3,53870E-11
8,87296E+0	2,81580E-11
8,88396E+0	3,14920E-11
8,89495E+0	3,79770E-11
8,90595E+0	2,86760E-11
8,91694E+0	3,38660E-11
8,92794E+0	4,57090E-11
8,93894E+0	2,87120E-11
8,94993E+0	3,12330E-11
8,96092E+0	3,96960E-11
8,97192E+0	4,41120E-11
8,98291E+0	3,45950E-11
8,99391E+0	2,34660E-11
9,00490E+0	3,07030E-11
9,01590E+0	3,70220E-11
9,02689E+0	3,40400E-11
9,03789E+0	3,36070E-11
9,04889E+0	5,39470E-11
9,05988E+0	3,54940E-11
9,07087E+0	3,77590E-11
9,08187E+0	4,64520E-11
9,09286E+0	3,00300E-11
9,10386E+0	3,94370E-11
9,11485E+0	5,05870E-11
9,12585E+0	3,10750E-11
9,13684E+0	4,67710E-11
9,14784E+0	4,35500E-11
9,15883E+0	4,02880E-11
9,16983E+0	4,26090E-11
9,18082E+0	3,65330E-11
9,19182E+0	4,08200E-11
9,20281E+0	3,76750E-11
9,21381E+0	2,96940E-11
9,22480E+0	3,41670E-11
9,23580E+0	3,72910E-11
9,24679E+0	3,79410E-11
9,25779E+0	3,96830E-11
9,26878E+0	4,60360E-11
9,27978E+0	3,81270E-11
9,29077E+0	4,64920E-11
9,30177E+0	3,99560E-11
9,31277E+0	4,00580E-11
9,32376E+0	3,39900E-11
9,33475E+0	3,06490E-11
9,34575E+0	4,58880E-11
9,35674E+0	4,37930E-11
9,36774E+0	4,50340E-11
9,37873E+0	2,90190E-11
9,38973E+0	3,87080E-11
9,40072E+0	4,08710E-11
9,41172E+0	3,69490E-11
9,42272E+0	3,83730E-11
9,43371E+0	3,42470E-11
9,44470E+0	4,19530E-11
9,45570E+0	5,18530E-11
9,46669E+0	4,90930E-11
9,47769E+0	5,48600E-11
9,48869E+0	4,43010E-11
9,49968E+0	4,88700E-11
9,51067E+0	4,26930E-11
9,52167E+0	4,92330E-11
9,53266E+0	4,42300E-11
9,54366E+0	3,16770E-11
9,55465E+0	3,74880E-11
9,56565E+0	4,06950E-11
9,57665E+0	6,63690E-11
9,58764E+0	6,47520E-11
9,59863E+0	6,10980E-11
9,60963E+0	5,03360E-11
9,62062E+0	4,50020E-11
9,62210E+0	5,44650E-11
9,63076E+0	6,75540E-11
9,63942E+0	5,10900E-11
9,64808E+0	6,34630E-11
9,65674E+0	7,53020E-11
9,66540E+0	7,11750E-11
9,67406E+0	7,27240E-11
9,68272E+0	7,14870E-11
9,69138E+0	6,66620E-11
9,70004E+0	6,95170E-11
9,70870E+0	7,53820E-11
9,71737E+0	7,30450E-11
9,72603E+0	7,18000E-11
9,73469E+0	8,40450E-11
9,74335E+0	9,68450E-11
9,75201E+0	8,41610E-11
9,76067E+0	1,00243E-10
9,76933E+0	1,07268E-10
9,77799E+0	9,32050E-11
9,78665E+0	9,21270E-11
9,79531E+0	9,11610E-11
9,80397E+0	8,98780E-11
9,81263E+0	8,88240E-11
9,82130E+0	9,75180E-11
9,82996E+0	1,10816E-10
9,83862E+0	9,76810E-11
9,84728E+0	9,48060E-11
9,85594E+0	9,90800E-11
9,86460E+0	1,03357E-10
9,87326E+0	8,02080E-11
9,88192E+0	8,03840E-11
9,89058E+0	7,74850E-11
9,89924E+0	6,87100E-11
9,90790E+0	7,75180E-11
9,91656E+0	8,93960E-11
9,92522E+0	8,68840E-11
9,93389E+0	8,72710E-11
9,94255E+0	8,21980E-11
9,95121E+0	6,20850E-11
9,95987E+0	7,80470E-11
9,96853E+0	6,40500E-11
9,97719E+0	5,71740E-11
9,98585E+0	8,18490E-11
9,99451E+0	7,88720E-11
1,00032E+1	7,87320E-11
1,00118E+1	7,06620E-11
1,00205E+1	6,22110E-11
1,00292E+1	6,27050E-11
1,00378E+1	5,72430E-11
1,00465E+1	6,18540E-11
1,00551E+1	6,67190E-11
1,00638E+1	9,43690E-11
1,00725E+1	7,50310E-11
1,00811E+1	7,73540E-11
1,00898E+1	5,82370E-11
1,00984E+1	7,15640E-11
1,01071E+1	6,26390E-11
1,01158E+1	6,94840E-11
1,01244E+1	6,97720E-11
1,01331E+1	6,39890E-11
1,01417E+1	6,99500E-11
1,01504E+1	6,36130E-11
1,01591E+1	6,24290E-11
1,01677E+1	6,76270E-11
1,01764E+1	6,33250E-11
1,01850E+1	8,72180E-11
1,01937E+1	7,16320E-11
1,02024E+1	5,81230E-11
1,02110E+1	4,94610E-11
1,02197E+1	5,32150E-11
1,02284E+1	6,94560E-11
1,02370E+1	6,60660E-11
1,02457E+1	6,55480E-11
1,02543E+1	8,51340E-11
1,02630E+1	5,65090E-11
1,02717E+1	6,05190E-11
1,02803E+1	6,85570E-11
1,02890E+1	7,49700E-11
1,02976E+1	6,34620E-11
1,03063E+1	6,11940E-11
1,03150E+1	7,60810E-11
1,03236E+1	6,80830E-11
1,03323E+1	6,70900E-11
1,03409E+1	8,49660E-11
1,03496E+1	7,34880E-11
1,03583E+1	6,91550E-11
1,03669E+1	8,30920E-11
1,03756E+1	7,15060E-11
1,03842E+1	7,02390E-11
1,03929E+1	7,84230E-11
1,04016E+1	9,20460E-11
1,04102E+1	7,58000E-11
1,04189E+1	6,51640E-11
1,04276E+1	6,64870E-11
1,04362E+1	6,47550E-11
1,04449E+1	7,13740E-11
1,04535E+1	8,43960E-11
1,04622E+1	9,70910E-11
1,04709E+1	8,24660E-11
1,04795E+1	7,42700E-11
1,04882E+1	5,75770E-11
1,04968E+1	8,40230E-11
1,05055E+1	8,46440E-11
1,05142E+1	9,04660E-11
1,05228E+1	6,59090E-11
1,05315E+1	6,78660E-11
1,05401E+1	1,01672E-10
1,05488E+1	7,52090E-11
1,05575E+1	8,64010E-11
1,05661E+1	7,51750E-11
1,05748E+1	8,92920E-11
1,05834E+1	7,81020E-11
1,05921E+1	9,19100E-11
1,06008E+1	6,70420E-11
1,06094E+1	7,82690E-11
1,06181E+1	7,97000E-11
1,06267E+1	9,41380E-11
1,06354E+1	9,05040E-11
1,06441E+1	9,52430E-11
1,06527E+1	9,10080E-11
1,06614E+1	8,49650E-11
1,06701E+1	8,22550E-11
1,06787E+1	9,26130E-11
1,06874E+1	9,64340E-11
1,06960E+1	9,00270E-11
1,07047E+1	8,75540E-11
1,07134E+1	9,49170E-11
1,07220E+1	9,96200E-11
1,07307E+1	9,12410E-11
1,07393E+1	1,00807E-10
1,07480E+1	7,05060E-11
1,07567E+1	9,10040E-11
1,07653E+1	9,06230E-11
1,07740E+1	8,00490E-11
1,07826E+1	1,01959E-10
1,07913E+1	1,19526E-10
1,08000E+1	7,70300E-11
1,08086E+1	6,74950E-11
1,08173E+1	9,26180E-11
1,08259E+1	7,71290E-11
1,08346E+1	9,75940E-11
1,08433E+1	1,00922E-10
1,08519E+1	1,09491E-10
1,08606E+1	8,94150E-11
1,08693E+1	8,12050E-11
1,08779E+1	8,80040E-11
1,08866E+1	1,07519E-10
1,08952E+1	9,15300E-11
1,09039E+1	9,77840E-11
1,09126E+1	9,50350E-11
1,09212E+1	1,23740E-10
1,09299E+1	9,98390E-11
1,09385E+1	9,35300E-11
1,09472E+1	8,35510E-11
1,09559E+1	8,87090E-11
1,09645E+1	1,00200E-10
1,09732E+1	9,66880E-11
1,09818E+1	9,25790E-11
1,09905E+1	9,86650E-11
1,09992E+1	9,32230E-11
1,10078E+1	9,83090E-11
1,10165E+1	9,38500E-11
1,10251E+1	1,13868E-10
1,10338E+1	9,58720E-11
1,10425E+1	1,14018E-10
1,10511E+1	1,08362E-10
1,10598E+1	9,48730E-11
1,10684E+1	1,11085E-10
1,10771E+1	9,32340E-11
1,10858E+1	9,84720E-11
1,10944E+1	9,66390E-11
1,11031E+1	1,01162E-10
1,11118E+1	9,86280E-11
1,11204E+1	1,12899E-10
1,11291E+1	9,59900E-11
1,11377E+1	1,04328E-10
1,11464E+1	1,06745E-10
1,11551E+1	1,00850E-10
1,11637E+1	1,10917E-10
1,11724E+1	1,01090E-10
1,11810E+1	1,02114E-10
1,11897E+1	1,00678E-10
1,11984E+1	1,28791E-10
1,12070E+1	1,14461E-10
1,12157E+1	1,51608E-10
1,12243E+1	1,08254E-10
1,12330E+1	1,13365E-10
1,12417E+1	1,03985E-10
1,12503E+1	1,25191E-10
1,12590E+1	1,16546E-10
1,12676E+1	1,16397E-10
1,12763E+1	8,83370E-11
1,12850E+1	9,21270E-11
1,12936E+1	1,08248E-10
1,13023E+1	1,00612E-10
1,13110E+1	1,00582E-10
1,13196E+1	1,10274E-10
1,13283E+1	1,08210E-10
1,13369E+1	1,15367E-10
1,13456E+1	1,19136E-10
1,13543E+1	1,30680E-10
1,13629E+1	1,37504E-10
1,13716E+1	1,34590E-10
1,13802E+1	1,08016E-10
1,13889E+1	1,23778E-10
1,13976E+1	1,10565E-10
1,14062E+1	1,23224E-10
1,14149E+1	1,18914E-10
1,14235E+1	1,22925E-10
1,14322E+1	1,10497E-10
1,14409E+1	1,13763E-10
1,14495E+1	1,34304E-10
1,14582E+1	1,01218E-10
1,14668E+1	1,31476E-10
1,14755E+1	1,07461E-10
1,14842E+1	1,15356E-10
1,14928E+1	1,21128E-10
1,15015E+1	9,97900E-11
1,15101E+1	1,05261E-10
1,15188E+1	1,29111E-10
1,15275E+1	1,15330E-10
1,15361E+1	1,17887E-10
1,15448E+1	1,15381E-10
1,15535E+1	1,41635E-10
1,15621E+1	1,24153E-10
1,15708E+1	1,10174E-10
1,15794E+1	1,21443E-10
1,15881E+1	1,30834E-10
1,15968E+1	1,36121E-10
1,16054E+1	1,31833E-10
1,16141E+1	1,18018E-10
1,16227E+1	1,44055E-10
1,16314E+1	1,50120E-10
1,16401E+1	1,40080E-10
1,16487E+1	1,55538E-10
1,16574E+1	1,36864E-10
1,16660E+1	1,43143E-10
1,16747E+1	1,34821E-10
1,16834E+1	1,36968E-10
1,16920E+1	1,38443E-10
1,17007E+1	1,31483E-10
1,17093E+1	1,40007E-10
1,17180E+1	1,36961E-10
1,17267E+1	1,46109E-10
1,17353E+1	1,35859E-10
1,17440E+1	1,34433E-10
1,17527E+1	1,14432E-10
1,17613E+1	1,37108E-10
1,17700E+1	1,45388E-10
1,17786E+1	1,52575E-10
1,17873E+1	1,85488E-10
1,17960E+1	2,01475E-10
1,18046E+1	1,58608E-10
1,18133E+1	1,48110E-10
1,18219E+1	1,60140E-10
1,18306E+1	1,46345E-10
1,18393E+1	1,59406E-10
1,18479E+1	1,69877E-10
1,18566E+1	1,57015E-10
1,18652E+1	1,77227E-10
1,18739E+1	1,65541E-10
1,18826E+1	1,58684E-10
1,18912E+1	1,64622E-10
1,18999E+1	1,73048E-10
1,19085E+1	1,80342E-10
1,19172E+1	1,59871E-10
1,19259E+1	1,69198E-10
1,19345E+1	1,58577E-10
1,19432E+1	1,66395E-10
1,19519E+1	1,60838E-10
1,19605E+1	1,73518E-10
1,19692E+1	1,63879E-10
1,19778E+1	1,67177E-10
1,19865E+1	1,92895E-10
1,19952E+1	1,74204E-10
1,20038E+1	1,99441E-10
1,20125E+1	1,81941E-10
1,20211E+1	1,89495E-10
1,20298E+1	1,78908E-10
1,20385E+1	2,01834E-10
1,20471E+1	2,06233E-10
1,20558E+1	1,89308E-10
1,20644E+1	1,85935E-10
1,20731E+1	1,96002E-10
1,20818E+1	1,76777E-10
1,20904E+1	1,89017E-10
1,20991E+1	2,26690E-10
1,21077E+1	1,17509E-10
1,21164E+1	1,48753E-10
1,21251E+1	2,01045E-10
1,21337E+1	2,00248E-10
1,21424E+1	1,61023E-10
1,21510E+1	2,28820E-10
1,21597E+1	1,44312E-10
1,21684E+1	1,79339E-10
1,21770E+1	2,01526E-10
1,21857E+1	2,02400E-10
1,21944E+1	1,97662E-10
1,22030E+1	1,92186E-10
1,22117E+1	1,58933E-10
1,22203E+1	1,86260E-10
1,22290E+1	1,20053E-10
1,22377E+1	1,57673E-10
1,22463E+1	1,84641E-10
1,22550E+1	1,92932E-10
1,22636E+1	2,05460E-10
1,22723E+1	1,17976E-10
1,22810E+1	1,91003E-10
1,22896E+1	2,19570E-10
1,22983E+1	2,63830E-10
1,23069E+1	2,29970E-10
1,23156E+1	1,46746E-10
1,23243E+1	2,01292E-10
1,23329E+1	2,61210E-10
1,23416E+1	1,29554E-10
1,23502E+1	1,95422E-10
1,23589E+1	2,78130E-10
1,23676E+1	1,48180E-10
1,23762E+1	2,10420E-10
1,23849E+1	2,43230E-10
1,23936E+1	2,35870E-10
1,24022E+1	2,32360E-10
1,24109E+1	2,05350E-10
1,24195E+1	1,29350E-10
1,24282E+1	2,71640E-10
1,24369E+1	2,88400E-10
1,24455E+1	2,21670E-10
1,24542E+1	2,08420E-10
1,24628E+1	2,54130E-10
1,24715E+1	2,25750E-10
1,24802E+1	2,85810E-10
1,24888E+1	2,86000E-10
1,24975E+1	2,85720E-10
1,25061E+1	2,32910E-10
1,25148E+1	1,62254E-10
1,25235E+1	2,85720E-10
1,25321E+1	1,38955E-10
1,25408E+1	2,32500E-10
1,25494E+1	3,27450E-10
1,25581E+1	2,73690E-10
1,25668E+1	2,55770E-10
1,25754E+1	2,39980E-10
1,25841E+1	2,13710E-10
1,25927E+1	2,85070E-10
1,26014E+1	2,58570E-10
1,26101E+1	2,09990E-10
1,26187E+1	2,06140E-10
1,26274E+1	3,19350E-10
1,26361E+1	2,89520E-10
1,26447E+1	1,54265E-10
1,26534E+1	2,53740E-10
1,26620E+1	2,42970E-10
1,26707E+1	1,60647E-10
1,26794E+1	2,65410E-10
1,26880E+1	2,04510E-10
1,26967E+1	2,52150E-10
1,27053E+1	3,07940E-10
1,27140E+1	3,09240E-10
1,27227E+1	3,67910E-10
1,27313E+1	2,40620E-10
1,27400E+1	2,67470E-10
1,27486E+1	2,57820E-10
1,27573E+1	3,37650E-10
1,27660E+1	2,05520E-10
1,27746E+1	2,88420E-10
1,27833E+1	1,34914E-10
1,27919E+1	2,90910E-10
1,28006E+1	2,26700E-10
1,28093E+1	2,99320E-10
1,28179E+1	3,83840E-10
1,28266E+1	3,16780E-10
1,28353E+1	3,77100E-10
1,28439E+1	2,51870E-10
1,28526E+1	3,44960E-10
1,28612E+1	2,41000E-10
1,28699E+1	2,24750E-10
1,28786E+1	3,43200E-10
1,28872E+1	3,17240E-10
1,28959E+1	2,24330E-10
1,29045E+1	3,06110E-10
1,29132E+1	2,61370E-10
1,29219E+1	3,74660E-10
1,29305E+1	3,99160E-10
1,29392E+1	2,82690E-10
1,29478E+1	2,36390E-10
1,29565E+1	3,90010E-10
1,29652E+1	2,46660E-10
1,29738E+1	2,86420E-10
1,29825E+1	3,17860E-10
1,29911E+1	3,02370E-10
1,29998E+1	3,93100E-10
1,30085E+1	2,87800E-10
1,30171E+1	3,34310E-10
1,30258E+1	2,31800E-10
1,30344E+1	2,88340E-10
1,30431E+1	3,19900E-10
1,30518E+1	3,14320E-10
1,30604E+1	3,08200E-10
1,30691E+1	3,21570E-10
1,30778E+1	3,63960E-10
1,30864E+1	3,95230E-10
1,30951E+1	3,81400E-10
1,31037E+1	3,18250E-10
1,31124E+1	3,34660E-10
1,31211E+1	3,33390E-10
1,31297E+1	3,91670E-10
1,31384E+1	2,74010E-10
1,31470E+1	3,13420E-10
1,31557E+1	3,11790E-10
1,31644E+1	3,71530E-10
1,31730E+1	4,12310E-10
1,31817E+1	4,75770E-10
1,31903E+1	3,41000E-10
1,31990E+1	2,73060E-10
1,32077E+1	4,35050E-10
1,32163E+1	4,92910E-10
1,32250E+1	3,92660E-10
1,32336E+1	3,65430E-10
1,32423E+1	3,94950E-10
1,32510E+1	5,50750E-10
1,32596E+1	5,30100E-10
1,32683E+1	3,24820E-10
1,32770E+1	3,19140E-10
1,32856E+1	3,35670E-10
1,32943E+1	4,50670E-10
1,33029E+1	4,20180E-10
1,33116E+1	4,23960E-10
1,33203E+1	3,88730E-10
1,33289E+1	4,27250E-10
1,33376E+1	4,98520E-10
1,33462E+1	3,40230E-10
1,33549E+1	4,50940E-10
1,33636E+1	4,33760E-10
1,33722E+1	4,22450E-10
1,33809E+1	4,33950E-10
1,33895E+1	3,70930E-10
1,33982E+1	4,23610E-10
1,34069E+1	4,06440E-10
1,34155E+1	5,62920E-10
1,34242E+1	5,77450E-10
1,34328E+1	5,99070E-10
1,34415E+1	4,06900E-10
1,34502E+1	4,18350E-10
1,34588E+1	5,30230E-10
1,34675E+1	5,29790E-10
1,34761E+1	4,64740E-10
1,34848E+1	4,55720E-10
1,34935E+1	4,20340E-10
1,35021E+1	5,71840E-10
1,35108E+1	4,37630E-10
1,35195E+1	4,70200E-10
1,35281E+1	5,29070E-10
1,35368E+1	4,84950E-10
1,35454E+1	5,01090E-10
1,35541E+1	5,37670E-10
1,35628E+1	5,02880E-10
1,35714E+1	7,09390E-10
1,35801E+1	5,33370E-10
1,35887E+1	5,77680E-10
1,35974E+1	5,84780E-10
1,36061E+1	4,79860E-10
1,36147E+1	5,28650E-10
1,36234E+1	4,25040E-10
1,36320E+1	4,97650E-10
1,36407E+1	5,36560E-10
1,36494E+1	7,79150E-10
1,36580E+1	6,75310E-10
1,36667E+1	3,93030E-10
1,36753E+1	6,39270E-10
1,36840E+1	4,52800E-10
1,36927E+1	5,04310E-10
1,37013E+1	5,89840E-10
1,37100E+1	7,10900E-10
1,37187E+1	6,34440E-10
1,37273E+1	6,30050E-10
1,37360E+1	6,13090E-10
1,37446E+1	7,06290E-10
1,37533E+1	6,06210E-10
1,37620E+1	7,63220E-10
1,37706E+1	5,86280E-10
1,37793E+1	7,32800E-10
1,37879E+1	7,30610E-10
1,37966E+1	7,05980E-10
1,38053E+1	7,70370E-10
1,38139E+1	7,16440E-10
1,38226E+1	9,23100E-10
1,38312E+1	7,49800E-10
1,38399E+1	6,57590E-10
1,38486E+1	7,78710E-10
1,38572E+1	5,66580E-10
1,38659E+1	7,76940E-10
1,38745E+1	8,66080E-10
1,38832E+1	7,02270E-10
1,38919E+1	8,24520E-10
1,39005E+1	8,55210E-10
1,39092E+1	9,26590E-10
1,39179E+1	8,53250E-10
1,39265E+1	8,91480E-10
1,39352E+1	7,82030E-10
1,39438E+1	9,40290E-10
1,39525E+1	9,27030E-10
1,39612E+1	1,21169E-9
1,39698E+1	8,25240E-10
1,39785E+1	8,60870E-10
1,39871E+1	1,01881E-9
1,39958E+1	1,13000E-9
1,40045E+1	1,06073E-9
1,40131E+1	1,09074E-9
1,40218E+1	1,11522E-9
1,40304E+1	1,20994E-9
1,40391E+1	1,06572E-9
1,40478E+1	1,21287E-9
1,40564E+1	1,15615E-9
1,40651E+1	1,23791E-9
1,40737E+1	1,25166E-9
1,40824E+1	1,32685E-9
1,40911E+1	1,38284E-9
1,40997E+1	1,32042E-9
1,41084E+1	1,38054E-9
1,41170E+1	1,43765E-9
1,41257E+1	1,33997E-9
1,41344E+1	1,16148E-9
1,41430E+1	1,29975E-9
1,41517E+1	1,22712E-9
1,41604E+1	1,42460E-9
1,41690E+1	1,26016E-9
1,41777E+1	1,25384E-9
1,41863E+1	1,18866E-9
1,41950E+1	1,17010E-9
1,42037E+1	1,12943E-9
1,42123E+1	1,14037E-9
1,42210E+1	9,96470E-10
1,42296E+1	1,06234E-9
1,42383E+1	1,18839E-9
1,42470E+1	9,72310E-10
1,42556E+1	1,00101E-9
1,42643E+1	9,86790E-10
1,42729E+1	9,84910E-10
1,42816E+1	1,07858E-9
1,42903E+1	7,37960E-10
1,42989E+1	9,49730E-10
1,43076E+1	8,72410E-10
1,43162E+1	8,95620E-10
1,43249E+1	8,90350E-10
1,43336E+1	9,80650E-10
1,43422E+1	9,11700E-10
1,43509E+1	8,89310E-10
1,43596E+1	9,98500E-10
1,43682E+1	9,99120E-10
1,43769E+1	1,01967E-9
1,43855E+1	9,62550E-10
1,43942E+1	1,13147E-9
1,44029E+1	1,25406E-9
1,44115E+1	1,16230E-9
1,44202E+1	1,32893E-9
1,44288E+1	1,31555E-9
1,44375E+1	1,35187E-9
1,44462E+1	1,50312E-9
1,44548E+1	1,26560E-9
1,44635E+1	1,60563E-9
1,44721E+1	1,76534E-9
1,44808E+1	1,40960E-9
1,44895E+1	1,54876E-9
1,44981E+1	1,78080E-9
1,45068E+1	1,80910E-9
1,45154E+1	1,80063E-9
1,45241E+1	1,60611E-9
1,45328E+1	1,60260E-9
1,45414E+1	1,46900E-9
1,45501E+1	1,74135E-9
1,45587E+1	1,61587E-9
1,45674E+1	1,22952E-9
1,45761E+1	1,40560E-9
1,45847E+1	1,49240E-9
1,45934E+1	1,39537E-9
1,46021E+1	1,00616E-9
1,46107E+1	1,09008E-9
1,46194E+1	7,04630E-10
1,46280E+1	7,28010E-10
1,46367E+1	6,71610E-10
1,46454E+1	5,46950E-10
1,46540E+1	4,48300E-10
1,46627E+1	4,80890E-10
1,46713E+1	4,15400E-10
1,46800E+1	3,29410E-10
1,46887E+1	1,59751E-10
1,46973E+1	7,88400E-11
1,47060E+1	1,10743E-10
1,47146E+1	1,87564E-10
1,47233E+1	1,03090E-10
1,47320E+1	9,77050E-11
1,47406E+1	7,90420E-11
1,47493E+1	8,61870E-11
1,47579E+1	4,98770E-11
1,47666E+1	3,75120E-11
1,47753E+1	2,45310E-11
1,47839E+1	1,06428E-11
1,47926E+1	9,81230E-12
1,48013E+1	4,31330E-12
1,48099E+1	3,20350E-12
1,48186E+1	4,90410E-12
1,48272E+1	2,56100E-13
1,48359E+1	-3,16660E-12
1,48446E+1	8,56000E-13
1,48532E+1	3,43000E-13
1,48619E+1	3,29740E-12
1,48705E+1	-9,24800E-13
1,48792E+1	-8,24600E-13
1,48879E+1	-2,85060E-12
1,48965E+1	-4,51460E-12
1,49052E+1	-1,93710E-12
1,49138E+1	-3,92350E-12
1,49225E+1	-6,83500E-13
1,49312E+1	-3,23590E-12
1,49398E+1	-3,00390E-12
1,49485E+1	-4,56960E-12
1,49571E+1	-1,77320E-12
1,49658E+1	-2,14750E-12
1,49745E+1	-3,89850E-12
1,49831E+1	-3,14280E-12
1,49918E+1	-2,90540E-12
1,50004E+1	-2,27090E-12
1,50091E+1	-2,53010E-12
1,50178E+1	-3,08390E-12
1,50264E+1	-3,83940E-12
1,50351E+1	9,93700E-13
1,50438E+1	-4,16350E-12
1,50524E+1	-2,58620E-12
1,50611E+1	-3,76920E-12
1,50697E+1	2,68460E-12
1,50784E+1	-1,50410E-12
1,50871E+1	5,05500E-13
1,50957E+1	-1,07600E-12
1,51044E+1	-3,39850E-12
1,51130E+1	-1,12300E-13
1,51217E+1	-2,73640E-12
1,51304E+1	-4,04670E-12
1,51390E+1	-5,74500E-13
1,51477E+1	-4,48990E-12
1,51563E+1	5,50100E-13
1,51650E+1	-2,44710E-12
1,51737E+1	-1,93370E-12
1,51823E+1	-4,01630E-12
1,51910E+1	-4,32230E-12
1,51996E+1	-4,09300E-12
1,52083E+1	-4,36240E-12
1,52170E+1	-3,70730E-12
1,52256E+1	-3,86810E-12
1,52343E+1	-2,84130E-12
1,52430E+1	-3,90870E-12
1,52516E+1	-3,95220E-12
1,52603E+1	-2,07580E-12
1,52689E+1	-4,19100E-12
1,52776E+1	-4,61700E-12
1,52863E+1	-4,56500E-12
1,52949E+1	-1,60310E-12
1,53036E+1	-3,35200E-12
1,53122E+1	-1,35900E-13
1,53209E+1	2,05950E-12
1,53296E+1	-1,45430E-12
1,53382E+1	1,37460E-12
1,53469E+1	-1,89010E-12
1,53555E+1	-4,01990E-12
1,53642E+1	1,41240E-12
1,53729E+1	-4,24370E-12
1,53815E+1	-3,59320E-12
1,53902E+1	-3,93760E-12
1,53988E+1	6,51080E-12
1,54075E+1	2,74390E-12
1,54162E+1	8,40680E-12
1,54248E+1	-2,30060E-12
1,54335E+1	2,15700E-12
1,54421E+1	5,40490E-12
1,54508E+1	2,77540E-12
1,54595E+1	4,09300E-12
1,54681E+1	-3,17090E-12
1,54768E+1	-2,82780E-12
1,54855E+1	-1,65390E-12
