E, keV	I, A
0,00000E+0	4,01800E-13
1,09950E-2	-8,73300E-13
2,19900E-2	-5,68400E-13
3,29850E-2	-4,79700E-13
4,39800E-2	-1,43520E-12
5,49750E-2	3,07300E-13
6,59700E-2	-1,46480E-12
7,69650E-2	-9,46100E-13
8,79600E-2	9,33500E-13
9,89550E-2	-9,10600E-13
1,09950E-1	-1,28380E-12
1,20945E-1	-9,85600E-13
1,31940E-1	-1,15670E-12
1,42935E-1	-1,09200E-12
1,53930E-1	-8,44800E-13
1,64925E-1	4,08000E-14
1,75920E-1	4,83300E-13
1,86915E-1	-8,50200E-13
1,97910E-1	-9,14200E-13
2,08905E-1	-1,04300E-12
2,19900E-1	-4,22500E-13
2,30895E-1	-1,04120E-12
2,41890E-1	-1,09930E-12
2,52885E-1	-7,83100E-13
2,63880E-1	-2,16800E-13
2,74875E-1	1,97000E-14
2,85870E-1	1,75100E-13
2,96865E-1	-7,45900E-13
3,07860E-1	-1,03580E-12
3,18855E-1	-8,70800E-13
3,29850E-1	-1,14900E-12
3,40845E-1	-6,07400E-13
3,51840E-1	-1,35030E-12
3,62835E-1	-6,67400E-13
3,73830E-1	-1,09490E-12
3,84825E-1	-7,56300E-13
3,95820E-1	-4,70000E-13
4,06815E-1	-9,36700E-13
4,17810E-1	6,50000E-15
4,28805E-1	-6,08800E-13
4,39800E-1	-1,25500E-13
4,50795E-1	-1,08500E-13
4,61790E-1	-3,57800E-13
4,72785E-1	-4,96400E-13
4,83780E-1	3,52300E-13
4,94775E-1	-5,55100E-13
5,05770E-1	-7,67800E-13
5,16765E-1	-4,44500E-13
5,27760E-1	-7,92600E-13
5,38755E-1	-5,17000E-14
5,49750E-1	-9,14800E-13
5,60745E-1	-2,36000E-13
5,71740E-1	-6,86200E-13
5,82735E-1	-4,22800E-13
5,93730E-1	-1,46500E-13
6,04725E-1	-7,27300E-13
6,15720E-1	-3,51700E-13
6,26715E-1	2,95700E-13
6,37710E-1	-4,56300E-13
6,48705E-1	1,19000E-13
6,59700E-1	-1,58600E-13
6,70695E-1	-2,60900E-13
6,81690E-1	-1,04710E-12
6,92685E-1	-9,19800E-13
7,03680E-1	-8,16500E-13
7,14675E-1	1,10970E-12
7,25670E-1	-3,68600E-13
7,36665E-1	3,87800E-13
7,47660E-1	1,76100E-13
7,58655E-1	4,84700E-13
7,69650E-1	-1,41500E-13
7,80645E-1	-4,96100E-13
7,91640E-1	-3,05400E-13
8,02635E-1	-7,72900E-13
8,13630E-1	-1,12550E-12
8,24625E-1	-1,68840E-12
8,35620E-1	1,57800E-13
8,46615E-1	4,42700E-13
8,57610E-1	1,14380E-12
8,68605E-1	2,41000E-14
8,79600E-1	-6,48200E-13
8,90595E-1	-8,57500E-13
9,01590E-1	2,52000E-14
9,12585E-1	7,39700E-13
9,23580E-1	-3,59500E-13
9,34575E-1	3,97100E-13
9,45570E-1	2,56700E-13
9,56565E-1	-1,73800E-13
9,67560E-1	4,53600E-13
9,78555E-1	1,83740E-12
9,89550E-1	-7,38000E-13
1,00055E+0	1,31000E-13
1,01154E+0	8,37100E-13
1,02253E+0	5,39800E-13
1,03353E+0	-5,80600E-13
1,04452E+0	9,61000E-13
1,05552E+0	-1,42900E-13
1,06651E+0	-1,19300E-13
1,07751E+0	5,56000E-13
1,08850E+0	-5,52200E-13
1,09950E+0	-4,44000E-13
1,11050E+0	-7,02000E-14
1,12149E+0	-4,89900E-13
1,13248E+0	-7,21100E-13
1,14348E+0	-8,59300E-13
1,15447E+0	1,50980E-12
1,16547E+0	2,03400E-13
1,17647E+0	2,30810E-12
1,18746E+0	9,25300E-13
1,19846E+0	8,18000E-14
1,20945E+0	7,56700E-13
1,22045E+0	-8,60200E-13
1,23144E+0	-7,07600E-13
1,24243E+0	1,04200E-13
1,25343E+0	2,40200E-13
1,26442E+0	1,08070E-12
1,27542E+0	1,89800E-12
1,28641E+0	1,38920E-12
1,29741E+0	1,95020E-12
1,30840E+0	1,29270E-12
1,31940E+0	2,35600E-12
1,33039E+0	1,07420E-12
1,34139E+0	7,08500E-13
1,35238E+0	7,81000E-14
1,36338E+0	-1,00580E-12
1,37437E+0	-2,41400E-13
1,38537E+0	8,94000E-13
1,39636E+0	1,39090E-12
1,40736E+0	-1,72000E-14
1,41836E+0	-8,50000E-14
1,42935E+0	1,17800E-13
1,44034E+0	1,95890E-12
1,45134E+0	7,02000E-13
1,46233E+0	1,68720E-12
1,47333E+0	3,14390E-12
1,48432E+0	5,94300E-13
1,49532E+0	-8,76400E-13
1,50632E+0	-3,36500E-13
1,51731E+0	-2,51200E-13
1,52830E+0	2,32660E-12
1,53930E+0	7,93100E-13
1,55029E+0	2,06900E-13
1,56129E+0	1,06740E-12
1,57228E+0	1,20640E-12
1,58328E+0	1,29340E-12
1,59427E+0	6,37700E-13
1,60527E+0	9,72100E-13
1,61626E+0	1,35300E-13
1,62726E+0	-5,46600E-13
1,63825E+0	-6,65300E-13
1,64925E+0	-2,23500E-13
1,66024E+0	5,66000E-13
1,67124E+0	4,70800E-13
1,68223E+0	3,26700E-13
1,69323E+0	2,39700E-13
1,70422E+0	2,46090E-12
1,71522E+0	1,35450E-12
1,72622E+0	6,47000E-14
1,73721E+0	1,67520E-12
1,74821E+0	-4,31000E-14
1,75920E+0	-1,34900E-13
1,77019E+0	1,63860E-12
1,78119E+0	1,19720E-12
1,79218E+0	3,22550E-12
1,80318E+0	6,43700E-13
1,81417E+0	2,78060E-12
1,82517E+0	3,22370E-12
1,83616E+0	3,02100E-13
1,84716E+0	1,93490E-12
1,85815E+0	1,77790E-12
1,86915E+0	3,19910E-12
1,88014E+0	3,13190E-12
1,89114E+0	1,92170E-12
1,90213E+0	2,87580E-12
1,91313E+0	-3,41900E-13
1,92412E+0	1,37190E-12
1,93512E+0	9,34000E-14
1,94611E+0	2,42080E-12
1,95711E+0	4,23450E-12
1,96810E+0	2,06270E-12
1,97910E+0	2,62700E-13
1,99009E+0	2,38530E-12
2,00109E+0	2,81680E-12
2,01208E+0	6,51400E-13
2,02308E+0	2,51130E-12
2,03408E+0	8,11000E-14
2,04507E+0	3,27490E-12
2,05606E+0	2,74420E-12
2,06706E+0	1,41230E-12
2,07805E+0	3,76640E-12
2,08905E+0	1,46680E-12
2,10004E+0	3,98420E-12
2,11104E+0	5,06620E-12
2,12203E+0	4,72380E-12
2,13303E+0	2,40640E-12
2,14402E+0	-6,08900E-13
2,15502E+0	3,53210E-12
2,16601E+0	5,63200E-13
2,17701E+0	1,56300E-12
2,18800E+0	3,15660E-12
2,19900E+0	2,82470E-12
2,20999E+0	2,36410E-12
2,22099E+0	7,51700E-13
2,23198E+0	1,38920E-12
2,24298E+0	2,44410E-12
2,25397E+0	1,39620E-12
2,26497E+0	2,45800E-12
2,27596E+0	2,12670E-12
2,28696E+0	2,51360E-12
2,29795E+0	4,09440E-12
2,30895E+0	4,66610E-12
2,31994E+0	1,31900E-12
2,33094E+0	3,81430E-12
2,34193E+0	9,73700E-13
2,35293E+0	2,62240E-12
2,36392E+0	3,38860E-12
2,37492E+0	3,03300E-12
2,38591E+0	9,61500E-13
2,39691E+0	1,49060E-12
2,40790E+0	1,57150E-12
2,41890E+0	8,12300E-13
2,42989E+0	3,10970E-12
2,44089E+0	2,44900E-12
2,45188E+0	2,55380E-12
2,46288E+0	1,25540E-12
2,47387E+0	2,73190E-12
2,48487E+0	1,56980E-12
2,49586E+0	1,61960E-12
2,50686E+0	3,43900E-12
2,51785E+0	3,66610E-12
2,52885E+0	1,47970E-12
2,53984E+0	5,27230E-12
2,55084E+0	1,76350E-12
2,56183E+0	4,52170E-12
2,57283E+0	2,15410E-12
2,58383E+0	3,73440E-12
2,59482E+0	2,51770E-12
2,60581E+0	2,01560E-12
2,61681E+0	1,66740E-12
2,62780E+0	1,34230E-12
2,63880E+0	3,30770E-12
2,64980E+0	1,45250E-12
2,66079E+0	1,33090E-12
2,67178E+0	9,35000E-14
2,68278E+0	4,23230E-12
2,69378E+0	3,43280E-12
2,70477E+0	1,56920E-12
2,71577E+0	2,41250E-12
2,72676E+0	1,88750E-12
2,73775E+0	2,22450E-12
2,74875E+0	2,55090E-12
2,75974E+0	1,08530E-12
2,77074E+0	2,64460E-12
2,78173E+0	1,58020E-12
2,79273E+0	4,11510E-12
2,80372E+0	9,03200E-13
2,81472E+0	3,77850E-12
2,82571E+0	3,12270E-12
2,83671E+0	4,42740E-12
2,84770E+0	2,94840E-12
2,85870E+0	3,29670E-12
2,86969E+0	2,15480E-12
2,88069E+0	4,31690E-12
2,89168E+0	4,86800E-12
2,90268E+0	2,74020E-12
2,91367E+0	1,82470E-12
2,92467E+0	8,06000E-13
2,93566E+0	4,15440E-12
2,94666E+0	3,51560E-12
2,95765E+0	4,19730E-12
2,96865E+0	2,14700E-12
2,97964E+0	3,63150E-12
2,99064E+0	2,13200E-12
3,00163E+0	3,33600E-12
3,01263E+0	2,82680E-12
3,02363E+0	3,08580E-12
3,03462E+0	3,71070E-12
3,04561E+0	2,43670E-12
3,05661E+0	1,17580E-12
3,06760E+0	4,17940E-12
3,07860E+0	1,36600E-12
3,08959E+0	6,91500E-12
3,10059E+0	3,23170E-12
3,11158E+0	1,23320E-12
3,12258E+0	1,60580E-12
3,13357E+0	1,90750E-12
3,14457E+0	2,21770E-12
3,15556E+0	3,32300E-12
3,16656E+0	4,09740E-12
3,17755E+0	4,19830E-12
3,18855E+0	1,90450E-12
3,19955E+0	3,23980E-12
3,21054E+0	3,67100E-12
3,22153E+0	7,16100E-12
3,23253E+0	4,43000E-12
3,24352E+0	6,04300E-13
3,25452E+0	2,17080E-12
3,26552E+0	4,30810E-12
3,27651E+0	3,13550E-12
3,28750E+0	3,50180E-12
3,29850E+0	8,61710E-12
3,30949E+0	1,19631E-11
3,32049E+0	7,75250E-12
3,33148E+0	4,80870E-12
3,34248E+0	4,51670E-12
3,35347E+0	5,18980E-12
3,36447E+0	4,20020E-12
3,37546E+0	3,67390E-12
3,38646E+0	2,32560E-12
3,39745E+0	5,84120E-12
3,40845E+0	7,13460E-12
3,41944E+0	2,72400E-12
3,43044E+0	6,71450E-12
3,44143E+0	4,48340E-12
3,45243E+0	6,32300E-12
3,46342E+0	8,64080E-12
3,47442E+0	6,03390E-12
3,48541E+0	5,83340E-12
3,49641E+0	5,18630E-12
3,50740E+0	8,59280E-12
3,51840E+0	7,19100E-12
3,52939E+0	8,49620E-12
3,54039E+0	7,77130E-12
3,55138E+0	1,11141E-11
3,56238E+0	1,13317E-11
3,57337E+0	7,31290E-12
3,58437E+0	8,61570E-12
3,59536E+0	4,64650E-12
3,60636E+0	6,21620E-12
3,61735E+0	9,52560E-12
3,62835E+0	4,70870E-12
3,63934E+0	8,17410E-12
3,65034E+0	1,01881E-11
3,66133E+0	1,19381E-11
3,67233E+0	9,99090E-12
3,68332E+0	8,11570E-12
3,69432E+0	6,78860E-12
3,70531E+0	6,89910E-12
3,71631E+0	4,14330E-12
3,72730E+0	3,64050E-12
3,73830E+0	4,16850E-12
3,74930E+0	7,92220E-12
3,76029E+0	6,07350E-12
3,77128E+0	6,53650E-12
3,78228E+0	6,20120E-12
3,79327E+0	6,51760E-12
3,80427E+0	1,02105E-11
3,81527E+0	3,27150E-12
3,82626E+0	7,98480E-12
3,83725E+0	8,47350E-12
3,84825E+0	5,33270E-12
3,85924E+0	4,61430E-12
3,87024E+0	7,60900E-12
3,88123E+0	8,67710E-12
3,89223E+0	7,42690E-12
3,90322E+0	6,58710E-12
3,91422E+0	1,71171E-11
3,92521E+0	1,05541E-11
3,93621E+0	8,93380E-12
3,94720E+0	5,79050E-12
3,95820E+0	8,85440E-12
3,96919E+0	1,07581E-11
3,98019E+0	5,53750E-12
3,99118E+0	9,80680E-12
4,00218E+0	8,37700E-12
4,01317E+0	5,55620E-12
4,02417E+0	8,45430E-12
4,03516E+0	1,18955E-11
4,04616E+0	6,41070E-12
4,05715E+0	9,68350E-12
4,06815E+0	4,37010E-12
4,07914E+0	6,65200E-12
4,09014E+0	4,69310E-12
4,10113E+0	8,07790E-12
4,11213E+0	5,61900E-12
4,12312E+0	6,01080E-12
4,13412E+0	5,69420E-12
4,14511E+0	8,41310E-12
4,15611E+0	6,34670E-12
4,16710E+0	6,24990E-12
4,17810E+0	5,75930E-12
4,18910E+0	6,89280E-12
4,20009E+0	9,72120E-12
4,21108E+0	5,42180E-12
4,22208E+0	1,07953E-11
4,23307E+0	4,43560E-12
4,24407E+0	6,50120E-12
4,25507E+0	1,23026E-11
4,26606E+0	9,85390E-12
4,27705E+0	1,17090E-11
4,28805E+0	5,32790E-12
4,29904E+0	4,93870E-12
4,31004E+0	1,02394E-11
4,32104E+0	1,19978E-11
4,33203E+0	5,16920E-12
4,34302E+0	6,24920E-12
4,35402E+0	1,04220E-11
4,36501E+0	5,48730E-12
4,37601E+0	6,34590E-12
4,38701E+0	9,37420E-12
4,39800E+0	4,68360E-12
4,40899E+0	5,41630E-12
4,41999E+0	9,81210E-12
4,43098E+0	5,89610E-12
4,44198E+0	1,49078E-11
4,45297E+0	1,48618E-11
4,46397E+0	1,23781E-11
4,47497E+0	7,98800E-12
4,48596E+0	6,85150E-12
4,49695E+0	1,06518E-11
4,50795E+0	6,93180E-12
4,51895E+0	7,06090E-12
4,52994E+0	6,93500E-12
4,54093E+0	1,03674E-11
4,55193E+0	1,16615E-11
4,56292E+0	9,39690E-12
4,57392E+0	1,52650E-11
4,58491E+0	9,91290E-12
4,59591E+0	1,03973E-11
4,60691E+0	8,32850E-12
4,61790E+0	7,70200E-12
4,62889E+0	1,44705E-11
4,63989E+0	1,17347E-11
4,65088E+0	1,14669E-11
4,66188E+0	1,63660E-11
4,67287E+0	1,80304E-11
4,68387E+0	1,82240E-11
4,69486E+0	2,18460E-11
4,70586E+0	1,34491E-11
4,71685E+0	1,97349E-11
4,72785E+0	2,14050E-11
4,73884E+0	2,17620E-11
4,74984E+0	2,64060E-11
4,76084E+0	2,39310E-11
4,77183E+0	2,22180E-11
4,78282E+0	2,03980E-11
4,79382E+0	2,34110E-11
4,80481E+0	1,92425E-11
4,81581E+0	1,73630E-11
4,82680E+0	2,29390E-11
4,83780E+0	1,43963E-11
4,84879E+0	1,17035E-11
4,85979E+0	8,72170E-12
4,87078E+0	8,86300E-12
4,88178E+0	1,35081E-11
4,89277E+0	1,91288E-11
4,90377E+0	1,68581E-11
4,91476E+0	2,07303E-11
4,92576E+0	1,50055E-11
4,93675E+0	1,11283E-11
4,94775E+0	1,45126E-11
4,95874E+0	1,16772E-11
4,96974E+0	1,61093E-11
4,98074E+0	1,98458E-11
4,99173E+0	1,45367E-11
5,00272E+0	1,66648E-11
5,01372E+0	1,20910E-11
5,02471E+0	1,31900E-11
5,03571E+0	2,05520E-11
5,04670E+0	1,61426E-11
5,05770E+0	2,06176E-11
5,06869E+0	2,09664E-11
5,07969E+0	1,99008E-11
5,09068E+0	2,00236E-11
5,10168E+0	1,27500E-11
5,11268E+0	1,87830E-11
5,12367E+0	2,00680E-11
5,13466E+0	2,09330E-11
5,14566E+0	1,54878E-11
5,15665E+0	1,92692E-11
5,16765E+0	2,18150E-11
5,17864E+0	2,28850E-11
5,18964E+0	2,06510E-11
5,20064E+0	2,29270E-11
5,21163E+0	1,90348E-11
5,22262E+0	2,41990E-11
5,23362E+0	3,01140E-11
5,24461E+0	2,52700E-11
5,25561E+0	1,51920E-11
5,26660E+0	2,29930E-11
5,27760E+0	2,61610E-11
5,28859E+0	1,73728E-11
5,29959E+0	2,07336E-11
5,31058E+0	2,14110E-11
5,32158E+0	2,04430E-11
5,33257E+0	2,21910E-11
5,34357E+0	1,69164E-11
5,35457E+0	2,35740E-11
5,36556E+0	2,75620E-11
5,37655E+0	1,90920E-11
5,38755E+0	1,99813E-11
5,39854E+0	1,70160E-11
5,40954E+0	1,98542E-11
5,42053E+0	2,05430E-11
5,43153E+0	2,20080E-11
5,44252E+0	2,57770E-11
5,45352E+0	2,02320E-11
5,46451E+0	1,70007E-11
5,47551E+0	2,38530E-11
5,48651E+0	2,44010E-11
5,49750E+0	2,66690E-11
5,50849E+0	3,04880E-11
5,51949E+0	3,15930E-11
5,53048E+0	2,76430E-11
5,54148E+0	2,67070E-11
5,55247E+0	2,09550E-11
5,56347E+0	2,44950E-11
5,57447E+0	2,32960E-11
5,58546E+0	2,33060E-11
5,59645E+0	2,79070E-11
5,60745E+0	2,19240E-11
5,61845E+0	2,32760E-11
5,62944E+0	3,13780E-11
5,64043E+0	2,52440E-11
5,65143E+0	3,37830E-11
5,66242E+0	2,98270E-11
5,67342E+0	2,76570E-11
5,68441E+0	2,19750E-11
5,69541E+0	2,17620E-11
5,70641E+0	2,74510E-11
5,71740E+0	2,60890E-11
5,72839E+0	2,46810E-11
5,73939E+0	2,08220E-11
5,75038E+0	2,25010E-11
5,77237E+0	2,80660E-11
5,78337E+0	2,61580E-11
5,79436E+0	3,18690E-11
5,80536E+0	3,48680E-11
5,81635E+0	3,19100E-11
5,82735E+0	2,61150E-11
5,83834E+0	3,70180E-11
5,84934E+0	3,17220E-11
5,86034E+0	2,47150E-11
5,87133E+0	3,10430E-11
5,88232E+0	2,89110E-11
5,89332E+0	3,32170E-11
5,90431E+0	3,04770E-11
5,91531E+0	2,95680E-11
5,92630E+0	2,55960E-11
5,93730E+0	2,52380E-11
5,94829E+0	2,92370E-11
5,95929E+0	2,41460E-11
5,97028E+0	3,09730E-11
5,98128E+0	3,18480E-11
5,99227E+0	2,72680E-11
6,00327E+0	2,81240E-11
6,01426E+0	3,23110E-11
6,02526E+0	3,04730E-11
6,03625E+0	2,83230E-11
6,04725E+0	2,83050E-11
6,05824E+0	3,08290E-11
6,06924E+0	3,55790E-11
6,08024E+0	2,83250E-11
6,09123E+0	3,50870E-11
6,10222E+0	3,60270E-11
6,11322E+0	3,64910E-11
6,12421E+0	2,11070E-11
6,13521E+0	3,03500E-11
6,14620E+0	2,75710E-11
6,15720E+0	3,50850E-11
6,16819E+0	2,69690E-11
6,17919E+0	3,20400E-11
6,19018E+0	2,96770E-11
6,20118E+0	2,77200E-11
6,21218E+0	2,37910E-11
6,22317E+0	2,36330E-11
6,23416E+0	2,91590E-11
6,24516E+0	3,18060E-11
6,25615E+0	3,65690E-11
6,26715E+0	3,43550E-11
6,27814E+0	3,43330E-11
6,28914E+0	3,30650E-11
6,30014E+0	4,47300E-11
6,31113E+0	3,07820E-11
6,32212E+0	2,57290E-11
6,33312E+0	2,71140E-11
6,34411E+0	2,55800E-11
6,35511E+0	2,65700E-11
6,36610E+0	3,28560E-11
6,37710E+0	3,19790E-11
6,38809E+0	2,55120E-11
6,39909E+0	3,06950E-11
6,41008E+0	2,79870E-11
6,42108E+0	2,91270E-11
6,43207E+0	3,14800E-11
6,44307E+0	4,33520E-11
6,45406E+0	4,05370E-11
6,46506E+0	3,43040E-11
6,47605E+0	3,32350E-11
6,48705E+0	3,72030E-11
6,49804E+0	3,33190E-11
6,50904E+0	3,09120E-11
6,52003E+0	3,70060E-11
6,53103E+0	3,06290E-11
6,54202E+0	3,13040E-11
6,55302E+0	3,07540E-11
6,56401E+0	3,13970E-11
6,57501E+0	2,79690E-11
6,58601E+0	3,04990E-11
6,59700E+0	3,29380E-11
6,60799E+0	4,59690E-11
6,61899E+0	3,60290E-11
6,62998E+0	4,41330E-11
6,64098E+0	4,25560E-11
6,65197E+0	4,06610E-11
6,66297E+0	4,83340E-11
6,67396E+0	5,77360E-11
6,68496E+0	6,29700E-11
6,69595E+0	4,88550E-11
6,70695E+0	4,44430E-11
6,71795E+0	5,03840E-11
6,72894E+0	5,46830E-11
6,73993E+0	5,07520E-11
6,75093E+0	4,75270E-11
6,76192E+0	4,37800E-11
6,77292E+0	4,24860E-11
6,78391E+0	4,50280E-11
6,79491E+0	3,65290E-11
6,80591E+0	3,53670E-11
6,81690E+0	4,72870E-11
6,82789E+0	4,67080E-11
6,83889E+0	4,25410E-11
6,84988E+0	4,10100E-11
6,86088E+0	3,46440E-11
6,87187E+0	3,61670E-11
6,88287E+0	5,52270E-11
6,89386E+0	5,13470E-11
6,90486E+0	4,64450E-11
6,91585E+0	4,58840E-11
6,92685E+0	4,63270E-11
6,93784E+0	5,88650E-11
6,94884E+0	5,00120E-11
6,95983E+0	5,31570E-11
6,97083E+0	4,58150E-11
6,98182E+0	5,28560E-11
6,99282E+0	6,09680E-11
7,00381E+0	5,82880E-11
7,01481E+0	6,93760E-11
7,02580E+0	6,41790E-11
7,03680E+0	5,75640E-11
7,04779E+0	6,04160E-11
7,05879E+0	5,77320E-11
7,06978E+0	7,47640E-11
7,08078E+0	6,83510E-11
7,09177E+0	6,40000E-11
7,10277E+0	5,99440E-11
7,11376E+0	5,63920E-11
7,12476E+0	5,05380E-11
7,13575E+0	5,89760E-11
7,14675E+0	6,73800E-11
7,15774E+0	6,45120E-11
7,16874E+0	6,47580E-11
7,17973E+0	6,46680E-11
7,19073E+0	7,85930E-11
7,20172E+0	7,83340E-11
7,21272E+0	8,01660E-11
7,22371E+0	7,99380E-11
7,23471E+0	6,39630E-11
7,24570E+0	6,48770E-11
7,25670E+0	6,27660E-11
7,26769E+0	6,46460E-11
7,27869E+0	7,49600E-11
7,28968E+0	6,28750E-11
7,30068E+0	5,77580E-11
7,31168E+0	5,48400E-11
7,32267E+0	7,48960E-11
7,33366E+0	6,44720E-11
7,34466E+0	7,06790E-11
7,35565E+0	5,78130E-11
7,36665E+0	6,51030E-11
7,37764E+0	7,52300E-11
7,38864E+0	7,72380E-11
7,39963E+0	7,50380E-11
7,41063E+0	6,87020E-11
7,42162E+0	6,49030E-11
7,43262E+0	6,41850E-11
7,44361E+0	6,87300E-11
7,45461E+0	7,53380E-11
7,46560E+0	8,34680E-11
7,47660E+0	6,15650E-11
7,48759E+0	5,64540E-11
7,49859E+0	7,38060E-11
7,50958E+0	5,53410E-11
7,52058E+0	6,31120E-11
7,53157E+0	6,70740E-11
7,54257E+0	6,66350E-11
7,55356E+0	6,42670E-11
7,56456E+0	6,44430E-11
7,57555E+0	4,94250E-11
7,58655E+0	4,89700E-11
7,59754E+0	5,89740E-11
7,60854E+0	5,15880E-11
7,61953E+0	6,82560E-11
7,63053E+0	5,79500E-11
7,64152E+0	5,63640E-11
7,65252E+0	4,95090E-11
7,66351E+0	6,72660E-11
7,67451E+0	6,00640E-11
7,68551E+0	6,51760E-11
7,69650E+0	5,71630E-11
7,70749E+0	6,63970E-11
7,71849E+0	6,71240E-11
7,72948E+0	4,96380E-11
7,74048E+0	5,97130E-11
7,75147E+0	5,84630E-11
7,76247E+0	5,86740E-11
7,77346E+0	6,43750E-11
7,78446E+0	5,90980E-11
7,79545E+0	5,87250E-11
7,80645E+0	6,99340E-11
7,81745E+0	5,22020E-11
7,82844E+0	5,79900E-11
7,83943E+0	5,23020E-11
7,85043E+0	5,61640E-11
7,86142E+0	5,49370E-11
7,87242E+0	5,69790E-11
7,88341E+0	5,69100E-11
7,89441E+0	5,73450E-11
7,90541E+0	5,51820E-11
7,91640E+0	6,15090E-11
7,92739E+0	6,23630E-11
7,93839E+0	5,15760E-11
7,94938E+0	4,99250E-11
7,96038E+0	5,20800E-11
7,97137E+0	6,20290E-11
7,98237E+0	6,35960E-11
7,99336E+0	6,22950E-11
8,00436E+0	6,25040E-11
8,01535E+0	6,38570E-11
8,02635E+0	6,97190E-11
8,03734E+0	6,04520E-11
8,04834E+0	6,30940E-11
8,05933E+0	7,48970E-11
8,07033E+0	6,31230E-11
8,08132E+0	6,99940E-11
8,09232E+0	7,13680E-11
8,10332E+0	6,33890E-11
8,11431E+0	6,08020E-11
8,12530E+0	6,52680E-11
8,13630E+0	5,52990E-11
8,14729E+0	5,72500E-11
8,15829E+0	6,59410E-11
8,16928E+0	6,23430E-11
8,18028E+0	6,90640E-11
8,19127E+0	7,28930E-11
8,20227E+0	6,05500E-11
8,21326E+0	6,29340E-11
8,22426E+0	4,94170E-11
8,23526E+0	5,90000E-11
8,24625E+0	5,85970E-11
8,25724E+0	6,19030E-11
8,26824E+0	7,61850E-11
8,27923E+0	6,55690E-11
8,29023E+0	6,52420E-11
8,30122E+0	6,51700E-11
8,31222E+0	5,80440E-11
8,32321E+0	5,74380E-11
8,33421E+0	6,53070E-11
8,34520E+0	7,23010E-11
8,35620E+0	6,69500E-11
8,36720E+0	7,30890E-11
8,37819E+0	6,95250E-11
8,38918E+0	6,28220E-11
8,40018E+0	6,00600E-11
8,41118E+0	6,87270E-11
8,42217E+0	7,23620E-11
8,43316E+0	6,44780E-11
8,44416E+0	5,98040E-11
8,45515E+0	7,80850E-11
8,46615E+0	7,52040E-11
8,47715E+0	7,09230E-11
8,48814E+0	5,65210E-11
8,49913E+0	6,72770E-11
8,51013E+0	6,87540E-11
8,52112E+0	5,82310E-11
8,53212E+0	6,83220E-11
8,54311E+0	7,62080E-11
8,55411E+0	7,14800E-11
8,56510E+0	6,91060E-11
8,57610E+0	7,81780E-11
8,58709E+0	7,36880E-11
8,59809E+0	6,14360E-11
8,60909E+0	6,66030E-11
8,62008E+0	6,92070E-11
8,63107E+0	8,13140E-11
8,64207E+0	7,52200E-11
8,65306E+0	6,94710E-11
8,66406E+0	7,03260E-11
8,67505E+0	7,64800E-11
8,68605E+0	8,67160E-11
8,69704E+0	8,27300E-11
8,70804E+0	7,20690E-11
8,71903E+0	8,62910E-11
8,73003E+0	7,60890E-11
8,74102E+0	7,60830E-11
8,75202E+0	8,29790E-11
8,76301E+0	8,62450E-11
8,77401E+0	9,41340E-11
8,78500E+0	8,81340E-11
8,79600E+0	7,50870E-11
8,80699E+0	6,81970E-11
8,81799E+0	7,98800E-11
8,82898E+0	7,11500E-11
8,83998E+0	8,07550E-11
8,85098E+0	8,57440E-11
8,86197E+0	8,91420E-11
8,87296E+0	8,29920E-11
8,88396E+0	9,83920E-11
8,89495E+0	7,96400E-11
8,90595E+0	7,15240E-11
8,91694E+0	8,17840E-11
8,92794E+0	8,42100E-11
8,93894E+0	9,43970E-11
8,94993E+0	7,89490E-11
8,96092E+0	9,57820E-11
8,97192E+0	9,31450E-11
8,98291E+0	9,76580E-11
8,99391E+0	9,02920E-11
9,00490E+0	8,54880E-11
9,01590E+0	7,71360E-11
9,02689E+0	8,34690E-11
9,03789E+0	8,71270E-11
9,04889E+0	9,36640E-11
9,05988E+0	8,95760E-11
9,07087E+0	1,00109E-10
9,08187E+0	9,65690E-11
9,09286E+0	8,66780E-11
9,10386E+0	9,51050E-11
9,11485E+0	8,30560E-11
9,12585E+0	9,33510E-11
9,13684E+0	9,06160E-11
9,14784E+0	8,75790E-11
9,15883E+0	9,86400E-11
9,16983E+0	1,01019E-10
9,18082E+0	9,83340E-11
9,19182E+0	9,39930E-11
9,20281E+0	1,05963E-10
9,21381E+0	1,16889E-10
9,22480E+0	9,04660E-11
9,23580E+0	9,50620E-11
9,24679E+0	1,08393E-10
9,25779E+0	9,12570E-11
9,26878E+0	1,02533E-10
9,27978E+0	9,84130E-11
9,29077E+0	8,97370E-11
9,30177E+0	9,63470E-11
9,31277E+0	1,01530E-10
9,32376E+0	1,25426E-10
9,33475E+0	1,17448E-10
9,34575E+0	9,50770E-11
9,35674E+0	1,20077E-10
9,36774E+0	1,18381E-10
9,37873E+0	1,22917E-10
9,38973E+0	1,31379E-10
9,40072E+0	1,44040E-10
9,41172E+0	1,20306E-10
9,42272E+0	1,47717E-10
9,43371E+0	1,17235E-10
9,44470E+0	1,41691E-10
9,45570E+0	1,39244E-10
9,46669E+0	1,46930E-10
9,47769E+0	1,52654E-10
9,48869E+0	1,51433E-10
9,49968E+0	1,62823E-10
9,51067E+0	1,69195E-10
9,52167E+0	1,70856E-10
9,53266E+0	1,68653E-10
9,54366E+0	1,65600E-10
9,55465E+0	1,73469E-10
9,56565E+0	1,62064E-10
9,57665E+0	1,77986E-10
9,58764E+0	2,09872E-10
9,59863E+0	1,98147E-10
9,60963E+0	2,06884E-10
9,62062E+0	2,01307E-10
9,62210E+0	2,09961E-10
9,63076E+0	2,04217E-10
9,63942E+0	1,83020E-10
9,64808E+0	2,61720E-10
9,65674E+0	2,15590E-10
9,66540E+0	2,12480E-10
9,67406E+0	2,16580E-10
9,68272E+0	2,13130E-10
9,69138E+0	2,10570E-10
9,70004E+0	2,12560E-10
9,70870E+0	1,99077E-10
9,71737E+0	1,94344E-10
9,72603E+0	2,00595E-10
9,73469E+0	1,86150E-10
9,74335E+0	1,66160E-10
9,75201E+0	2,31410E-10
9,76067E+0	2,55210E-10
9,76933E+0	1,69098E-10
9,77799E+0	1,68129E-10
9,78665E+0	1,85481E-10
9,79531E+0	1,83230E-10
9,80397E+0	1,81577E-10
9,81263E+0	1,67312E-10
9,82130E+0	1,93032E-10
9,82996E+0	1,62060E-10
9,83862E+0	1,80286E-10
9,84728E+0	1,61062E-10
9,85594E+0	1,75592E-10
9,86460E+0	1,66039E-10
9,87326E+0	1,72767E-10
9,88192E+0	1,88764E-10
9,89058E+0	1,77938E-10
9,89924E+0	1,83547E-10
9,90790E+0	1,54013E-10
9,91656E+0	1,82611E-10
9,92522E+0	1,74304E-10
9,93389E+0	1,77568E-10
9,94255E+0	1,62420E-10
9,95121E+0	1,52157E-10
9,95987E+0	1,62595E-10
9,96853E+0	1,51385E-10
9,97719E+0	1,76155E-10
9,98585E+0	1,62918E-10
9,99451E+0	1,70323E-10
1,00032E+1	1,72017E-10
1,00118E+1	1,74541E-10
1,00205E+1	1,57910E-10
1,00292E+1	1,55992E-10
1,00378E+1	1,67574E-10
1,00465E+1	1,68662E-10
1,00551E+1	1,57692E-10
1,00638E+1	1,62296E-10
1,00725E+1	1,61768E-10
1,00811E+1	1,58619E-10
1,00898E+1	1,83841E-10
1,00984E+1	1,66637E-10
1,01071E+1	1,62347E-10
1,01158E+1	1,67350E-10
1,01244E+1	1,59947E-10
1,01331E+1	1,49509E-10
1,01417E+1	1,61364E-10
1,01504E+1	1,60016E-10
1,01591E+1	1,71539E-10
1,01677E+1	1,67217E-10
1,01764E+1	1,75309E-10
1,01850E+1	1,63582E-10
1,01937E+1	1,68617E-10
1,02024E+1	1,75479E-10
1,02110E+1	1,74910E-10
1,02197E+1	1,73314E-10
1,02284E+1	1,64694E-10
1,02370E+1	1,78450E-10
1,02457E+1	1,47886E-10
1,02543E+1	1,78310E-10
1,02630E+1	1,73411E-10
1,02717E+1	1,86571E-10
1,02803E+1	1,89163E-10
1,02890E+1	1,55408E-10
1,02976E+1	1,85596E-10
1,03063E+1	1,67405E-10
1,03150E+1	1,77538E-10
1,03236E+1	1,65542E-10
1,03323E+1	1,76975E-10
1,03409E+1	1,71493E-10
1,03496E+1	1,71972E-10
1,03583E+1	1,83552E-10
1,03669E+1	1,65911E-10
1,03756E+1	1,81782E-10
1,03842E+1	1,85776E-10
1,03929E+1	1,81295E-10
1,04016E+1	1,92931E-10
1,04102E+1	1,91568E-10
1,04189E+1	2,02776E-10
1,04276E+1	1,92009E-10
1,04362E+1	1,93481E-10
1,04449E+1	1,93799E-10
1,04535E+1	2,05194E-10
1,04622E+1	2,08230E-10
1,04709E+1	1,97808E-10
1,04795E+1	1,96932E-10
1,04882E+1	1,91155E-10
1,04968E+1	2,06328E-10
1,05055E+1	2,03579E-10
1,05142E+1	2,74770E-10
1,05228E+1	1,90002E-10
1,05315E+1	1,90060E-10
1,05401E+1	2,17660E-10
1,05488E+1	2,44590E-10
1,05575E+1	2,83430E-10
1,05661E+1	2,26790E-10
1,05748E+1	2,08080E-10
1,05834E+1	2,04331E-10
1,05921E+1	2,00925E-10
1,06008E+1	2,18330E-10
1,06094E+1	2,47430E-10
1,06181E+1	2,79030E-10
1,06267E+1	2,07000E-10
1,06354E+1	2,65890E-10
1,06441E+1	2,04550E-10
1,06527E+1	2,59340E-10
1,06614E+1	2,32110E-10
1,06701E+1	2,03083E-10
1,06787E+1	2,36990E-10
1,06874E+1	2,41260E-10
1,06960E+1	2,06092E-10
1,07047E+1	1,74030E-10
1,07134E+1	2,24050E-10
1,07220E+1	2,32150E-10
1,07307E+1	2,30010E-10
1,07393E+1	2,00230E-10
1,07480E+1	2,59210E-10
1,07567E+1	1,66650E-10
1,07653E+1	2,30380E-10
1,07740E+1	2,16640E-10
1,07826E+1	2,67070E-10
1,07913E+1	3,14850E-10
1,08000E+1	2,93830E-10
1,08086E+1	1,93010E-10
1,08173E+1	1,48270E-10
1,08259E+1	2,17570E-10
1,08346E+1	2,07350E-10
1,08433E+1	2,51520E-10
1,08519E+1	2,06650E-10
1,08606E+1	2,17730E-10
1,08693E+1	2,08846E-10
1,08779E+1	2,42840E-10
1,08866E+1	3,31880E-10
1,08952E+1	2,41010E-10
1,09039E+1	2,32990E-10
1,09126E+1	2,32730E-10
1,09212E+1	1,87528E-10
1,09299E+1	2,39240E-10
1,09385E+1	2,06740E-10
1,09472E+1	2,00610E-10
1,09559E+1	2,32140E-10
1,09645E+1	2,65950E-10
1,09732E+1	2,47620E-10
1,09818E+1	2,35000E-10
1,09905E+1	2,75250E-10
1,09992E+1	2,08630E-10
1,10078E+1	2,30520E-10
1,10165E+1	2,33130E-10
1,10251E+1	2,06530E-10
1,10338E+1	2,69320E-10
1,10425E+1	2,37430E-10
1,10511E+1	2,77300E-10
1,10598E+1	2,94670E-10
1,10684E+1	2,54150E-10
1,10771E+1	2,70220E-10
1,10858E+1	2,24290E-10
1,10944E+1	2,67690E-10
1,11031E+1	2,42790E-10
1,11118E+1	2,26930E-10
1,11204E+1	3,43530E-10
1,11291E+1	2,88550E-10
1,11377E+1	3,00930E-10
1,11464E+1	2,80750E-10
1,11551E+1	2,37540E-10
1,11637E+1	2,02820E-10
1,11724E+1	2,56690E-10
1,11810E+1	2,30860E-10
1,11897E+1	2,57380E-10
1,11984E+1	2,98590E-10
1,12070E+1	3,03680E-10
1,12157E+1	2,46090E-10
1,12243E+1	2,89090E-10
1,12330E+1	2,40470E-10
1,12417E+1	3,08790E-10
1,12503E+1	2,87700E-10
1,12590E+1	2,89630E-10
1,12676E+1	2,69380E-10
1,12763E+1	3,00380E-10
1,12850E+1	2,70290E-10
1,12936E+1	3,16760E-10
1,13023E+1	2,91830E-10
1,13110E+1	2,17300E-10
1,13196E+1	3,49300E-10
1,13283E+1	3,22760E-10
1,13369E+1	2,68800E-10
1,13456E+1	2,22860E-10
1,13543E+1	3,14210E-10
1,13629E+1	2,88810E-10
1,13716E+1	2,78460E-10
1,13802E+1	2,54480E-10
1,13889E+1	2,19600E-10
1,13976E+1	3,42720E-10
1,14062E+1	2,42440E-10
1,14149E+1	3,31190E-10
1,14235E+1	2,67220E-10
1,14322E+1	3,84410E-10
1,14409E+1	2,93230E-10
1,14495E+1	3,19820E-10
1,14582E+1	2,68420E-10
1,14668E+1	2,98160E-10
1,14755E+1	3,28670E-10
1,14842E+1	3,00330E-10
1,14928E+1	3,13230E-10
1,15015E+1	3,49310E-10
1,15101E+1	2,73280E-10
1,15188E+1	2,83450E-10
1,15275E+1	2,76270E-10
1,15361E+1	3,28780E-10
1,15448E+1	3,52910E-10
1,15535E+1	3,19580E-10
1,15621E+1	4,45370E-10
1,15708E+1	3,88860E-10
1,15794E+1	3,34490E-10
1,15881E+1	2,89810E-10
1,15968E+1	3,99210E-10
1,16054E+1	3,79410E-10
1,16141E+1	4,08880E-10
1,16227E+1	3,51080E-10
1,16314E+1	3,18230E-10
1,16401E+1	3,54130E-10
1,16487E+1	3,40200E-10
1,16574E+1	3,96450E-10
1,16660E+1	3,99490E-10
1,16747E+1	3,58690E-10
1,16834E+1	3,24330E-10
1,16920E+1	3,95230E-10
1,17007E+1	3,44940E-10
1,17093E+1	4,05170E-10
1,17180E+1	3,28940E-10
1,17267E+1	3,76620E-10
1,17353E+1	3,67790E-10
1,17440E+1	3,56650E-10
1,17527E+1	3,85950E-10
1,17613E+1	3,24680E-10
1,17700E+1	4,77810E-10
1,17786E+1	3,95310E-10
1,17873E+1	3,04630E-10
1,17960E+1	3,45540E-10
1,18046E+1	5,16230E-10
1,18133E+1	3,94020E-10
1,18219E+1	5,19490E-10
1,18306E+1	4,19180E-10
1,18393E+1	4,18310E-10
1,18479E+1	3,86160E-10
1,18566E+1	4,07320E-10
1,18652E+1	4,38230E-10
1,18739E+1	4,16060E-10
1,18826E+1	3,74800E-10
1,18912E+1	4,49290E-10
1,18999E+1	4,32970E-10
1,19085E+1	4,54720E-10
1,19172E+1	4,09440E-10
1,19259E+1	4,08410E-10
1,19345E+1	4,12670E-10
1,19432E+1	3,67610E-10
1,19519E+1	4,04940E-10
1,19605E+1	4,37610E-10
1,19692E+1	3,57510E-10
1,19778E+1	4,39750E-10
1,19865E+1	3,92700E-10
1,19952E+1	4,00980E-10
1,20038E+1	4,43290E-10
1,20125E+1	3,95500E-10
1,20211E+1	3,88140E-10
1,20298E+1	4,16360E-10
1,20385E+1	4,51880E-10
1,20471E+1	4,36300E-10
1,20558E+1	5,43260E-10
1,20644E+1	4,35000E-10
1,20731E+1	5,38420E-10
1,20818E+1	4,26130E-10
1,20904E+1	3,99570E-10
1,20991E+1	5,14530E-10
1,21077E+1	4,05840E-10
1,21164E+1	5,14610E-10
1,21251E+1	5,60270E-10
1,21337E+1	3,61290E-10
1,21424E+1	4,39530E-10
1,21510E+1	4,42320E-10
1,21597E+1	4,38510E-10
1,21684E+1	5,10080E-10
1,21770E+1	4,19390E-10
1,21857E+1	5,61680E-10
1,21944E+1	5,30400E-10
1,22030E+1	5,27580E-10
1,22117E+1	4,50770E-10
1,22203E+1	4,98630E-10
1,22290E+1	4,83600E-10
1,22377E+1	5,16410E-10
1,22463E+1	4,63830E-10
1,22550E+1	5,20970E-10
1,22636E+1	4,83890E-10
1,22723E+1	4,90310E-10
1,22810E+1	4,43790E-10
1,22896E+1	5,63870E-10
1,22983E+1	5,98300E-10
1,23069E+1	4,71290E-10
1,23156E+1	6,08220E-10
1,23243E+1	4,99620E-10
1,23329E+1	5,37910E-10
1,23416E+1	5,02470E-10
1,23502E+1	5,31110E-10
1,23589E+1	5,05230E-10
1,23676E+1	5,23190E-10
1,23762E+1	5,28220E-10
1,23849E+1	6,34360E-10
1,23936E+1	5,55070E-10
1,24022E+1	4,86540E-10
1,24109E+1	5,95240E-10
1,24195E+1	6,10130E-10
1,24282E+1	6,27010E-10
1,24369E+1	5,90780E-10
1,24455E+1	5,07960E-10
1,24542E+1	6,34530E-10
1,24628E+1	6,10870E-10
1,24715E+1	6,17710E-10
1,24802E+1	6,01110E-10
1,24888E+1	6,13830E-10
1,24975E+1	6,04530E-10
1,25061E+1	6,18550E-10
1,25148E+1	6,20500E-10
1,25235E+1	5,54330E-10
1,25321E+1	7,01670E-10
1,25408E+1	6,61650E-10
1,25494E+1	6,14380E-10
1,25581E+1	6,41850E-10
1,25668E+1	5,80980E-10
1,25754E+1	5,57340E-10
1,25841E+1	5,99770E-10
1,25927E+1	6,38060E-10
1,26014E+1	6,45950E-10
1,26101E+1	6,02370E-10
1,26187E+1	5,84320E-10
1,26274E+1	6,19530E-10
1,26361E+1	7,63090E-10
1,26447E+1	6,38810E-10
1,26534E+1	6,77070E-10
1,26620E+1	6,08490E-10
1,26707E+1	6,76800E-10
1,26794E+1	6,72360E-10
1,26880E+1	7,43440E-10
1,26967E+1	7,36880E-10
1,27053E+1	7,36340E-10
1,27140E+1	5,80750E-10
1,27227E+1	6,27060E-10
1,27313E+1	6,79200E-10
1,27400E+1	6,54370E-10
1,27486E+1	7,88590E-10
1,27573E+1	6,41130E-10
1,27660E+1	6,56790E-10
1,27746E+1	6,14050E-10
1,27833E+1	8,28770E-10
1,27919E+1	8,20440E-10
1,28006E+1	6,83920E-10
1,28093E+1	6,70300E-10
1,28179E+1	7,06500E-10
1,28266E+1	7,66910E-10
1,28353E+1	6,82990E-10
1,28439E+1	8,61030E-10
1,28526E+1	6,40270E-10
1,28612E+1	8,10650E-10
1,28699E+1	8,10370E-10
1,28786E+1	7,90720E-10
1,28872E+1	8,35710E-10
1,28959E+1	7,17490E-10
1,29045E+1	8,23630E-10
1,29132E+1	7,79470E-10
1,29219E+1	7,99870E-10
1,29305E+1	7,90690E-10
1,29392E+1	7,81850E-10
1,29478E+1	8,73110E-10
1,29565E+1	8,17290E-10
1,29652E+1	7,57590E-10
1,29738E+1	8,49860E-10
1,29825E+1	8,70230E-10
1,29911E+1	8,63080E-10
1,29998E+1	9,66220E-10
1,30085E+1	7,92800E-10
1,30171E+1	7,08860E-10
1,30258E+1	9,21660E-10
1,30344E+1	8,49940E-10
1,30431E+1	7,60340E-10
1,30518E+1	1,05701E-9
1,30604E+1	9,44280E-10
1,30691E+1	8,77990E-10
1,30778E+1	9,23270E-10
1,30864E+1	9,47110E-10
1,30951E+1	9,71410E-10
1,31037E+1	9,37500E-10
1,31124E+1	7,94810E-10
1,31211E+1	8,71220E-10
1,31297E+1	9,32850E-10
1,31384E+1	8,42430E-10
1,31470E+1	9,48540E-10
1,31557E+1	8,51180E-10
1,31644E+1	9,51920E-10
1,31730E+1	1,04637E-9
1,31817E+1	1,08043E-9
1,31903E+1	8,97980E-10
1,31990E+1	7,62160E-10
1,32077E+1	9,70260E-10
1,32163E+1	9,24120E-10
1,32250E+1	8,81610E-10
1,32336E+1	1,14181E-9
1,32423E+1	1,00850E-9
1,32510E+1	1,01630E-9
1,32596E+1	1,05738E-9
1,32683E+1	1,11376E-9
1,32770E+1	9,55810E-10
1,32856E+1	9,65070E-10
1,32943E+1	1,16059E-9
1,33029E+1	9,53200E-10
1,33116E+1	1,16078E-9
1,33203E+1	1,16569E-9
1,33289E+1	1,26475E-9
1,33376E+1	1,15301E-9
1,33462E+1	1,20104E-9
1,33549E+1	1,17434E-9
1,33636E+1	9,85220E-10
1,33722E+1	1,12993E-9
1,33809E+1	1,18339E-9
1,33895E+1	1,38520E-9
1,33982E+1	1,29900E-9
1,34069E+1	1,21350E-9
1,34155E+1	1,29243E-9
1,34242E+1	1,25877E-9
1,34328E+1	1,28324E-9
1,34415E+1	1,41944E-9
1,34502E+1	1,36657E-9
1,34588E+1	1,43161E-9
1,34675E+1	1,20454E-9
1,34761E+1	1,42122E-9
1,34848E+1	1,38116E-9
1,34935E+1	1,47737E-9
1,35021E+1	1,40618E-9
1,35108E+1	1,33511E-9
1,35195E+1	1,45559E-9
1,35281E+1	1,39099E-9
1,35368E+1	1,37629E-9
1,35454E+1	1,53581E-9
1,35541E+1	1,68688E-9
1,35628E+1	1,45527E-9
1,35714E+1	1,43804E-9
1,35801E+1	1,25351E-9
1,35887E+1	1,60675E-9
1,35974E+1	1,49899E-9
1,36061E+1	1,50674E-9
1,36147E+1	1,50918E-9
1,36234E+1	1,56349E-9
1,36320E+1	1,36544E-9
1,36407E+1	1,66064E-9
1,36494E+1	1,40005E-9
1,36580E+1	1,55921E-9
1,36667E+1	1,57812E-9
1,36753E+1	1,56504E-9
1,36840E+1	1,52893E-9
1,36927E+1	1,51629E-9
1,37013E+1	1,75520E-9
1,37100E+1	1,71064E-9
1,37187E+1	1,61233E-9
1,37273E+1	1,67805E-9
1,37360E+1	1,89532E-9
1,37446E+1	1,67669E-9
1,37533E+1	1,78748E-9
1,37620E+1	1,83357E-9
1,37706E+1	1,81466E-9
1,37793E+1	1,83869E-9
1,37879E+1	1,84815E-9
1,37966E+1	1,73360E-9
1,38053E+1	2,00433E-9
1,38139E+1	1,76337E-9
1,38226E+1	1,83173E-9
1,38312E+1	1,77509E-9
1,38399E+1	1,89277E-9
1,38486E+1	2,04860E-9
1,38572E+1	2,10320E-9
1,38659E+1	2,07010E-9
1,38745E+1	1,89818E-9
1,38832E+1	2,17590E-9
1,38919E+1	2,17470E-9
1,39005E+1	2,01710E-9
1,39092E+1	2,22880E-9
1,39179E+1	2,17460E-9
1,39265E+1	2,39200E-9
1,39352E+1	2,14210E-9
1,39438E+1	2,34660E-9
1,39525E+1	2,28150E-9
1,39612E+1	2,55630E-9
1,39698E+1	2,40160E-9
1,39785E+1	2,45600E-9
1,39871E+1	2,39040E-9
1,39958E+1	2,50810E-9
1,40045E+1	2,83460E-9
1,40131E+1	2,65740E-9
1,40218E+1	2,61930E-9
1,40304E+1	2,67270E-9
1,40391E+1	2,88830E-9
1,40478E+1	2,81070E-9
1,40564E+1	2,74690E-9
1,40651E+1	3,20570E-9
1,40737E+1	2,92950E-9
1,40824E+1	3,01580E-9
1,40911E+1	3,08340E-9
1,40997E+1	2,86110E-9
1,41084E+1	2,76570E-9
1,41170E+1	2,93160E-9
1,41257E+1	2,94580E-9
1,41344E+1	3,08870E-9
1,41430E+1	2,78090E-9
1,41517E+1	2,85550E-9
1,41604E+1	2,82420E-9
1,41690E+1	2,53930E-9
1,41777E+1	2,86350E-9
1,41863E+1	2,63340E-9
1,41950E+1	2,59720E-9
1,42037E+1	2,36100E-9
1,42123E+1	2,40340E-9
1,42210E+1	2,45700E-9
1,42296E+1	2,53900E-9
1,42383E+1	2,26050E-9
1,42470E+1	2,43270E-9
1,42556E+1	2,39750E-9
1,42643E+1	2,31360E-9
1,42729E+1	2,27710E-9
1,42816E+1	2,02940E-9
1,42903E+1	2,15930E-9
1,42989E+1	2,16250E-9
1,43076E+1	2,17590E-9
1,43162E+1	2,43960E-9
1,43249E+1	2,20650E-9
1,43336E+1	2,28320E-9
1,43422E+1	2,13170E-9
1,43509E+1	2,57240E-9
1,43596E+1	2,52440E-9
1,43682E+1	2,63450E-9
1,43769E+1	2,53300E-9
1,43855E+1	3,11910E-9
1,43942E+1	3,17980E-9
1,44029E+1	3,43670E-9
1,44115E+1	3,51480E-9
1,44202E+1	3,65060E-9
1,44288E+1	3,69860E-9
1,44375E+1	3,77530E-9
1,44462E+1	4,08490E-9
1,44548E+1	3,90220E-9
1,44635E+1	4,30430E-9
1,44721E+1	4,50780E-9
1,44808E+1	4,52890E-9
1,44895E+1	4,53350E-9
1,44981E+1	4,68320E-9
1,45068E+1	4,55680E-9
1,45154E+1	4,36550E-9
1,45241E+1	4,29130E-9
1,45328E+1	4,26040E-9
1,45414E+1	3,97700E-9
1,45501E+1	4,29710E-9
1,45587E+1	3,48750E-9
1,45674E+1	4,23820E-9
1,45761E+1	3,87370E-9
1,45847E+1	3,58450E-9
1,45934E+1	3,37690E-9
1,46021E+1	2,99310E-9
1,46107E+1	2,55660E-9
1,46194E+1	2,63500E-9
1,46280E+1	2,27700E-9
1,46367E+1	2,05420E-9
1,46454E+1	1,77619E-9
1,46540E+1	1,45540E-9
1,46627E+1	1,46749E-9
1,46713E+1	1,21452E-9
1,46800E+1	8,98690E-10
1,46887E+1	9,21520E-10
1,46973E+1	7,16130E-10
1,47060E+1	5,10570E-10
1,47146E+1	6,05120E-10
1,47233E+1	3,72770E-10
1,47320E+1	3,90450E-10
1,47406E+1	2,03700E-10
1,47493E+1	2,29880E-10
1,47579E+1	1,53867E-10
1,47666E+1	1,27298E-10
1,47753E+1	1,30943E-10
1,47839E+1	7,82730E-11
1,47926E+1	6,22200E-11
1,48013E+1	5,28800E-11
1,48099E+1	4,30980E-11
1,48186E+1	2,27760E-11
1,48272E+1	1,44206E-11
1,48359E+1	1,78515E-11
1,48446E+1	1,45965E-11
1,48532E+1	1,18721E-11
1,48619E+1	9,36650E-12
1,48705E+1	7,47400E-12
1,48792E+1	4,09990E-12
1,48879E+1	5,16210E-12
1,48965E+1	5,81900E-12
1,49052E+1	2,39380E-12
1,49138E+1	-3,92000E-14
1,49225E+1	2,07500E-13
1,49312E+1	5,83830E-12
1,49398E+1	7,36560E-12
1,49485E+1	4,57370E-12
1,49571E+1	9,32300E-13
1,49658E+1	1,33070E-12
1,49745E+1	5,06850E-12
1,49831E+1	3,00140E-12
1,49918E+1	2,40200E-12
