E, keV	I, A
5,00272E+0	1,41190E-11
5,01372E+0	1,46244E-11
5,02471E+0	1,82970E-11
5,03571E+0	1,06878E-11
5,04670E+0	1,64433E-11
5,05770E+0	1,03658E-11
5,06869E+0	1,81234E-11
5,07969E+0	1,09393E-11
5,09068E+0	1,47648E-11
5,10168E+0	1,45405E-11
5,11268E+0	1,88171E-11
5,12367E+0	1,19856E-11
5,13466E+0	1,61948E-11
5,14566E+0	2,16980E-11
5,15665E+0	1,75584E-11
5,16765E+0	1,67447E-11
5,17864E+0	2,93040E-11
5,18964E+0	2,28470E-11
5,20064E+0	2,06230E-11
5,21163E+0	2,78460E-11
5,22262E+0	2,25610E-11
5,23362E+0	2,01780E-11
5,24461E+0	2,15520E-11
5,25561E+0	2,25860E-11
5,26660E+0	2,44510E-11
5,27760E+0	2,41230E-11
5,28859E+0	1,64801E-11
5,29959E+0	2,21230E-11
5,31058E+0	1,39440E-11
5,32158E+0	1,78861E-11
5,33257E+0	1,37728E-11
5,34357E+0	2,01125E-11
5,35457E+0	1,55157E-11
5,36556E+0	1,88500E-11
5,37655E+0	2,61900E-11
5,38755E+0	1,78217E-11
5,39854E+0	1,72264E-11
5,40954E+0	2,09963E-11
5,42053E+0	1,58130E-11
5,43153E+0	1,78086E-11
5,44252E+0	2,20110E-11
5,45352E+0	1,94105E-11
5,46451E+0	1,86929E-11
5,47551E+0	2,23680E-11
5,48651E+0	1,69684E-11
5,49750E+0	1,57769E-11
5,50849E+0	1,44633E-11
5,51949E+0	1,55728E-11
5,53048E+0	2,80480E-11
5,54148E+0	2,50540E-11
5,55247E+0	2,06820E-11
5,56347E+0	2,79420E-11
5,57447E+0	2,05127E-11
5,58546E+0	2,34590E-11
5,59645E+0	2,25300E-11
5,60745E+0	2,23690E-11
5,61845E+0	2,15050E-11
5,62944E+0	2,06900E-11
5,64043E+0	2,15460E-11
5,65143E+0	2,26670E-11
5,66242E+0	2,74360E-11
5,67342E+0	3,41930E-11
5,68441E+0	3,34810E-11
5,69541E+0	2,80470E-11
5,70641E+0	2,86420E-11
5,71740E+0	2,50780E-11
5,72839E+0	2,41900E-11
5,73939E+0	3,49590E-11
5,75038E+0	3,96610E-11
5,76138E+0	3,21650E-11
5,77237E+0	3,53870E-11
5,78337E+0	2,64990E-11
5,79436E+0	4,04880E-11
5,80536E+0	3,14900E-11
5,81635E+0	3,05330E-11
5,82735E+0	3,15920E-11
5,83834E+0	3,82680E-11
5,84934E+0	2,63410E-11
5,86034E+0	2,76260E-11
5,87133E+0	3,49990E-11
5,88232E+0	2,84700E-11
5,89332E+0	4,28460E-11
5,90431E+0	3,88830E-11
5,91531E+0	3,18340E-11
5,92630E+0	2,26150E-11
5,93730E+0	2,16810E-11
5,94829E+0	3,12180E-11
5,95929E+0	2,11320E-11
5,97028E+0	2,64220E-11
5,98128E+0	2,61960E-11
5,99227E+0	2,60410E-11
6,00327E+0	3,40920E-11
6,01426E+0	2,81880E-11
6,02526E+0	2,63050E-11
6,03625E+0	2,77240E-11
6,04725E+0	2,70940E-11
6,05824E+0	2,84580E-11
6,06924E+0	3,76960E-11
6,08024E+0	4,30020E-11
6,09123E+0	3,64350E-11
6,10222E+0	3,12170E-11
6,11322E+0	2,49820E-11
6,12421E+0	2,95610E-11
6,13521E+0	2,83420E-11
6,14620E+0	3,74240E-11
6,15720E+0	2,68650E-11
6,16819E+0	2,81820E-11
6,17919E+0	3,28090E-11
6,19018E+0	2,88860E-11
6,20118E+0	2,91170E-11
6,21218E+0	2,44900E-11
6,22317E+0	2,78720E-11
6,23416E+0	3,18630E-11
6,24516E+0	3,11480E-11
6,25615E+0	4,08370E-11
6,26715E+0	3,14160E-11
6,27814E+0	3,51910E-11
6,28914E+0	3,63760E-11
6,30014E+0	3,85720E-11
6,31113E+0	3,71660E-11
6,32212E+0	3,26600E-11
6,33312E+0	3,42400E-11
6,34411E+0	3,06310E-11
6,35511E+0	3,23580E-11
6,36610E+0	2,77530E-11
6,37710E+0	4,09170E-11
6,38809E+0	4,22120E-11
6,39909E+0	3,36160E-11
6,41008E+0	3,12210E-11
6,42108E+0	3,85960E-11
6,43207E+0	4,77100E-11
6,44307E+0	3,64830E-11
6,45406E+0	3,84670E-11
6,46506E+0	3,08960E-11
6,47605E+0	2,48720E-11
6,48705E+0	4,14000E-11
6,49804E+0	3,84000E-11
6,50904E+0	3,28900E-11
6,52003E+0	2,70330E-11
6,53103E+0	3,16230E-11
6,54202E+0	2,36230E-11
6,55302E+0	3,65140E-11
6,56401E+0	3,28150E-11
6,57501E+0	3,38600E-11
6,58601E+0	3,40790E-11
6,59700E+0	3,55620E-11
6,60799E+0	3,97390E-11
6,61899E+0	4,13270E-11
6,62998E+0	3,40190E-11
6,64098E+0	5,20570E-11
6,65197E+0	3,96150E-11
6,66297E+0	4,54170E-11
6,67396E+0	4,21870E-11
6,68496E+0	4,94160E-11
6,69595E+0	4,92720E-11
6,70695E+0	5,88870E-11
6,71795E+0	4,45450E-11
6,72894E+0	4,76700E-11
6,73993E+0	4,96140E-11
6,75093E+0	6,80110E-11
6,76192E+0	5,94640E-11
6,77292E+0	5,17960E-11
6,78391E+0	5,07440E-11
6,79491E+0	4,69010E-11
6,80591E+0	5,62280E-11
6,81690E+0	5,58060E-11
6,82789E+0	4,41020E-11
6,83889E+0	5,37760E-11
6,84988E+0	4,65180E-11
6,86088E+0	4,68270E-11
6,87187E+0	4,09700E-11
6,88287E+0	4,84310E-11
6,89386E+0	4,45930E-11
6,90486E+0	5,09640E-11
6,91585E+0	5,73460E-11
6,92685E+0	6,12860E-11
6,93784E+0	5,90040E-11
6,94884E+0	5,89220E-11
6,95983E+0	7,09670E-11
6,97083E+0	5,93140E-11
6,98182E+0	5,69090E-11
6,99282E+0	7,05640E-11
7,00381E+0	6,74580E-11
7,01481E+0	6,28300E-11
7,02580E+0	6,82100E-11
7,03680E+0	5,24230E-11
7,04779E+0	5,55440E-11
7,05879E+0	5,96260E-11
7,06978E+0	7,78390E-11
7,08078E+0	6,76440E-11
7,09177E+0	5,63900E-11
7,10277E+0	6,52310E-11
7,11376E+0	6,83340E-11
7,12476E+0	6,62870E-11
7,13575E+0	7,21750E-11
7,14675E+0	6,18290E-11
7,15774E+0	7,11640E-11
7,16874E+0	7,53810E-11
7,17973E+0	7,09780E-11
7,19073E+0	7,56880E-11
7,20172E+0	7,75700E-11
7,21272E+0	9,30320E-11
7,22371E+0	8,12070E-11
7,23471E+0	7,62320E-11
7,24570E+0	7,77390E-11
7,25670E+0	6,58410E-11
7,26769E+0	7,01850E-11
7,27869E+0	6,99300E-11
7,28968E+0	8,44880E-11
7,30068E+0	6,75730E-11
7,31168E+0	6,23530E-11
7,32267E+0	5,94600E-11
7,33366E+0	6,14470E-11
7,34466E+0	7,55540E-11
7,35565E+0	6,71530E-11
7,36665E+0	6,65470E-11
7,37764E+0	6,26140E-11
7,38864E+0	5,85250E-11
7,39963E+0	6,44570E-11
7,41063E+0	7,40580E-11
7,42162E+0	7,01480E-11
7,43262E+0	6,61070E-11
7,44361E+0	6,78880E-11
7,45461E+0	6,75410E-11
7,46560E+0	5,43160E-11
7,47660E+0	4,68040E-11
7,48759E+0	6,97410E-11
7,49859E+0	6,37870E-11
7,50958E+0	7,01850E-11
7,52058E+0	6,34080E-11
7,53157E+0	7,67740E-11
7,54257E+0	6,17240E-11
7,55356E+0	6,55240E-11
7,56456E+0	6,37730E-11
7,57555E+0	5,88810E-11
7,58655E+0	5,88180E-11
7,59754E+0	6,49870E-11
7,60854E+0	6,30200E-11
7,61953E+0	6,72230E-11
7,63053E+0	5,12810E-11
7,64152E+0	7,08350E-11
7,65252E+0	5,47210E-11
7,66351E+0	4,57910E-11
7,67451E+0	5,67900E-11
7,68551E+0	6,80280E-11
7,69650E+0	6,72170E-11
7,70749E+0	5,56000E-11
7,71849E+0	5,68290E-11
7,72948E+0	6,70900E-11
7,74048E+0	4,65680E-11
7,75147E+0	5,94450E-11
7,76247E+0	6,43220E-11
7,77346E+0	6,54830E-11
7,78446E+0	6,03140E-11
7,79545E+0	6,84050E-11
7,80645E+0	5,33700E-11
7,81745E+0	6,11790E-11
7,82844E+0	5,64690E-11
7,83943E+0	5,85560E-11
7,85043E+0	5,73500E-11
7,86142E+0	5,37530E-11
7,87242E+0	6,03340E-11
7,88341E+0	5,55520E-11
7,89441E+0	6,87260E-11
7,90541E+0	6,97100E-11
7,91640E+0	7,16210E-11
7,92739E+0	5,90160E-11
7,93839E+0	5,65500E-11
7,94938E+0	5,99140E-11
7,96038E+0	5,44390E-11
7,97137E+0	5,92300E-11
7,98237E+0	5,82430E-11
7,99336E+0	6,75380E-11
8,00436E+0	6,49870E-11
8,01535E+0	5,01660E-11
8,02635E+0	4,60430E-11
8,03734E+0	5,48850E-11
8,04834E+0	5,41600E-11
8,05933E+0	6,08330E-11
8,07033E+0	4,91240E-11
8,08132E+0	5,79530E-11
8,09232E+0	6,16080E-11
8,10332E+0	6,01200E-11
8,11431E+0	6,17350E-11
8,12530E+0	5,94640E-11
8,13630E+0	6,08390E-11
8,14729E+0	5,33280E-11
8,15829E+0	5,67240E-11
8,16928E+0	6,17850E-11
8,18028E+0	6,49960E-11
8,19127E+0	7,36750E-11
8,20227E+0	6,63320E-11
8,21326E+0	4,87150E-11
8,22426E+0	5,37850E-11
8,23526E+0	5,70730E-11
8,24625E+0	5,41980E-11
8,25724E+0	6,52170E-11
8,26824E+0	5,31250E-11
8,27923E+0	5,56730E-11
8,29023E+0	6,94970E-11
8,30122E+0	5,95200E-11
8,31222E+0	5,95340E-11
8,32321E+0	5,86990E-11
8,33421E+0	7,52010E-11
8,34520E+0	5,84600E-11
8,35620E+0	6,13840E-11
8,36720E+0	6,00270E-11
8,37819E+0	5,79360E-11
8,38918E+0	5,59280E-11
8,40018E+0	6,09650E-11
8,41118E+0	5,56560E-11
8,42217E+0	5,34580E-11
8,43316E+0	6,57060E-11
8,44416E+0	6,67900E-11
8,45515E+0	6,00500E-11
8,46615E+0	7,16120E-11
8,47715E+0	6,63840E-11
8,48814E+0	7,69510E-11
8,49913E+0	7,02580E-11
8,51013E+0	6,47350E-11
8,52112E+0	6,46780E-11
8,53212E+0	7,03160E-11
8,54311E+0	6,52390E-11
8,55411E+0	7,77760E-11
8,56510E+0	6,71550E-11
8,57610E+0	8,54380E-11
8,58709E+0	6,60700E-11
8,59809E+0	7,30990E-11
8,60909E+0	6,88120E-11
8,62008E+0	7,35300E-11
8,63107E+0	8,17860E-11
8,64207E+0	7,94090E-11
8,65306E+0	7,24510E-11
8,66406E+0	7,90340E-11
8,67505E+0	7,13390E-11
8,68605E+0	8,63490E-11
8,69704E+0	8,40430E-11
8,70804E+0	6,76770E-11
8,71903E+0	6,67960E-11
8,73003E+0	8,17580E-11
8,74102E+0	9,83420E-11
8,75202E+0	8,17750E-11
8,76301E+0	7,34660E-11
8,77401E+0	7,78680E-11
8,78500E+0	7,93290E-11
8,79600E+0	7,71480E-11
8,80699E+0	9,38230E-11
8,81799E+0	8,22650E-11
8,82898E+0	8,61560E-11
8,83998E+0	9,23930E-11
8,85098E+0	8,04410E-11
8,86197E+0	9,19840E-11
8,87296E+0	8,28860E-11
8,88396E+0	8,98280E-11
8,89495E+0	8,84650E-11
8,90595E+0	8,17920E-11
8,91694E+0	8,80300E-11
8,92794E+0	8,75310E-11
8,93894E+0	9,67730E-11
8,94993E+0	8,15030E-11
8,96092E+0	8,12680E-11
8,97192E+0	8,41100E-11
8,98291E+0	8,54700E-11
8,99391E+0	9,31040E-11
9,00490E+0	7,79970E-11
9,01590E+0	8,50980E-11
9,02689E+0	8,06490E-11
9,03789E+0	8,55990E-11
9,04889E+0	1,05282E-10
9,05988E+0	9,84760E-11
9,07087E+0	9,16050E-11
9,08187E+0	8,54570E-11
9,09286E+0	8,79290E-11
9,10386E+0	9,87030E-11
9,11485E+0	9,35300E-11
9,12585E+0	8,51600E-11
9,13684E+0	9,70310E-11
9,14784E+0	1,06226E-10
9,15883E+0	8,44870E-11
9,16983E+0	8,45520E-11
9,18082E+0	9,26690E-11
9,19182E+0	1,03957E-10
9,20281E+0	1,08156E-10
9,21381E+0	1,13683E-10
9,22480E+0	1,05369E-10
9,23580E+0	1,01419E-10
9,24679E+0	9,50420E-11
9,25779E+0	9,47780E-11
9,26878E+0	9,92430E-11
9,27978E+0	1,09911E-10
9,29077E+0	1,05103E-10
9,30177E+0	1,03718E-10
9,31277E+0	1,16837E-10
9,32376E+0	1,12531E-10
9,33475E+0	1,16788E-10
9,34575E+0	1,12404E-10
9,35674E+0	1,05362E-10
9,36774E+0	1,15970E-10
9,37873E+0	1,39146E-10
9,38973E+0	1,36285E-10
9,40072E+0	1,44706E-10
9,41172E+0	1,36430E-10
9,42272E+0	1,28752E-10
9,43371E+0	1,48534E-10
9,44470E+0	1,40893E-10
9,45570E+0	1,41159E-10
9,46669E+0	1,57318E-10
9,47769E+0	1,61141E-10
9,48869E+0	1,51752E-10
9,49968E+0	1,74290E-10
9,51067E+0	1,78769E-10
9,52167E+0	1,75959E-10
9,53266E+0	1,90612E-10
9,54366E+0	2,19650E-10
9,55465E+0	1,95749E-10
9,56565E+0	2,24690E-10
9,57665E+0	2,02832E-10
9,58764E+0	2,00241E-10
9,59863E+0	2,06426E-10
9,60963E+0	2,48010E-10
9,62062E+0	2,02120E-10
9,62210E+0	3,10920E-10
9,63076E+0	2,31440E-10
9,63942E+0	2,73250E-10
9,64808E+0	2,03470E-10
9,65674E+0	2,07156E-10
9,66540E+0	2,07517E-10
9,67406E+0	2,33850E-10
9,68272E+0	2,02920E-10
9,69138E+0	2,78780E-10
9,70004E+0	2,39650E-10
9,70870E+0	2,05940E-10
9,71737E+0	2,00180E-10
9,72603E+0	2,61940E-10
9,73469E+0	2,03210E-10
9,74335E+0	3,05580E-10
9,75201E+0	2,73830E-10
9,76067E+0	2,86780E-10
9,76933E+0	2,70050E-10
9,77799E+0	2,30450E-10
9,78665E+0	1,78967E-10
9,79531E+0	1,81463E-10
9,80397E+0	1,83538E-10
9,81263E+0	2,06023E-10
9,82130E+0	1,83421E-10
9,82996E+0	1,72839E-10
9,83862E+0	1,66549E-10
9,84728E+0	1,67717E-10
9,85594E+0	1,76840E-10
9,86460E+0	1,75664E-10
9,87326E+0	1,84278E-10
9,88192E+0	1,99787E-10
9,89058E+0	1,68633E-10
9,89924E+0	1,61118E-10
9,90790E+0	1,63068E-10
9,91656E+0	1,85591E-10
9,92522E+0	1,69941E-10
9,93389E+0	1,61045E-10
9,94255E+0	1,58570E-10
9,95121E+0	1,79703E-10
9,95987E+0	1,75129E-10
9,96853E+0	1,88533E-10
9,97719E+0	1,62451E-10
9,98585E+0	1,68042E-10
9,99451E+0	1,82126E-10
1,00032E+1	1,97113E-10
1,00118E+1	1,79130E-10
1,00205E+1	1,86981E-10
1,00292E+1	1,74621E-10
1,00378E+1	1,68415E-10
1,00465E+1	1,75934E-10
1,00551E+1	1,73176E-10
1,00638E+1	1,86742E-10
1,00725E+1	1,70678E-10
1,00811E+1	1,90082E-10
1,00898E+1	1,72594E-10
1,00984E+1	1,99895E-10
1,01071E+1	1,92294E-10
1,01158E+1	1,81824E-10
1,01244E+1	1,92184E-10
1,01331E+1	1,90383E-10
1,01417E+1	1,67620E-10
1,01504E+1	1,89699E-10
1,01591E+1	1,86470E-10
1,01677E+1	1,90577E-10
1,01764E+1	1,82102E-10
1,01850E+1	1,78139E-10
1,01937E+1	1,66800E-10
1,02024E+1	1,59735E-10
1,02110E+1	1,77105E-10
1,02197E+1	1,70856E-10
1,02284E+1	1,64935E-10
1,02370E+1	1,74684E-10
1,02457E+1	1,87998E-10
1,02543E+1	1,78754E-10
1,02630E+1	1,80227E-10
1,02717E+1	1,72774E-10
1,02803E+1	1,57158E-10
1,02890E+1	1,76657E-10
1,02976E+1	1,93571E-10
1,03063E+1	1,97176E-10
1,03150E+1	1,98777E-10
1,03236E+1	1,86887E-10
1,03323E+1	1,84958E-10
1,03409E+1	1,98040E-10
1,03496E+1	1,86638E-10
1,03583E+1	1,96548E-10
1,03669E+1	1,84590E-10
1,03756E+1	2,02134E-10
1,03842E+1	1,75959E-10
1,03929E+1	2,14470E-10
1,04016E+1	2,06740E-10
1,04102E+1	2,16420E-10
1,04189E+1	2,94910E-10
1,04276E+1	2,04920E-10
1,04362E+1	1,85097E-10
1,04449E+1	1,99761E-10
1,04535E+1	1,73440E-10
1,04622E+1	2,44580E-10
1,04709E+1	2,34000E-10
1,04795E+1	1,93786E-10
1,04882E+1	2,04634E-10
1,04968E+1	1,89337E-10
1,05055E+1	2,00981E-10
1,05142E+1	1,89680E-10
1,05228E+1	2,75230E-10
1,05315E+1	2,38870E-10
1,05401E+1	2,80820E-10
1,05488E+1	2,32470E-10
1,05575E+1	2,38700E-10
1,05661E+1	2,68050E-10
1,05748E+1	2,07249E-10
1,05834E+1	2,09489E-10
1,05921E+1	2,79690E-10
1,06008E+1	2,32920E-10
1,06094E+1	2,13720E-10
1,06181E+1	2,07960E-10
1,06267E+1	2,31590E-10
1,06354E+1	2,43200E-10
1,06441E+1	2,67230E-10
1,06527E+1	2,19230E-10
1,06614E+1	2,07760E-10
1,06701E+1	2,49090E-10
1,06787E+1	3,07450E-10
1,06874E+1	2,05560E-10
1,06960E+1	2,49010E-10
1,07047E+1	2,84830E-10
1,07134E+1	2,48050E-10
1,07220E+1	2,64020E-10
1,07307E+1	2,53520E-10
1,07393E+1	2,53410E-10
1,07480E+1	2,10950E-10
1,07567E+1	2,35420E-10
1,07653E+1	2,75780E-10
1,07740E+1	2,57370E-10
1,07826E+1	2,46480E-10
1,07913E+1	2,17180E-10
1,08000E+1	2,36920E-10
1,08086E+1	2,73120E-10
1,08173E+1	2,08570E-10
1,08259E+1	2,00280E-10
1,08346E+1	2,53250E-10
1,08433E+1	2,51730E-10
1,08519E+1	2,47040E-10
1,08606E+1	2,51980E-10
1,08693E+1	2,03750E-10
1,08779E+1	2,86170E-10
1,08866E+1	2,89730E-10
1,08952E+1	2,64650E-10
1,09039E+1	2,25140E-10
1,09126E+1	3,15450E-10
1,09212E+1	2,31090E-10
1,09299E+1	2,73260E-10
1,09385E+1	2,77560E-10
1,09472E+1	2,00600E-10
1,09559E+1	2,10580E-10
1,09645E+1	2,36970E-10
1,09732E+1	2,36590E-10
1,09818E+1	2,27500E-10
1,09905E+1	2,77700E-10
1,09992E+1	2,80860E-10
1,10078E+1	3,26020E-10
1,10165E+1	3,04690E-10
1,10251E+1	2,61720E-10
1,10338E+1	2,10020E-10
1,10425E+1	2,70120E-10
1,10511E+1	2,25220E-10
1,10598E+1	2,36570E-10
1,10684E+1	3,03590E-10
1,10771E+1	2,55510E-10
1,10858E+1	2,75220E-10
1,10944E+1	2,31390E-10
1,11031E+1	2,72170E-10
1,11118E+1	2,50250E-10
1,11204E+1	2,42650E-10
1,11291E+1	2,19050E-10
1,11377E+1	2,57670E-10
1,11464E+1	3,62810E-10
1,11551E+1	2,79840E-10
1,11637E+1	3,96170E-10
1,11724E+1	2,70620E-10
1,11810E+1	2,77480E-10
1,11897E+1	3,21030E-10
1,11984E+1	3,18830E-10
1,12070E+1	2,38330E-10
1,12157E+1	2,94470E-10
1,12243E+1	2,67360E-10
1,12330E+1	3,36380E-10
1,12417E+1	2,81910E-10
1,12503E+1	2,87050E-10
1,12590E+1	3,11380E-10
1,12676E+1	3,27080E-10
1,12763E+1	2,64040E-10
1,12850E+1	3,56190E-10
1,12936E+1	2,95810E-10
1,13023E+1	2,94540E-10
1,13110E+1	2,88830E-10
1,13196E+1	2,79120E-10
1,13283E+1	3,63680E-10
1,13369E+1	2,88730E-10
1,13456E+1	2,72700E-10
1,13543E+1	3,64810E-10
1,13629E+1	3,34120E-10
1,13716E+1	2,91620E-10
1,13802E+1	3,75310E-10
1,13889E+1	3,14550E-10
1,13976E+1	3,82690E-10
1,14062E+1	3,03500E-10
1,14149E+1	3,32760E-10
1,14235E+1	3,46210E-10
1,14322E+1	4,18130E-10
1,14409E+1	3,49600E-10
1,14495E+1	3,18010E-10
1,14582E+1	3,47470E-10
1,14668E+1	2,94420E-10
1,14755E+1	3,31740E-10
1,14842E+1	3,00690E-10
1,14928E+1	3,34850E-10
1,15015E+1	4,31660E-10
1,15101E+1	4,12870E-10
1,15188E+1	2,95470E-10
1,15275E+1	3,30510E-10
1,15361E+1	3,11740E-10
1,15448E+1	4,45720E-10
1,15535E+1	2,62700E-10
1,15621E+1	3,42320E-10
1,15708E+1	3,78240E-10
1,15794E+1	2,87850E-10
1,15881E+1	4,12520E-10
1,15968E+1	3,64810E-10
1,16054E+1	3,08440E-10
1,16141E+1	3,82140E-10
1,16227E+1	3,11900E-10
1,16314E+1	3,41810E-10
1,16401E+1	2,52250E-10
1,16487E+1	3,17680E-10
1,16574E+1	3,62710E-10
1,16660E+1	3,12620E-10
1,16747E+1	3,70590E-10
1,16834E+1	4,06090E-10
1,16920E+1	3,82830E-10
1,17007E+1	4,59090E-10
1,17093E+1	3,83700E-10
1,17180E+1	3,80240E-10
1,17267E+1	3,40140E-10
1,17353E+1	4,13100E-10
1,17440E+1	4,26080E-10
1,17527E+1	3,30240E-10
1,17613E+1	3,74690E-10
1,17700E+1	4,59910E-10
1,17786E+1	3,36520E-10
1,17873E+1	2,88780E-10
1,17960E+1	3,47560E-10
1,18046E+1	4,77830E-10
1,18133E+1	4,91330E-10
1,18219E+1	4,49540E-10
1,18306E+1	4,31210E-10
1,18393E+1	4,93310E-10
1,18479E+1	4,93240E-10
1,18566E+1	4,18590E-10
1,18652E+1	4,62400E-10
1,18739E+1	3,94100E-10
1,18826E+1	3,82210E-10
1,18912E+1	4,55450E-10
1,18999E+1	5,35990E-10
1,19085E+1	4,17620E-10
1,19172E+1	5,13180E-10
1,19259E+1	4,78030E-10
1,19345E+1	4,45350E-10
1,19432E+1	4,47790E-10
1,19519E+1	5,40730E-10
1,19605E+1	3,95290E-10
1,19692E+1	4,65750E-10
1,19778E+1	4,51780E-10
1,19865E+1	4,23360E-10
1,19952E+1	4,46890E-10
1,20038E+1	5,54290E-10
1,20125E+1	4,91480E-10
1,20211E+1	4,69330E-10
1,20298E+1	5,52240E-10
1,20385E+1	4,12660E-10
1,20471E+1	4,75750E-10
1,20558E+1	4,08130E-10
1,20644E+1	4,51330E-10
1,20731E+1	5,61240E-10
1,20818E+1	4,50370E-10
1,20904E+1	5,09870E-10
1,20991E+1	5,15530E-10
1,21077E+1	4,20340E-10
1,21164E+1	5,63210E-10
1,21251E+1	5,40620E-10
1,21337E+1	4,90310E-10
1,21424E+1	5,99340E-10
1,21510E+1	5,03250E-10
1,21597E+1	6,34740E-10
1,21684E+1	5,15540E-10
1,21770E+1	5,44990E-10
1,21857E+1	5,32720E-10
1,21944E+1	5,05520E-10
1,22030E+1	6,13080E-10
1,22117E+1	6,51550E-10
1,22203E+1	4,85750E-10
1,22290E+1	5,62310E-10
1,22377E+1	5,36780E-10
1,22463E+1	4,77790E-10
1,22550E+1	3,91180E-10
1,22636E+1	5,12360E-10
1,22723E+1	5,36620E-10
1,22810E+1	5,88730E-10
1,22896E+1	6,13730E-10
1,22983E+1	5,74990E-10
1,23069E+1	5,21330E-10
1,23156E+1	5,39430E-10
1,23243E+1	5,62750E-10
1,23329E+1	5,70950E-10
1,23416E+1	5,98610E-10
1,23502E+1	5,82560E-10
1,23589E+1	5,36390E-10
1,23676E+1	4,83800E-10
1,23762E+1	4,95180E-10
1,23849E+1	7,03490E-10
1,23936E+1	5,51130E-10
1,24022E+1	6,25710E-10
1,24109E+1	7,64630E-10
1,24195E+1	7,20200E-10
1,24282E+1	6,05900E-10
1,24369E+1	6,66710E-10
1,24455E+1	6,22960E-10
1,24542E+1	5,72170E-10
1,24628E+1	7,41550E-10
1,24715E+1	5,50660E-10
1,24802E+1	6,33680E-10
1,24888E+1	6,83960E-10
1,24975E+1	6,33130E-10
1,25061E+1	6,13700E-10
1,25148E+1	5,63880E-10
1,25235E+1	6,14800E-10
1,25321E+1	7,04090E-10
1,25408E+1	6,51420E-10
1,25494E+1	5,32390E-10
1,25581E+1	6,45540E-10
1,25668E+1	7,09940E-10
1,25754E+1	6,03780E-10
1,25841E+1	6,39130E-10
1,25927E+1	5,92760E-10
1,26014E+1	7,05790E-10
1,26101E+1	6,52490E-10
1,26187E+1	6,59120E-10
1,26274E+1	6,07330E-10
1,26361E+1	5,46630E-10
1,26447E+1	7,69940E-10
1,26534E+1	6,83740E-10
1,26620E+1	8,13140E-10
1,26707E+1	7,97580E-10
1,26794E+1	7,11920E-10
1,26880E+1	8,69130E-10
1,26967E+1	6,64950E-10
1,27053E+1	8,46900E-10
1,27140E+1	7,85350E-10
1,27227E+1	6,49780E-10
1,27313E+1	7,41650E-10
1,27400E+1	7,80030E-10
1,27486E+1	6,94280E-10
1,27573E+1	6,12230E-10
1,27660E+1	8,97760E-10
1,27746E+1	7,84320E-10
1,27833E+1	8,15540E-10
1,27919E+1	8,74010E-10
1,28006E+1	7,61070E-10
1,28093E+1	7,44400E-10
1,28179E+1	7,92160E-10
1,28266E+1	8,70950E-10
1,28353E+1	9,19510E-10
1,28439E+1	8,95210E-10
1,28526E+1	8,84710E-10
1,28612E+1	8,14580E-10
1,28699E+1	7,72570E-10
1,28786E+1	8,20350E-10
1,28872E+1	6,78890E-10
1,28959E+1	8,62040E-10
1,29045E+1	7,86970E-10
1,29132E+1	9,20750E-10
1,29219E+1	8,54490E-10
1,29305E+1	7,71130E-10
1,29392E+1	9,16380E-10
1,29478E+1	9,87340E-10
1,29565E+1	8,63620E-10
1,29652E+1	1,04383E-9
1,29738E+1	9,48120E-10
1,29825E+1	9,30470E-10
1,29911E+1	8,25200E-10
1,29998E+1	9,83040E-10
1,30085E+1	8,75490E-10
1,30171E+1	9,16620E-10
1,30258E+1	9,44150E-10
1,30344E+1	9,34640E-10
1,30431E+1	8,99640E-10
1,30518E+1	9,64450E-10
1,30604E+1	8,36200E-10
1,30691E+1	9,36990E-10
1,30778E+1	1,04286E-9
1,30864E+1	9,84070E-10
1,30951E+1	1,00451E-9
1,31037E+1	9,02120E-10
1,31124E+1	1,11422E-9
1,31211E+1	1,01143E-9
1,31297E+1	1,05846E-9
1,31384E+1	1,06517E-9
1,31470E+1	1,16691E-9
1,31557E+1	1,01992E-9
1,31644E+1	1,11145E-9
1,31730E+1	1,09629E-9
1,31817E+1	1,07831E-9
1,31903E+1	1,11464E-9
1,31990E+1	1,09116E-9
1,32077E+1	1,13618E-9
1,32163E+1	1,13838E-9
1,32250E+1	1,06828E-9
1,32336E+1	1,20144E-9
1,32423E+1	1,21104E-9
1,32510E+1	1,27080E-9
1,32596E+1	1,18951E-9
1,32683E+1	1,28143E-9
1,32770E+1	1,20101E-9
1,32856E+1	1,19188E-9
1,32943E+1	1,20925E-9
1,33029E+1	1,22796E-9
1,33116E+1	1,32424E-9
1,33203E+1	1,24525E-9
1,33289E+1	1,15925E-9
1,33376E+1	1,35254E-9
1,33462E+1	1,08057E-9
1,33549E+1	1,38694E-9
1,33636E+1	1,32217E-9
1,33722E+1	1,48309E-9
1,33809E+1	1,38431E-9
1,33895E+1	1,51199E-9
1,33982E+1	1,52901E-9
1,34069E+1	1,48346E-9
1,34155E+1	1,47009E-9
1,34242E+1	1,58203E-9
1,34328E+1	1,46467E-9
1,34415E+1	1,58574E-9
1,34502E+1	1,39076E-9
1,34588E+1	1,59264E-9
1,34675E+1	1,60693E-9
1,34761E+1	1,50156E-9
1,34848E+1	1,51601E-9
1,34935E+1	1,71941E-9
1,35021E+1	1,47488E-9
1,35108E+1	1,66261E-9
1,35195E+1	1,67265E-9
1,35281E+1	1,60281E-9
1,35368E+1	1,62606E-9
1,35454E+1	1,70795E-9
1,35541E+1	1,57221E-9
1,35628E+1	1,79069E-9
1,35714E+1	1,64120E-9
1,35801E+1	1,71043E-9
1,35887E+1	1,57615E-9
1,35974E+1	1,77417E-9
1,36061E+1	1,82431E-9
1,36147E+1	1,80666E-9
1,36234E+1	1,62934E-9
1,36320E+1	1,79221E-9
1,36407E+1	1,70740E-9
1,36494E+1	1,92728E-9
1,36580E+1	1,88431E-9
1,36667E+1	1,75265E-9
1,36753E+1	1,73845E-9
1,36840E+1	1,94304E-9
1,36927E+1	1,77864E-9
1,37013E+1	1,85550E-9
1,37100E+1	1,79053E-9
1,37187E+1	1,68992E-9
1,37273E+1	2,02090E-9
1,37360E+1	1,98634E-9
1,37446E+1	1,97830E-9
1,37533E+1	2,09140E-9
1,37620E+1	2,05870E-9
1,37706E+1	2,21810E-9
1,37793E+1	2,00710E-9
1,37879E+1	2,00650E-9
1,37966E+1	2,16700E-9
1,38053E+1	2,14780E-9
1,38139E+1	2,20720E-9
1,38226E+1	2,00200E-9
1,38312E+1	2,24380E-9
1,38399E+1	2,24500E-9
1,38486E+1	2,28700E-9
1,38572E+1	2,33650E-9
1,38659E+1	2,49540E-9
1,38745E+1	2,33840E-9
1,38832E+1	2,36040E-9
1,38919E+1	2,31210E-9
1,39005E+1	2,45350E-9
1,39092E+1	2,41730E-9
1,39179E+1	2,49350E-9
1,39265E+1	2,59180E-9
1,39352E+1	2,40140E-9
1,39438E+1	2,53880E-9
1,39525E+1	2,62620E-9
1,39612E+1	2,84630E-9
1,39698E+1	2,81540E-9
1,39785E+1	2,97320E-9
1,39871E+1	3,08800E-9
1,39958E+1	3,09410E-9
1,40045E+1	3,13270E-9
1,40131E+1	3,11350E-9
1,40218E+1	3,42550E-9
1,40304E+1	3,15010E-9
1,40391E+1	3,25600E-9
1,40478E+1	3,35150E-9
1,40564E+1	3,33270E-9
1,40651E+1	3,16990E-9
1,40737E+1	3,74050E-9
1,40824E+1	3,56270E-9
1,40911E+1	3,56870E-9
1,40997E+1	3,52410E-9
1,41084E+1	3,63560E-9
1,41170E+1	3,73400E-9
1,41257E+1	3,31720E-9
1,41344E+1	3,24530E-9
1,41430E+1	3,38240E-9
1,41517E+1	3,47510E-9
1,41604E+1	3,24800E-9
1,41690E+1	3,28640E-9
1,41777E+1	3,21280E-9
1,41863E+1	2,99170E-9
1,41950E+1	3,10590E-9
1,42037E+1	3,23220E-9
1,42123E+1	3,17380E-9
1,42210E+1	2,64060E-9
1,42296E+1	2,77510E-9
1,42383E+1	2,70700E-9
1,42470E+1	2,72680E-9
1,42556E+1	2,52680E-9
1,42643E+1	2,91300E-9
1,42729E+1	2,64690E-9
1,42816E+1	2,52790E-9
1,42903E+1	2,48290E-9
1,42989E+1	2,76820E-9
1,43076E+1	2,58690E-9
1,43162E+1	2,56030E-9
1,43249E+1	2,67460E-9
1,43336E+1	2,46330E-9
1,43422E+1	2,81780E-9
1,43509E+1	2,93520E-9
1,43596E+1	2,93180E-9
1,43682E+1	3,27100E-9
1,43769E+1	3,56650E-9
1,43855E+1	3,37210E-9
1,43942E+1	3,78880E-9
1,44029E+1	3,96400E-9
1,44115E+1	4,01900E-9
1,44202E+1	4,17610E-9
1,44288E+1	4,39070E-9
1,44375E+1	4,40680E-9
1,44462E+1	4,47610E-9
1,44548E+1	5,05160E-9
1,44635E+1	5,20160E-9
1,44721E+1	5,26070E-9
1,44808E+1	5,53180E-9
1,44895E+1	5,51770E-9
1,44981E+1	5,20990E-9
1,45068E+1	5,31490E-9
1,45154E+1	5,50370E-9
1,45241E+1	5,44730E-9
1,45328E+1	5,41740E-9
1,45414E+1	5,31290E-9
1,45501E+1	4,93560E-9
1,45587E+1	4,90010E-9
1,45674E+1	4,87030E-9
1,45761E+1	4,58190E-9
1,45847E+1	4,40130E-9
1,45934E+1	3,92710E-9
1,46021E+1	3,70310E-9
1,46107E+1	3,55690E-9
1,46194E+1	3,15940E-9
1,46280E+1	2,60050E-9
1,46367E+1	2,63670E-9
1,46454E+1	2,33970E-9
1,46540E+1	1,84563E-9
1,46627E+1	1,59521E-9
1,46713E+1	1,48629E-9
1,46800E+1	1,13975E-9
1,46887E+1	1,10672E-9
1,46973E+1	6,98940E-10
1,47060E+1	7,86050E-10
1,47146E+1	6,77190E-10
1,47233E+1	5,32310E-10
1,47320E+1	3,86330E-10
1,47406E+1	2,45360E-10
1,47493E+1	2,11580E-10
1,47579E+1	1,64683E-10
1,47666E+1	2,01793E-10
1,47753E+1	1,54318E-10
1,47839E+1	1,03397E-10
1,47926E+1	8,31640E-11
1,48013E+1	6,13100E-11
1,48099E+1	5,10700E-11
1,48186E+1	3,87690E-11
1,48272E+1	2,54160E-11
1,48359E+1	1,63614E-11
1,48446E+1	9,05950E-12
1,48532E+1	9,40900E-12
1,48619E+1	9,49430E-12
1,48705E+1	9,79390E-12
1,48792E+1	8,82960E-12
1,48879E+1	2,61730E-12
1,48965E+1	4,18500E-12
1,49052E+1	1,19620E-12
1,49138E+1	9,02800E-13
1,49225E+1	7,67600E-13
1,49312E+1	1,46690E-12
1,49398E+1	2,08370E-12
1,49485E+1	2,49400E-12
1,49571E+1	1,55600E-12
1,49658E+1	3,26980E-12
1,49745E+1	3,82920E-12
1,49831E+1	5,23310E-12
