E, keV	I, A
0,00000E+0	2,40020E-12
1,09950E-2	1,62500E-13
2,19900E-2	5,22700E-13
3,29850E-2	2,22400E-13
4,39800E-2	-8,00000E-14
5,49750E-2	9,41100E-13
6,59700E-2	-7,11000E-14
7,69650E-2	-1,10200E-13
8,79600E-2	8,11300E-13
9,89550E-2	9,21800E-13
1,09950E-1	1,48710E-12
1,20945E-1	1,66200E-13
1,31940E-1	4,71300E-13
1,42935E-1	9,81000E-14
1,53930E-1	8,74000E-13
1,64925E-1	6,19600E-13
1,75920E-1	1,04460E-12
1,86915E-1	9,18000E-14
1,97910E-1	7,60000E-13
2,08905E-1	1,21780E-12
2,19900E-1	6,29000E-13
2,30895E-1	-8,66000E-14
2,41890E-1	1,19470E-12
2,52885E-1	2,12900E-13
2,63880E-1	2,87600E-13
2,74875E-1	6,40500E-13
2,85870E-1	1,72990E-12
2,96865E-1	6,84000E-14
3,07860E-1	2,75500E-13
3,18855E-1	6,98000E-13
3,29850E-1	3,41300E-13
3,40845E-1	1,38170E-12
3,51840E-1	7,02500E-13
3,62835E-1	1,57000E-13
3,73830E-1	1,33410E-12
3,84825E-1	1,87560E-12
3,95820E-1	1,47630E-12
4,06815E-1	1,13170E-12
4,17810E-1	1,03680E-12
4,28805E-1	4,72700E-13
4,39800E-1	9,90700E-13
4,50795E-1	2,10400E-13
4,61790E-1	3,54100E-13
4,72785E-1	2,17700E-13
4,83780E-1	3,84300E-13
4,94775E-1	6,85400E-13
5,05770E-1	6,50700E-13
5,16765E-1	1,77430E-12
5,27760E-1	7,25300E-13
5,38755E-1	1,47260E-12
5,49750E-1	7,41000E-14
5,60745E-1	4,26400E-13
5,71740E-1	8,49300E-13
5,82735E-1	-1,93000E-14
5,93730E-1	2,44290E-12
6,04725E-1	9,92800E-13
6,15720E-1	2,14200E-13
6,26715E-1	9,73700E-13
6,37710E-1	1,57230E-12
6,48705E-1	3,60400E-13
6,59700E-1	2,19950E-12
6,70695E-1	5,02560E-12
6,81690E-1	1,00320E-12
6,92685E-1	3,09050E-12
7,03680E-1	8,01400E-13
7,14675E-1	1,86480E-12
7,25670E-1	9,61000E-14
7,36665E-1	1,26520E-12
7,47660E-1	5,46200E-13
7,58655E-1	5,81500E-13
7,69650E-1	3,23800E-12
7,80645E-1	1,78830E-12
7,91640E-1	3,05060E-12
8,02635E-1	1,82010E-12
8,13630E-1	2,11960E-12
8,24625E-1	3,03200E-12
8,35620E-1	2,41940E-12
8,46615E-1	1,73740E-12
8,57610E-1	8,97700E-13
8,68605E-1	4,08500E-13
8,79600E-1	2,42330E-12
8,90595E-1	9,98600E-13
9,01590E-1	5,73800E-13
9,12585E-1	2,67900E-12
9,23580E-1	1,87200E-12
9,34575E-1	1,31460E-12
9,45570E-1	2,17210E-12
9,56565E-1	7,17800E-13
9,67560E-1	1,41980E-12
9,78555E-1	5,92500E-13
9,89550E-1	4,71100E-13
1,00055E+0	1,76530E-12
1,01154E+0	8,46300E-13
1,02253E+0	9,13900E-13
1,03353E+0	7,97000E-14
1,04452E+0	6,72600E-13
1,05552E+0	5,60200E-13
1,06651E+0	9,71900E-13
1,07751E+0	1,80240E-12
1,08850E+0	1,31770E-12
1,09950E+0	3,98660E-12
1,11050E+0	1,04760E-12
1,12149E+0	2,18440E-12
1,13248E+0	1,25580E-12
1,14348E+0	1,52520E-12
1,15447E+0	3,71740E-12
1,16547E+0	2,71450E-12
1,17647E+0	1,49920E-12
1,18746E+0	1,30280E-12
1,19846E+0	1,50650E-12
1,20945E+0	2,96420E-12
1,22045E+0	3,59280E-12
1,23144E+0	1,72360E-12
1,24243E+0	1,57560E-12
1,25343E+0	1,58860E-12
1,26442E+0	1,32250E-12
1,27542E+0	2,53640E-12
1,28641E+0	1,34940E-12
1,29741E+0	1,71800E-12
1,30840E+0	2,32470E-12
1,31940E+0	9,99400E-13
1,33039E+0	1,51810E-12
1,34139E+0	1,23860E-12
1,35238E+0	1,66050E-12
1,36338E+0	2,73900E-12
1,37437E+0	8,83200E-13
1,38537E+0	1,95510E-12
1,39636E+0	5,14870E-12
1,40736E+0	1,53080E-12
1,41836E+0	1,88840E-12
1,42935E+0	1,61410E-12
1,44034E+0	1,03210E-12
1,45134E+0	2,39240E-12
1,46233E+0	2,20180E-12
1,47333E+0	1,88190E-12
1,48432E+0	2,36610E-12
1,49532E+0	2,41170E-12
1,50632E+0	1,60850E-12
1,51731E+0	4,35400E-12
1,52830E+0	2,67420E-12
1,53930E+0	1,14820E-12
1,55029E+0	1,16810E-12
1,56129E+0	1,06930E-12
1,57228E+0	1,52600E-12
1,58328E+0	1,01810E-12
1,59427E+0	4,09800E-12
1,60527E+0	1,89730E-12
1,61626E+0	3,47530E-12
1,62726E+0	1,46750E-12
1,63825E+0	2,14870E-12
1,64925E+0	2,26920E-12
1,66024E+0	3,07280E-12
1,67124E+0	3,31010E-12
1,68223E+0	2,80970E-12
1,69323E+0	2,85010E-12
1,70422E+0	2,60430E-12
1,71522E+0	2,33440E-12
1,72622E+0	2,46360E-12
1,73721E+0	1,10240E-12
1,74821E+0	2,17290E-12
1,75920E+0	1,72480E-12
1,77019E+0	2,55710E-12
1,78119E+0	2,18830E-12
1,79218E+0	3,58090E-12
1,80318E+0	2,01710E-12
1,81417E+0	2,40830E-12
1,82517E+0	1,62290E-12
1,83616E+0	2,68470E-12
1,84716E+0	3,09710E-12
1,85815E+0	2,93490E-12
1,86915E+0	1,42420E-12
1,88014E+0	1,75090E-12
1,89114E+0	4,74340E-12
1,90213E+0	1,64870E-12
1,91313E+0	1,32000E-12
1,92412E+0	2,19640E-12
1,93512E+0	5,48840E-12
1,94611E+0	2,57020E-12
1,95711E+0	2,58350E-12
1,96810E+0	3,16140E-12
1,97910E+0	3,17000E-12
1,99009E+0	1,44150E-12
2,00109E+0	3,73510E-12
2,01208E+0	2,18720E-12
2,02308E+0	1,39670E-12
2,03408E+0	2,40340E-12
2,04507E+0	4,07160E-12
2,05606E+0	1,93140E-12
2,06706E+0	2,34950E-12
2,07805E+0	1,07820E-12
2,08905E+0	2,36590E-12
2,10004E+0	2,71500E-12
2,11104E+0	4,37600E-12
2,12203E+0	3,71990E-12
2,13303E+0	2,17850E-12
2,14402E+0	3,15150E-12
2,15502E+0	1,70430E-12
2,16601E+0	3,74890E-12
2,17701E+0	2,41690E-12
2,18800E+0	2,16170E-12
2,19900E+0	2,16370E-12
2,20999E+0	4,32390E-12
2,22099E+0	4,53110E-12
2,23198E+0	1,89510E-12
2,24298E+0	1,70040E-12
2,25397E+0	3,07500E-12
2,26497E+0	4,22440E-12
2,27596E+0	5,36520E-12
2,28696E+0	2,37920E-12
2,29795E+0	3,92100E-12
2,30895E+0	1,95530E-12
2,31994E+0	5,87680E-12
2,33094E+0	4,94780E-12
2,34193E+0	4,54610E-12
2,35293E+0	5,88840E-12
2,36392E+0	5,10140E-12
2,37492E+0	2,13660E-12
2,38591E+0	2,55460E-12
2,39691E+0	1,19320E-12
2,40790E+0	4,43580E-12
2,41890E+0	3,37030E-12
2,42989E+0	2,19730E-12
2,44089E+0	4,39810E-12
2,45188E+0	5,35150E-12
2,46288E+0	6,09880E-12
2,47387E+0	4,39030E-12
2,48487E+0	3,99600E-12
2,49586E+0	5,99850E-12
2,50686E+0	4,24940E-12
2,51785E+0	7,90980E-12
2,52885E+0	3,41490E-12
2,53984E+0	3,73910E-12
2,55084E+0	1,74160E-12
2,56183E+0	4,40020E-12
2,57283E+0	3,20540E-12
2,58383E+0	4,20940E-12
2,59482E+0	3,92860E-12
2,60581E+0	4,14340E-12
2,61681E+0	4,35950E-12
2,62780E+0	5,84870E-12
2,63880E+0	3,31080E-12
2,64980E+0	5,58740E-12
2,66079E+0	6,07290E-12
2,67178E+0	5,15280E-12
2,68278E+0	3,55810E-12
2,69378E+0	6,64860E-12
2,70477E+0	2,44840E-12
2,71577E+0	3,53990E-12
2,72676E+0	2,93020E-12
2,73775E+0	4,29610E-12
2,74875E+0	2,84040E-12
2,75974E+0	3,69190E-12
2,77074E+0	3,54200E-12
2,78173E+0	4,94440E-12
2,79273E+0	2,42990E-12
2,80372E+0	3,85100E-12
2,81472E+0	4,51130E-12
2,82571E+0	5,76490E-12
2,83671E+0	7,80930E-12
2,84770E+0	6,96850E-12
2,85870E+0	5,14730E-12
2,86969E+0	3,68030E-12
2,88069E+0	4,28400E-12
2,89168E+0	4,62910E-12
2,90268E+0	4,72310E-12
2,91367E+0	4,08280E-12
2,92467E+0	7,38380E-12
2,93566E+0	3,78820E-12
2,94666E+0	5,19980E-12
2,95765E+0	5,66680E-12
2,96865E+0	4,67820E-12
2,97964E+0	6,10680E-12
2,99064E+0	5,70350E-12
3,00163E+0	5,64180E-12
3,01263E+0	5,41850E-12
3,02363E+0	7,90720E-12
3,03462E+0	6,64410E-12
3,04561E+0	5,39080E-12
3,05661E+0	6,22920E-12
3,06760E+0	5,79390E-12
3,07860E+0	3,78990E-12
3,08959E+0	4,70240E-12
3,10059E+0	7,28260E-12
3,11158E+0	3,17160E-12
3,12258E+0	6,23050E-12
3,13357E+0	5,36760E-12
3,14457E+0	5,10580E-12
3,15556E+0	6,82540E-12
3,16656E+0	5,35420E-12
3,17755E+0	4,40810E-12
3,18855E+0	5,40980E-12
3,19955E+0	1,05317E-11
3,21054E+0	6,64200E-12
3,22153E+0	6,76320E-12
3,23253E+0	5,61870E-12
3,24352E+0	6,61060E-12
3,25452E+0	6,46550E-12
3,26552E+0	5,54440E-12
3,27651E+0	6,78250E-12
3,28750E+0	6,15820E-12
3,29850E+0	5,59130E-12
3,30949E+0	1,04017E-11
3,32049E+0	7,47000E-12
3,33148E+0	4,48890E-12
3,34248E+0	4,72460E-12
3,35347E+0	6,30230E-12
3,36447E+0	6,79750E-12
3,37546E+0	5,08630E-12
3,38646E+0	5,97770E-12
3,39745E+0	8,54340E-12
3,40845E+0	5,00620E-12
3,41944E+0	4,04430E-12
3,43044E+0	8,03820E-12
3,44143E+0	4,86120E-12
3,45243E+0	7,52340E-12
3,46342E+0	9,79370E-12
3,47442E+0	9,39920E-12
3,48541E+0	1,31559E-11
3,49641E+0	9,05220E-12
3,50740E+0	1,04725E-11
3,51840E+0	9,46530E-12
3,52939E+0	9,62620E-12
3,54039E+0	7,23620E-12
3,55138E+0	7,61230E-12
3,56238E+0	1,10641E-11
3,57337E+0	8,00140E-12
3,58437E+0	8,33110E-12
3,59536E+0	6,87590E-12
3,60636E+0	6,29550E-12
3,61735E+0	3,42970E-12
3,62835E+0	9,44410E-12
3,63934E+0	1,39648E-11
3,65034E+0	9,72300E-12
3,66133E+0	8,96730E-12
3,67233E+0	1,35623E-11
3,68332E+0	7,38440E-12
3,69432E+0	8,76940E-12
3,70531E+0	6,68660E-12
3,71631E+0	6,37870E-12
3,72730E+0	1,13094E-11
3,73830E+0	8,71480E-12
3,74930E+0	1,09576E-11
3,76029E+0	9,99750E-12
3,77128E+0	8,54310E-12
3,78228E+0	7,57000E-12
3,79327E+0	1,07952E-11
3,80427E+0	1,05960E-11
3,81527E+0	7,95280E-12
3,82626E+0	1,11248E-11
3,83725E+0	1,32803E-11
3,84825E+0	1,06165E-11
3,85924E+0	9,14160E-12
3,87024E+0	7,34730E-12
3,88123E+0	1,16501E-11
3,89223E+0	1,02077E-11
3,90322E+0	1,02064E-11
3,91422E+0	9,52850E-12
3,92521E+0	1,15500E-11
3,93621E+0	8,54410E-12
3,94720E+0	6,60780E-12
3,95820E+0	1,45902E-11
3,96919E+0	1,03132E-11
3,98019E+0	1,07447E-11
3,99118E+0	1,06921E-11
4,00218E+0	1,25120E-11
4,01317E+0	5,87510E-12
4,02417E+0	1,11136E-11
4,03516E+0	1,12477E-11
4,04616E+0	1,01211E-11
4,05715E+0	1,12507E-11
4,06815E+0	8,47410E-12
4,07914E+0	5,60430E-12
4,09014E+0	8,22050E-12
4,10113E+0	1,39359E-11
4,11213E+0	1,47145E-11
4,12312E+0	1,28582E-11
4,13412E+0	1,01127E-11
4,14511E+0	1,27849E-11
4,15611E+0	1,26024E-11
4,16710E+0	1,53998E-11
4,17810E+0	1,42695E-11
4,18910E+0	1,55664E-11
4,20009E+0	1,10534E-11
4,21108E+0	9,89490E-12
4,22208E+0	1,37057E-11
4,23307E+0	1,01861E-11
4,24407E+0	1,40763E-11
4,25507E+0	1,52395E-11
4,26606E+0	1,31114E-11
4,27705E+0	9,12800E-12
4,28805E+0	1,09550E-11
4,29904E+0	1,25746E-11
4,31004E+0	1,08496E-11
4,32104E+0	1,23778E-11
4,33203E+0	1,22036E-11
4,34302E+0	2,06498E-11
4,35402E+0	1,58777E-11
4,36501E+0	7,93780E-12
4,37601E+0	1,07008E-11
4,38701E+0	1,13091E-11
4,39800E+0	1,01290E-11
4,40899E+0	1,23594E-11
4,41999E+0	1,13180E-11
4,43098E+0	2,10970E-11
4,44198E+0	1,32266E-11
4,45297E+0	1,22512E-11
4,46397E+0	1,81557E-11
4,47497E+0	1,60111E-11
4,48596E+0	1,43412E-11
4,49695E+0	2,01140E-11
4,50795E+0	1,38852E-11
4,51895E+0	1,17730E-11
4,52994E+0	1,70917E-11
4,54093E+0	1,76010E-11
4,55193E+0	1,43533E-11
4,56292E+0	9,14300E-12
4,57392E+0	1,16400E-11
4,58491E+0	1,97037E-11
4,59591E+0	1,58981E-11
4,60691E+0	1,16771E-11
4,61790E+0	1,74518E-11
4,62889E+0	1,93265E-11
4,63989E+0	1,60383E-11
4,65088E+0	1,61531E-11
4,66188E+0	1,46800E-11
4,67287E+0	1,68695E-11
4,68387E+0	1,94421E-11
4,69486E+0	1,86400E-11
4,70586E+0	2,21630E-11
4,71685E+0	2,09822E-11
4,72785E+0	1,56463E-11
4,73884E+0	1,50550E-11
4,74984E+0	1,26222E-11
4,76084E+0	1,27653E-11
4,77183E+0	1,74867E-11
4,78282E+0	1,95843E-11
4,79382E+0	1,68543E-11
4,80481E+0	1,54539E-11
4,81581E+0	2,02645E-11
4,82680E+0	1,53310E-11
4,83780E+0	2,06630E-11
4,84879E+0	1,60770E-11
4,85979E+0	1,72465E-11
4,87078E+0	1,37715E-11
4,88178E+0	2,07887E-11
4,89277E+0	1,43170E-11
4,90377E+0	2,06685E-11
4,91476E+0	2,12070E-11
4,92576E+0	1,25951E-11
4,93675E+0	1,45351E-11
4,94775E+0	1,58894E-11
4,95874E+0	1,58948E-11
4,96974E+0	2,09660E-11
4,98074E+0	2,09972E-11
4,99173E+0	1,81264E-11
5,00272E+0	2,01198E-11
5,01372E+0	2,01040E-11
5,02471E+0	2,32760E-11
5,03571E+0	2,45730E-11
5,04670E+0	1,47085E-11
5,05770E+0	2,14380E-11
5,06869E+0	2,12990E-11
5,07969E+0	2,50520E-11
5,09068E+0	2,45910E-11
5,10168E+0	1,83550E-11
5,11268E+0	1,67389E-11
5,12367E+0	1,52060E-11
5,13466E+0	2,03679E-11
5,14566E+0	2,18780E-11
5,15665E+0	2,39360E-11
5,16765E+0	2,30890E-11
5,17864E+0	2,31580E-11
5,18964E+0	2,16630E-11
5,20064E+0	2,26220E-11
5,21163E+0	2,20960E-11
5,22262E+0	2,92770E-11
5,23362E+0	2,34770E-11
5,24461E+0	2,44190E-11
5,25561E+0	2,35230E-11
5,26660E+0	2,85920E-11
5,27760E+0	2,58840E-11
5,28859E+0	2,64410E-11
5,29959E+0	2,23200E-11
5,31058E+0	2,03240E-11
5,32158E+0	2,57450E-11
5,33257E+0	2,96770E-11
5,34357E+0	2,94250E-11
5,35457E+0	3,29570E-11
5,36556E+0	2,08430E-11
5,37655E+0	2,04818E-11
5,38755E+0	2,15190E-11
5,39854E+0	2,40290E-11
5,40954E+0	2,35620E-11
5,42053E+0	2,47340E-11
5,43153E+0	2,62510E-11
5,44252E+0	1,64147E-11
5,45352E+0	2,09230E-11
5,46451E+0	2,71690E-11
5,47551E+0	2,47520E-11
5,48651E+0	2,64160E-11
5,49750E+0	2,56560E-11
5,50849E+0	3,50020E-11
5,51949E+0	3,21100E-11
5,53048E+0	2,07100E-11
5,54148E+0	2,88400E-11
5,55247E+0	3,27220E-11
5,56347E+0	2,38500E-11
5,57447E+0	3,82490E-11
5,58546E+0	3,26240E-11
5,59645E+0	2,87670E-11
5,60745E+0	3,18540E-11
5,61845E+0	3,03400E-11
5,62944E+0	2,81820E-11
5,64043E+0	3,01130E-11
5,65143E+0	3,56540E-11
5,66242E+0	3,05230E-11
5,67342E+0	2,95220E-11
5,68441E+0	2,57070E-11
5,69541E+0	4,17350E-11
5,70641E+0	3,04220E-11
5,71740E+0	2,49390E-11
5,72839E+0	2,60670E-11
5,73939E+0	3,49850E-11
5,75038E+0	2,64780E-11
5,77237E+0	4,27600E-11
5,78337E+0	3,13110E-11
5,79436E+0	3,03330E-11
5,80536E+0	3,01920E-11
5,81635E+0	2,93980E-11
5,82735E+0	2,86480E-11
5,83834E+0	3,37860E-11
5,84934E+0	2,66590E-11
5,86034E+0	4,26760E-11
5,87133E+0	3,58930E-11
5,88232E+0	3,21830E-11
5,89332E+0	4,03690E-11
5,90431E+0	3,33780E-11
5,91531E+0	3,09140E-11
5,92630E+0	3,81610E-11
5,93730E+0	3,61760E-11
5,94829E+0	2,96500E-11
5,95929E+0	3,65530E-11
5,97028E+0	3,85340E-11
5,98128E+0	3,02470E-11
5,99227E+0	3,90910E-11
6,00327E+0	4,08500E-11
6,01426E+0	3,21360E-11
6,02526E+0	3,86130E-11
6,03625E+0	3,80760E-11
6,04725E+0	3,18740E-11
6,05824E+0	3,60900E-11
6,06924E+0	3,81920E-11
6,08024E+0	3,02460E-11
6,09123E+0	4,36800E-11
6,10222E+0	3,13250E-11
6,11322E+0	4,00260E-11
6,12421E+0	4,02770E-11
6,13521E+0	4,56930E-11
6,14620E+0	3,66290E-11
6,15720E+0	4,98700E-11
6,16819E+0	4,40010E-11
6,17919E+0	3,49890E-11
6,19018E+0	3,43670E-11
6,20118E+0	3,61080E-11
6,21218E+0	4,39810E-11
6,22317E+0	3,35820E-11
6,23416E+0	4,31270E-11
6,24516E+0	4,87070E-11
6,25615E+0	4,66780E-11
6,26715E+0	3,74740E-11
6,27814E+0	4,47300E-11
6,28914E+0	4,29880E-11
6,30014E+0	3,41600E-11
6,31113E+0	4,19550E-11
6,32212E+0	3,58720E-11
6,33312E+0	5,27790E-11
6,34411E+0	4,58260E-11
6,35511E+0	3,12030E-11
6,36610E+0	4,48250E-11
6,37710E+0	3,88200E-11
6,38809E+0	3,75930E-11
6,39909E+0	4,62820E-11
6,41008E+0	3,64650E-11
6,42108E+0	5,59390E-11
6,43207E+0	4,94470E-11
6,44307E+0	4,35540E-11
6,45406E+0	3,21080E-11
6,46506E+0	4,45930E-11
6,47605E+0	5,38580E-11
6,48705E+0	5,00860E-11
6,49804E+0	4,60020E-11
6,50904E+0	4,46030E-11
6,52003E+0	4,52030E-11
6,53103E+0	5,40180E-11
6,54202E+0	4,67130E-11
6,55302E+0	5,00100E-11
6,56401E+0	5,70930E-11
6,57501E+0	5,41430E-11
6,58601E+0	5,97490E-11
6,59700E+0	6,21840E-11
6,60799E+0	6,34390E-11
6,61899E+0	8,16520E-11
6,62998E+0	8,23050E-11
6,64098E+0	8,18050E-11
6,65197E+0	7,59930E-11
6,66297E+0	8,15280E-11
6,67396E+0	8,84530E-11
6,68496E+0	9,57380E-11
6,69595E+0	8,03280E-11
6,70695E+0	8,05920E-11
6,71795E+0	9,14970E-11
6,72894E+0	7,29470E-11
6,73993E+0	7,50880E-11
6,75093E+0	6,35270E-11
6,76192E+0	7,66400E-11
6,77292E+0	6,87330E-11
6,78391E+0	6,47950E-11
6,79491E+0	6,13010E-11
6,80591E+0	6,85860E-11
6,81690E+0	6,50160E-11
6,82789E+0	6,53730E-11
6,83889E+0	6,83940E-11
6,84988E+0	7,03380E-11
6,86088E+0	6,06520E-11
6,87187E+0	6,92730E-11
6,88287E+0	5,72270E-11
6,89386E+0	6,31750E-11
6,90486E+0	4,82260E-11
6,91585E+0	5,50890E-11
6,92685E+0	5,96180E-11
6,93784E+0	7,06970E-11
6,94884E+0	7,30340E-11
6,95983E+0	4,98790E-11
6,97083E+0	6,07820E-11
6,98182E+0	6,17060E-11
6,99282E+0	6,99520E-11
7,00381E+0	7,27210E-11
7,01481E+0	8,41590E-11
7,02580E+0	7,49470E-11
7,03680E+0	7,55500E-11
7,04779E+0	7,58680E-11
7,05879E+0	7,45480E-11
7,06978E+0	8,44980E-11
7,08078E+0	9,20710E-11
7,09177E+0	7,20790E-11
7,10277E+0	7,66450E-11
7,11376E+0	6,70360E-11
7,12476E+0	6,17550E-11
7,13575E+0	6,66470E-11
7,14675E+0	6,60040E-11
7,15774E+0	5,07060E-11
7,16874E+0	4,91220E-11
7,17973E+0	6,84240E-11
7,19073E+0	7,09660E-11
7,20172E+0	5,15780E-11
7,21272E+0	6,56770E-11
7,22371E+0	5,74890E-11
7,23471E+0	7,25490E-11
7,24570E+0	6,20780E-11
7,25670E+0	5,81590E-11
7,26769E+0	6,09720E-11
7,27869E+0	7,08280E-11
7,28968E+0	5,34100E-11
7,30068E+0	7,26080E-11
7,31168E+0	5,89100E-11
7,32267E+0	5,10940E-11
7,33366E+0	5,38910E-11
7,34466E+0	5,07570E-11
7,35565E+0	5,48850E-11
7,36665E+0	5,09990E-11
7,37764E+0	6,02860E-11
7,38864E+0	4,92940E-11
7,39963E+0	5,72020E-11
7,41063E+0	7,05320E-11
7,42162E+0	6,90620E-11
7,43262E+0	6,81900E-11
7,44361E+0	7,02710E-11
7,45461E+0	7,50170E-11
7,46560E+0	5,83300E-11
7,47660E+0	5,39170E-11
7,48759E+0	7,49190E-11
7,49859E+0	5,56930E-11
7,50958E+0	5,86980E-11
7,52058E+0	5,99480E-11
7,53157E+0	6,26820E-11
7,54257E+0	6,49430E-11
7,55356E+0	6,78690E-11
7,56456E+0	6,74760E-11
7,57555E+0	7,94790E-11
7,58655E+0	7,76550E-11
7,59754E+0	8,22200E-11
7,60854E+0	5,76380E-11
7,61953E+0	7,18650E-11
7,63053E+0	6,85760E-11
7,64152E+0	6,36600E-11
7,65252E+0	7,83770E-11
7,66351E+0	7,71750E-11
7,67451E+0	6,69680E-11
7,68551E+0	6,67630E-11
7,69650E+0	6,94820E-11
7,70749E+0	6,62020E-11
7,71849E+0	6,76510E-11
7,72948E+0	7,19900E-11
7,74048E+0	7,12960E-11
7,75147E+0	6,22570E-11
7,76247E+0	8,47640E-11
7,77346E+0	7,51800E-11
7,78446E+0	5,87130E-11
7,79545E+0	6,08010E-11
7,80645E+0	6,21000E-11
7,81745E+0	7,68690E-11
7,82844E+0	6,97060E-11
7,83943E+0	6,81410E-11
7,85043E+0	8,09750E-11
7,86142E+0	7,25710E-11
7,87242E+0	7,44380E-11
7,88341E+0	7,26210E-11
7,89441E+0	6,94230E-11
7,90541E+0	8,36690E-11
7,91640E+0	7,54660E-11
7,92739E+0	6,64100E-11
7,93839E+0	7,71660E-11
7,94938E+0	7,80020E-11
7,96038E+0	7,29530E-11
7,97137E+0	8,39810E-11
7,98237E+0	7,69220E-11
7,99336E+0	7,48650E-11
8,00436E+0	7,21800E-11
8,01535E+0	7,91100E-11
8,02635E+0	7,26850E-11
8,03734E+0	6,54160E-11
8,04834E+0	7,88710E-11
8,05933E+0	9,02840E-11
8,07033E+0	8,67010E-11
8,08132E+0	7,28840E-11
8,09232E+0	8,70910E-11
8,10332E+0	9,03780E-11
8,11431E+0	8,37530E-11
8,12530E+0	7,77630E-11
8,13630E+0	8,37380E-11
8,14729E+0	8,15900E-11
8,15829E+0	8,65790E-11
8,16928E+0	8,28990E-11
8,18028E+0	8,47980E-11
8,19127E+0	8,44930E-11
8,20227E+0	8,82680E-11
8,21326E+0	9,57350E-11
8,22426E+0	9,29010E-11
8,23526E+0	9,15490E-11
8,24625E+0	9,85220E-11
8,25724E+0	1,17417E-10
8,26824E+0	1,01354E-10
8,27923E+0	8,61320E-11
8,29023E+0	9,47640E-11
8,30122E+0	8,96860E-11
8,31222E+0	8,96940E-11
8,32321E+0	8,95200E-11
8,33421E+0	9,05920E-11
8,34520E+0	9,03070E-11
8,35620E+0	9,44920E-11
8,36720E+0	1,01215E-10
8,37819E+0	1,01025E-10
8,38918E+0	1,05179E-10
8,40018E+0	1,03681E-10
8,41118E+0	1,17041E-10
8,42217E+0	1,06682E-10
8,43316E+0	1,02164E-10
8,44416E+0	1,11809E-10
8,45515E+0	1,04280E-10
8,46615E+0	1,12293E-10
8,47715E+0	1,20876E-10
8,48814E+0	1,19887E-10
8,49913E+0	1,34401E-10
8,51013E+0	1,38236E-10
8,52112E+0	1,20920E-10
8,53212E+0	1,27381E-10
8,54311E+0	1,26020E-10
8,55411E+0	1,28877E-10
8,56510E+0	1,37954E-10
8,57610E+0	1,45018E-10
8,58709E+0	1,13517E-10
8,59809E+0	1,19283E-10
8,60909E+0	1,24242E-10
8,62008E+0	1,32202E-10
8,63107E+0	1,52761E-10
8,64207E+0	1,47586E-10
8,65306E+0	1,38788E-10
8,66406E+0	1,34171E-10
8,67505E+0	1,41693E-10
8,68605E+0	1,38057E-10
8,69704E+0	1,50253E-10
8,70804E+0	1,60396E-10
8,71903E+0	1,39410E-10
8,73003E+0	1,36406E-10
8,74102E+0	1,37144E-10
8,75202E+0	1,44586E-10
8,76301E+0	1,28128E-10
8,77401E+0	1,53886E-10
8,78500E+0	1,57223E-10
8,79600E+0	1,35062E-10
8,80699E+0	1,29959E-10
8,81799E+0	1,19856E-10
8,82898E+0	1,38207E-10
8,83998E+0	1,38326E-10
8,85098E+0	1,48967E-10
8,86197E+0	1,42786E-10
8,87296E+0	1,37309E-10
8,88396E+0	1,31371E-10
8,89495E+0	1,48536E-10
8,90595E+0	1,35304E-10
8,91694E+0	1,40576E-10
8,92794E+0	1,53628E-10
8,93894E+0	1,40738E-10
8,94993E+0	1,38693E-10
8,96092E+0	1,45461E-10
8,97192E+0	1,49708E-10
8,98291E+0	1,40257E-10
8,99391E+0	1,43001E-10
9,00490E+0	1,39201E-10
9,01590E+0	1,33730E-10
9,02689E+0	1,43710E-10
9,03789E+0	1,30855E-10
9,04889E+0	1,45470E-10
9,05988E+0	1,35255E-10
9,07087E+0	1,33823E-10
9,08187E+0	1,25431E-10
9,09286E+0	1,31134E-10
9,10386E+0	1,34981E-10
9,11485E+0	1,26068E-10
9,12585E+0	1,39483E-10
9,13684E+0	1,37841E-10
9,14784E+0	1,49923E-10
9,15883E+0	1,20588E-10
9,16983E+0	1,42632E-10
9,18082E+0	1,15278E-10
9,19182E+0	1,21558E-10
9,20281E+0	1,28922E-10
9,21381E+0	1,41156E-10
9,22480E+0	1,13732E-10
9,23580E+0	1,33094E-10
9,24679E+0	1,18383E-10
9,25779E+0	1,45201E-10
9,26878E+0	1,31152E-10
9,27978E+0	1,40340E-10
9,29077E+0	1,41045E-10
9,30177E+0	1,20343E-10
9,31277E+0	1,28791E-10
9,32376E+0	1,35087E-10
9,33475E+0	1,34801E-10
9,34575E+0	1,21734E-10
9,35674E+0	1,45936E-10
9,36774E+0	1,33166E-10
9,37873E+0	1,24830E-10
9,38973E+0	1,45864E-10
9,40072E+0	1,36588E-10
9,41172E+0	1,34216E-10
9,42272E+0	1,51608E-10
9,43371E+0	1,56326E-10
9,44470E+0	1,28016E-10
9,45570E+0	1,40027E-10
9,46669E+0	1,51483E-10
9,47769E+0	1,59646E-10
9,48869E+0	1,41719E-10
9,49968E+0	1,41917E-10
9,51067E+0	1,36170E-10
9,52167E+0	1,41163E-10
9,53266E+0	1,43493E-10
9,54366E+0	1,26916E-10
9,55465E+0	1,42408E-10
9,56565E+0	1,42753E-10
9,57665E+0	1,28878E-10
9,58764E+0	1,41657E-10
9,59863E+0	1,42627E-10
9,60963E+0	1,24461E-10
9,62062E+0	1,55908E-10
9,62210E+0	1,41208E-10
9,63076E+0	1,34679E-10
9,63942E+0	1,35334E-10
9,64808E+0	1,47276E-10
9,65674E+0	1,54405E-10
9,66540E+0	1,44731E-10
9,67406E+0	1,49137E-10
9,68272E+0	1,33242E-10
9,69138E+0	1,30979E-10
9,70004E+0	1,49571E-10
9,70870E+0	1,54403E-10
9,71737E+0	1,32484E-10
9,72603E+0	1,56369E-10
9,73469E+0	1,48312E-10
9,74335E+0	1,49487E-10
9,75201E+0	1,65224E-10
9,76067E+0	1,57704E-10
9,76933E+0	1,37479E-10
9,77799E+0	1,56055E-10
9,78665E+0	1,55041E-10
9,79531E+0	1,55988E-10
9,80397E+0	1,37221E-10
9,81263E+0	1,41937E-10
9,82130E+0	1,49015E-10
9,82996E+0	1,80132E-10
9,83862E+0	1,64571E-10
9,84728E+0	1,57950E-10
9,85594E+0	1,40124E-10
9,86460E+0	1,59832E-10
9,87326E+0	1,43773E-10
9,88192E+0	1,39740E-10
9,89058E+0	1,84024E-10
9,89924E+0	1,67257E-10
9,90790E+0	1,58608E-10
9,91656E+0	1,51697E-10
9,92522E+0	1,71088E-10
9,93389E+0	1,54934E-10
9,94255E+0	1,54872E-10
9,95121E+0	1,59750E-10
9,95987E+0	1,49069E-10
9,96853E+0	1,55837E-10
9,97719E+0	1,58735E-10
9,98585E+0	1,57828E-10
9,99451E+0	1,68186E-10
1,00032E+1	1,76903E-10
1,00118E+1	1,66688E-10
1,00205E+1	1,68348E-10
1,00292E+1	1,69155E-10
1,00378E+1	1,78661E-10
1,00465E+1	1,71792E-10
1,00551E+1	1,68370E-10
1,00638E+1	1,45696E-10
1,00725E+1	1,71192E-10
1,00811E+1	1,62558E-10
1,00898E+1	1,66960E-10
1,00984E+1	1,74886E-10
1,01071E+1	1,59130E-10
1,01158E+1	1,66558E-10
1,01244E+1	1,50477E-10
1,01331E+1	1,69259E-10
1,01417E+1	1,73025E-10
1,01504E+1	1,69499E-10
1,01591E+1	1,70967E-10
1,01677E+1	1,94636E-10
1,01764E+1	1,72313E-10
1,01850E+1	1,98783E-10
1,01937E+1	1,84369E-10
1,02024E+1	1,70442E-10
1,02110E+1	1,81949E-10
1,02197E+1	1,68649E-10
1,02284E+1	1,67163E-10
1,02370E+1	1,88925E-10
1,02457E+1	1,92582E-10
1,02543E+1	1,80977E-10
1,02630E+1	1,95783E-10
1,02717E+1	1,86097E-10
1,02803E+1	1,87304E-10
1,02890E+1	1,95883E-10
1,02976E+1	1,85768E-10
1,03063E+1	1,97244E-10
1,03150E+1	1,72070E-10
1,03236E+1	1,95520E-10
1,03323E+1	1,93504E-10
1,03409E+1	2,34740E-10
1,03496E+1	2,29950E-10
1,03583E+1	2,32300E-10
1,03669E+1	2,34350E-10
1,03756E+1	1,90325E-10
1,03842E+1	1,83455E-10
1,03929E+1	1,79691E-10
1,04016E+1	1,92168E-10
1,04102E+1	2,04893E-10
1,04189E+1	1,98154E-10
1,04276E+1	1,90134E-10
1,04362E+1	1,63151E-10
1,04449E+1	1,76289E-10
1,04535E+1	1,82757E-10
1,04622E+1	1,82126E-10
1,04709E+1	1,92076E-10
1,04795E+1	1,88546E-10
1,04882E+1	1,89825E-10
1,04968E+1	1,89028E-10
1,05055E+1	2,67840E-10
1,05142E+1	2,02340E-10
1,05228E+1	2,51870E-10
1,05315E+1	1,91652E-10
1,05401E+1	1,90164E-10
1,05488E+1	2,05088E-10
1,05575E+1	1,74819E-10
1,05661E+1	1,84726E-10
1,05748E+1	2,19000E-10
1,05834E+1	2,39440E-10
1,05921E+1	2,33030E-10
1,06008E+1	2,22690E-10
1,06094E+1	2,30120E-10
1,06181E+1	2,63200E-10
1,06267E+1	2,43450E-10
1,06354E+1	2,55940E-10
1,06441E+1	2,17880E-10
1,06527E+1	1,79810E-10
1,06614E+1	2,00815E-10
1,06701E+1	2,06383E-10
1,06787E+1	1,88006E-10
1,06874E+1	2,04043E-10
1,06960E+1	2,18010E-10
1,07047E+1	2,30230E-10
1,07134E+1	1,95912E-10
1,07220E+1	2,07370E-10
1,07307E+1	2,02230E-10
1,07393E+1	3,35950E-10
1,07480E+1	2,31940E-10
1,07567E+1	2,23470E-10
1,07653E+1	2,10880E-10
1,07740E+1	2,63420E-10
1,07826E+1	2,60280E-10
1,07913E+1	2,31920E-10
1,08000E+1	2,69970E-10
1,08086E+1	2,78320E-10
1,08173E+1	3,04940E-10
1,08259E+1	2,31650E-10
1,08346E+1	2,13820E-10
1,08433E+1	2,20240E-10
1,08519E+1	2,74420E-10
1,08606E+1	2,25540E-10
1,08693E+1	2,36690E-10
1,08779E+1	2,46280E-10
1,08866E+1	2,77360E-10
1,08952E+1	2,87730E-10
1,09039E+1	3,03250E-10
1,09126E+1	2,67110E-10
1,09212E+1	2,18410E-10
1,09299E+1	3,31280E-10
1,09385E+1	2,82190E-10
1,09472E+1	2,13960E-10
1,09559E+1	2,51990E-10
1,09645E+1	2,25650E-10
1,09732E+1	2,11940E-10
1,09818E+1	2,61130E-10
1,09905E+1	2,05890E-10
1,09992E+1	2,09530E-10
1,10078E+1	2,85110E-10
1,10165E+1	2,44110E-10
1,10251E+1	2,35020E-10
1,10338E+1	2,97660E-10
1,10425E+1	2,58570E-10
1,10511E+1	2,75910E-10
1,10598E+1	2,38080E-10
1,10684E+1	2,67320E-10
1,10771E+1	2,77450E-10
1,10858E+1	2,94270E-10
1,10944E+1	3,23700E-10
1,11031E+1	3,15530E-10
1,11118E+1	2,47650E-10
1,11204E+1	2,28490E-10
1,11291E+1	2,30620E-10
1,11377E+1	2,10830E-10
1,11464E+1	2,68940E-10
1,11551E+1	2,86980E-10
1,11637E+1	3,19900E-10
1,11724E+1	2,53970E-10
1,11810E+1	2,86470E-10
1,11897E+1	3,28010E-10
1,11984E+1	2,27440E-10
1,12070E+1	2,79490E-10
1,12157E+1	2,56200E-10
1,12243E+1	2,31270E-10
1,12330E+1	2,58830E-10
1,12417E+1	3,17280E-10
1,12503E+1	3,06880E-10
1,12590E+1	2,60500E-10
1,12676E+1	2,43530E-10
1,12763E+1	3,37630E-10
1,12850E+1	2,55350E-10
1,12936E+1	2,85840E-10
1,13023E+1	2,63800E-10
1,13110E+1	3,72080E-10
1,13196E+1	3,29800E-10
1,13283E+1	2,58290E-10
1,13369E+1	2,73500E-10
1,13456E+1	2,28410E-10
1,13543E+1	3,25660E-10
1,13629E+1	2,97990E-10
1,13716E+1	3,03130E-10
1,13802E+1	2,61780E-10
1,13889E+1	3,54450E-10
1,13976E+1	3,33860E-10
1,14062E+1	2,99550E-10
1,14149E+1	2,71810E-10
1,14235E+1	3,15760E-10
1,14322E+1	3,25410E-10
1,14409E+1	3,16370E-10
1,14495E+1	3,18250E-10
1,14582E+1	2,85040E-10
1,14668E+1	2,79320E-10
1,14755E+1	3,08160E-10
1,14842E+1	3,59340E-10
1,14928E+1	4,21170E-10
1,15015E+1	3,99150E-10
1,15101E+1	2,67470E-10
1,15188E+1	3,88010E-10
1,15275E+1	4,45830E-10
1,15361E+1	4,27480E-10
1,15448E+1	3,82570E-10
1,15535E+1	3,46430E-10
1,15621E+1	3,87400E-10
1,15708E+1	2,96260E-10
1,15794E+1	4,07670E-10
1,15881E+1	3,92910E-10
1,15968E+1	3,81720E-10
1,16054E+1	4,26990E-10
1,16141E+1	3,13590E-10
1,16227E+1	3,02540E-10
1,16314E+1	2,73430E-10
1,16401E+1	4,46200E-10
1,16487E+1	3,89010E-10
1,16574E+1	3,39880E-10
1,16660E+1	3,37580E-10
1,16747E+1	3,45140E-10
1,16834E+1	3,98020E-10
1,16920E+1	3,39540E-10
1,17007E+1	4,88790E-10
1,17093E+1	3,42820E-10
1,17180E+1	3,76560E-10
1,17267E+1	4,18740E-10
1,17353E+1	4,30560E-10
1,17440E+1	3,92920E-10
1,17527E+1	4,97840E-10
1,17613E+1	4,31820E-10
1,17700E+1	4,02150E-10
1,17786E+1	3,44300E-10
1,17873E+1	3,88300E-10
1,17960E+1	4,55760E-10
1,18046E+1	4,73460E-10
1,18133E+1	4,03770E-10
1,18219E+1	3,55250E-10
1,18306E+1	3,93910E-10
1,18393E+1	5,29420E-10
1,18479E+1	4,19240E-10
1,18566E+1	3,69600E-10
1,18652E+1	3,32810E-10
1,18739E+1	4,90240E-10
1,18826E+1	4,59650E-10
1,18912E+1	3,81390E-10
1,18999E+1	3,40740E-10
1,19085E+1	5,51430E-10
1,19172E+1	5,15990E-10
1,19259E+1	5,14480E-10
1,19345E+1	3,75880E-10
1,19432E+1	3,96520E-10
1,19519E+1	4,10260E-10
1,19605E+1	4,55060E-10
1,19692E+1	5,59920E-10
1,19778E+1	5,28200E-10
1,19865E+1	5,59540E-10
1,19952E+1	4,14480E-10
1,20038E+1	5,71120E-10
1,20125E+1	6,17610E-10
1,20211E+1	4,49110E-10
1,20298E+1	5,10620E-10
1,20385E+1	4,98320E-10
1,20471E+1	5,75710E-10
1,20558E+1	4,88880E-10
1,20644E+1	4,68670E-10
1,20731E+1	5,40020E-10
1,20818E+1	5,19990E-10
1,20904E+1	5,60440E-10
1,20991E+1	4,89970E-10
1,21077E+1	5,34960E-10
1,21164E+1	5,35010E-10
1,21251E+1	6,10390E-10
1,21337E+1	4,61540E-10
1,21424E+1	6,61880E-10
1,21510E+1	4,97870E-10
1,21597E+1	6,07290E-10
1,21684E+1	5,75790E-10
1,21770E+1	5,36810E-10
1,21857E+1	6,03190E-10
1,21944E+1	5,52990E-10
1,22030E+1	5,84870E-10
1,22117E+1	5,70110E-10
1,22203E+1	6,50910E-10
1,22290E+1	6,15790E-10
1,22377E+1	7,03170E-10
1,22463E+1	6,31390E-10
1,22550E+1	6,23000E-10
1,22636E+1	8,43760E-10
1,22723E+1	6,25500E-10
1,22810E+1	5,55550E-10
1,22896E+1	6,48340E-10
1,22983E+1	7,51830E-10
1,23069E+1	6,66690E-10
1,23156E+1	6,80630E-10
1,23243E+1	6,36480E-10
1,23329E+1	6,55390E-10
1,23416E+1	7,83010E-10
1,23502E+1	5,98800E-10
1,23589E+1	6,68550E-10
1,23676E+1	8,04670E-10
1,23762E+1	8,02350E-10
1,23849E+1	7,73480E-10
1,23936E+1	5,75410E-10
1,24022E+1	8,01090E-10
1,24109E+1	6,38000E-10
1,24195E+1	7,51590E-10
1,24282E+1	8,67230E-10
1,24369E+1	7,36630E-10
1,24455E+1	8,75840E-10
1,24542E+1	6,90590E-10
1,24628E+1	8,53440E-10
1,24715E+1	8,80640E-10
1,24802E+1	7,65700E-10
1,24888E+1	8,99150E-10
1,24975E+1	8,04460E-10
1,25061E+1	8,15270E-10
1,25148E+1	6,93500E-10
1,25235E+1	7,73160E-10
1,25321E+1	7,62870E-10
1,25408E+1	7,83820E-10
1,25494E+1	8,36030E-10
1,25581E+1	6,98020E-10
1,25668E+1	9,45830E-10
1,25754E+1	9,35970E-10
1,25841E+1	9,57370E-10
1,25927E+1	8,92890E-10
1,26014E+1	8,88170E-10
1,26101E+1	8,94350E-10
1,26187E+1	7,99650E-10
1,26274E+1	8,63470E-10
1,26361E+1	8,33110E-10
1,26447E+1	1,00677E-9
1,26534E+1	9,13090E-10
1,26620E+1	8,92440E-10
1,26707E+1	9,50270E-10
1,26794E+1	1,00916E-9
1,26880E+1	8,80040E-10
1,26967E+1	9,52790E-10
1,27053E+1	9,15120E-10
1,27140E+1	9,24610E-10
1,27227E+1	8,91060E-10
1,27313E+1	9,43240E-10
1,27400E+1	9,82100E-10
1,27486E+1	9,05100E-10
1,27573E+1	9,86660E-10
1,27660E+1	9,56620E-10
1,27746E+1	9,44140E-10
1,27833E+1	1,10709E-9
1,27919E+1	1,20750E-9
1,28006E+1	9,24790E-10
1,28093E+1	1,09958E-9
1,28179E+1	1,09384E-9
1,28266E+1	9,85050E-10
1,28353E+1	1,12522E-9
1,28439E+1	1,08052E-9
1,28526E+1	1,03698E-9
1,28612E+1	1,06363E-9
1,28699E+1	1,06184E-9
1,28786E+1	1,16773E-9
1,28872E+1	1,06779E-9
1,28959E+1	9,07440E-10
1,29045E+1	1,04129E-9
1,29132E+1	1,13060E-9
1,29219E+1	1,09953E-9
1,29305E+1	1,12413E-9
1,29392E+1	1,20928E-9
1,29478E+1	1,12135E-9
1,29565E+1	1,02464E-9
1,29652E+1	1,28059E-9
1,29738E+1	1,12428E-9
1,29825E+1	1,27045E-9
1,29911E+1	1,22374E-9
1,29998E+1	1,42285E-9
1,30085E+1	1,22452E-9
1,30171E+1	1,26935E-9
1,30258E+1	1,23670E-9
1,30344E+1	1,26430E-9
1,30431E+1	1,42962E-9
1,30518E+1	1,35471E-9
1,30604E+1	1,45208E-9
1,30691E+1	1,31441E-9
1,30778E+1	1,33942E-9
1,30864E+1	1,54118E-9
1,30951E+1	1,38613E-9
1,31037E+1	1,46201E-9
1,31124E+1	1,54456E-9
1,31211E+1	1,33458E-9
1,31297E+1	1,44040E-9
1,31384E+1	1,60478E-9
1,31470E+1	1,53014E-9
1,31557E+1	1,52766E-9
1,31644E+1	1,61003E-9
1,31730E+1	1,73930E-9
1,31817E+1	1,91660E-9
1,31903E+1	1,55210E-9
1,31990E+1	1,53010E-9
1,32077E+1	1,93520E-9
1,32163E+1	1,95940E-9
1,32250E+1	1,76264E-9
1,32336E+1	2,02860E-9
1,32423E+1	2,15260E-9
1,32510E+1	2,27190E-9
1,32596E+1	2,25610E-9
1,32683E+1	2,27470E-9
1,32770E+1	2,41630E-9
1,32856E+1	2,24250E-9
1,32943E+1	2,60100E-9
1,33029E+1	2,73040E-9
1,33116E+1	2,89200E-9
1,33203E+1	2,93290E-9
1,33289E+1	3,01320E-9
1,33376E+1	3,07130E-9
1,33462E+1	3,07800E-9
1,33549E+1	3,15400E-9
1,33636E+1	2,97790E-9
1,33722E+1	3,50780E-9
1,33809E+1	3,45990E-9
1,33895E+1	3,50950E-9
1,33982E+1	3,37370E-9
1,34069E+1	3,49280E-9
1,34155E+1	4,10920E-9
1,34242E+1	3,21540E-9
1,34328E+1	3,59090E-9
1,34415E+1	3,78340E-9
1,34502E+1	3,63100E-9
1,34588E+1	3,57060E-9
1,34675E+1	3,52830E-9
1,34761E+1	3,52350E-9
1,34848E+1	3,31490E-9
1,34935E+1	3,24550E-9
1,35021E+1	3,35070E-9
1,35108E+1	3,09300E-9
1,35195E+1	3,11220E-9
1,35281E+1	3,19880E-9
1,35368E+1	2,89680E-9
1,35454E+1	3,09310E-9
1,35541E+1	3,09160E-9
1,35628E+1	2,77750E-9
1,35714E+1	2,64820E-9
1,35801E+1	2,80820E-9
1,35887E+1	2,66750E-9
1,35974E+1	2,47030E-9
1,36061E+1	2,66850E-9
1,36147E+1	2,65520E-9
1,36234E+1	2,45530E-9
1,36320E+1	2,58680E-9
1,36407E+1	2,33820E-9
1,36494E+1	2,44990E-9
1,36580E+1	2,43560E-9
1,36667E+1	2,56350E-9
1,36753E+1	2,32980E-9
1,36840E+1	2,40710E-9
1,36927E+1	2,38360E-9
1,37013E+1	2,42850E-9
1,37100E+1	2,40990E-9
1,37187E+1	2,36630E-9
1,37273E+1	2,13520E-9
1,37360E+1	2,19480E-9
1,37446E+1	2,08700E-9
1,37533E+1	2,31650E-9
1,37620E+1	2,17140E-9
1,37706E+1	2,18880E-9
1,37793E+1	2,13480E-9
1,37879E+1	2,17530E-9
1,37966E+1	2,02530E-9
1,38053E+1	2,11260E-9
1,38139E+1	2,13380E-9
1,38226E+1	2,28070E-9
1,38312E+1	2,00020E-9
1,38399E+1	2,13770E-9
1,38486E+1	2,14160E-9
1,38572E+1	2,09310E-9
1,38659E+1	2,23960E-9
1,38745E+1	2,19740E-9
1,38832E+1	2,14000E-9
1,38919E+1	1,84150E-9
1,39005E+1	2,08840E-9
1,39092E+1	2,06420E-9
1,39179E+1	2,09350E-9
1,39265E+1	2,08810E-9
1,39352E+1	2,03480E-9
1,39438E+1	2,01070E-9
1,39525E+1	2,09690E-9
1,39612E+1	2,18840E-9
1,39698E+1	2,16680E-9
1,39785E+1	2,16860E-9
1,39871E+1	2,16400E-9
1,39958E+1	2,32000E-9
1,40045E+1	2,18590E-9
1,40131E+1	2,38050E-9
1,40218E+1	2,61850E-9
1,40304E+1	2,49040E-9
1,40391E+1	2,70680E-9
1,40478E+1	2,55290E-9
1,40564E+1	3,01530E-9
1,40651E+1	2,93380E-9
1,40737E+1	2,92450E-9
1,40824E+1	3,33910E-9
1,40911E+1	3,23310E-9
1,40997E+1	3,47050E-9
1,41084E+1	3,65580E-9
1,41170E+1	3,68860E-9
1,41257E+1	3,65230E-9
1,41344E+1	3,98470E-9
1,41430E+1	4,23000E-9
1,41517E+1	4,05140E-9
1,41604E+1	4,17990E-9
1,41690E+1	4,22720E-9
1,41777E+1	4,53640E-9
1,41863E+1	4,37550E-9
1,41950E+1	3,99210E-9
1,42037E+1	4,45710E-9
1,42123E+1	4,26840E-9
1,42210E+1	3,86390E-9
1,42296E+1	4,21940E-9
1,42383E+1	4,33960E-9
1,42470E+1	3,95870E-9
1,42556E+1	3,73940E-9
1,42643E+1	3,98760E-9
1,42729E+1	3,73360E-9
1,42816E+1	3,59270E-9
1,42903E+1	3,70010E-9
1,42989E+1	3,52760E-9
1,43076E+1	3,08000E-9
1,43162E+1	2,91770E-9
1,43249E+1	3,23300E-9
1,43336E+1	3,08040E-9
1,43422E+1	2,74780E-9
1,43509E+1	2,85860E-9
1,43596E+1	2,47800E-9
1,43682E+1	2,63690E-9
1,43769E+1	2,73060E-9
1,43855E+1	2,38280E-9
1,43942E+1	2,52120E-9
1,44029E+1	2,24370E-9
1,44115E+1	2,37290E-9
1,44202E+1	2,09870E-9
1,44288E+1	2,33850E-9
1,44375E+1	2,49470E-9
1,44462E+1	2,17540E-9
1,44548E+1	2,26210E-9
1,44635E+1	2,46090E-9
1,44721E+1	2,14730E-9
1,44808E+1	2,26940E-9
1,44895E+1	2,02590E-9
1,44981E+1	2,12590E-9
1,45068E+1	2,18390E-9
1,45154E+1	1,94900E-9
1,45241E+1	1,81530E-9
1,45328E+1	1,88790E-9
1,45414E+1	1,89770E-9
1,45501E+1	1,68280E-9
1,45587E+1	1,47512E-9
1,45674E+1	1,57140E-9
1,45761E+1	1,51449E-9
1,45847E+1	1,45267E-9
1,45934E+1	1,41378E-9
1,46021E+1	1,37250E-9
1,46107E+1	1,14545E-9
1,46194E+1	1,05211E-9
1,46280E+1	1,16100E-9
1,46367E+1	1,07291E-9
1,46454E+1	9,94240E-10
1,46540E+1	9,00960E-10
1,46627E+1	9,27100E-10
1,46713E+1	7,36440E-10
1,46800E+1	8,81780E-10
1,46887E+1	6,92530E-10
1,46973E+1	5,61940E-10
1,47060E+1	6,30030E-10
1,47146E+1	5,06140E-10
1,47233E+1	4,74080E-10
1,47320E+1	4,36350E-10
1,47406E+1	3,88850E-10
1,47493E+1	3,05760E-10
1,47579E+1	3,22650E-10
1,47666E+1	2,44430E-10
1,47753E+1	2,51220E-10
1,47839E+1	2,37820E-10
1,47926E+1	1,56480E-10
1,48013E+1	1,59550E-10
1,48099E+1	1,30248E-10
1,48186E+1	1,36572E-10
1,48272E+1	9,87710E-11
1,48359E+1	8,50290E-11
1,48446E+1	6,28720E-11
1,48532E+1	6,76010E-11
1,48619E+1	4,62310E-11
1,48705E+1	3,88430E-11
1,48792E+1	2,99880E-11
1,48879E+1	2,08930E-11
1,48965E+1	2,59030E-11
1,49052E+1	2,05640E-11
1,49138E+1	2,23960E-11
1,49225E+1	1,33490E-11
1,49312E+1	9,99080E-12
1,49398E+1	1,13394E-11
1,49485E+1	6,23520E-12
1,49571E+1	8,23840E-12
1,49658E+1	2,78920E-12
1,49745E+1	3,60030E-12
1,49831E+1	6,39150E-12
1,49918E+1	6,69750E-12
