E, keV	I, A
0,00000E+0	1,52000E-13
2,19900E-2	3,18500E-13
4,39800E-2	9,46600E-13
6,59700E-2	3,44700E-13
8,79600E-2	2,85200E-13
1,09950E-1	5,81300E-13
1,31940E-1	2,32600E-13
1,53930E-1	1,32100E-13
1,75920E-1	1,00200E-13
1,97910E-1	1,91700E-13
2,19900E-1	4,73200E-13
2,41890E-1	6,59100E-13
2,63880E-1	3,08900E-13
2,85870E-1	1,27690E-12
3,07860E-1	1,54040E-12
3,29850E-1	2,04920E-12
3,51840E-1	1,21150E-12
3,73830E-1	1,38900E-13
3,95820E-1	1,23900E-13
4,17810E-1	1,24700E-13
4,39800E-1	1,22530E-12
4,61790E-1	7,92300E-13
4,83780E-1	1,00440E-12
5,05770E-1	5,79100E-13
5,27760E-1	3,25820E-12
5,49750E-1	6,53400E-13
5,71740E-1	1,94960E-12
5,93730E-1	5,30000E-13
6,15720E-1	2,98290E-12
6,37710E-1	3,03750E-12
6,59700E-1	2,10420E-12
6,81690E-1	1,54100E-12
7,03680E-1	5,93700E-13
7,25670E-1	4,33000E-13
7,47660E-1	7,87900E-13
7,69650E-1	3,07900E-13
7,91640E-1	1,03690E-12
8,13630E-1	1,12950E-12
8,35620E-1	1,47800E-12
8,57610E-1	6,35400E-13
8,79600E-1	1,51190E-12
9,01590E-1	2,88400E-13
9,23580E-1	5,44900E-13
9,45570E-1	2,75120E-12
9,67560E-1	7,70800E-13
9,89550E-1	1,79240E-12
1,01154E+0	5,38400E-13
1,03353E+0	7,64900E-13
1,05552E+0	8,94000E-13
1,07751E+0	2,89610E-12
1,09950E+0	5,51200E-13
1,12149E+0	2,67060E-12
1,14348E+0	1,46880E-12
1,16547E+0	1,52880E-12
1,18746E+0	7,83700E-13
1,20945E+0	2,50500E-12
1,23144E+0	1,37870E-12
1,25343E+0	1,21220E-12
1,27542E+0	6,86600E-13
1,29741E+0	7,76100E-13
1,31940E+0	1,36570E-12
1,34139E+0	8,31400E-13
1,36338E+0	1,30990E-12
1,38537E+0	2,30880E-12
1,40736E+0	2,25820E-12
1,42935E+0	8,78100E-13
1,45134E+0	9,18600E-13
1,47333E+0	5,93900E-13
1,49532E+0	6,02800E-13
1,51731E+0	2,41690E-12
1,53930E+0	1,92700E-12
1,56129E+0	1,95610E-12
1,58328E+0	2,50790E-12
1,60527E+0	1,02550E-12
1,62726E+0	1,18160E-12
1,64925E+0	2,42440E-12
1,67124E+0	2,63090E-12
1,69323E+0	1,09970E-12
1,71522E+0	2,44800E-13
1,73721E+0	3,88520E-12
1,75920E+0	3,19900E-12
1,78119E+0	2,01940E-12
1,80318E+0	2,72450E-12
1,82517E+0	3,48720E-12
1,84716E+0	3,64260E-12
1,86915E+0	1,69080E-12
1,89114E+0	3,44100E-12
1,91313E+0	9,33400E-13
1,93512E+0	1,01460E-12
1,95711E+0	2,67180E-12
1,97910E+0	2,26510E-12
2,00109E+0	4,66480E-12
2,02308E+0	2,96300E-12
2,04507E+0	1,26060E-12
2,06706E+0	2,24310E-12
2,08905E+0	2,84580E-12
2,11104E+0	3,15450E-12
2,13303E+0	3,74930E-12
2,15502E+0	1,81040E-12
2,17701E+0	8,15900E-13
2,19900E+0	2,52180E-12
2,22099E+0	1,00020E-12
2,24298E+0	2,15100E-12
2,26497E+0	2,53230E-12
2,28696E+0	3,69780E-12
2,30895E+0	2,56210E-12
2,33094E+0	1,56730E-12
2,35293E+0	4,15270E-12
2,37492E+0	3,97000E-12
2,39691E+0	2,21650E-12
2,41890E+0	4,61160E-12
2,44089E+0	1,52220E-12
2,46288E+0	1,56080E-12
2,48487E+0	2,13700E-12
2,50686E+0	1,99070E-12
2,52885E+0	3,22330E-12
2,55084E+0	3,04300E-12
2,57283E+0	3,15880E-12
2,59482E+0	5,26620E-12
2,61681E+0	1,49920E-12
2,63880E+0	7,46990E-12
2,66079E+0	4,09180E-12
2,68278E+0	4,27330E-12
2,70477E+0	3,34290E-12
2,72676E+0	3,20980E-12
2,74875E+0	3,44210E-12
2,77074E+0	6,17680E-12
2,79273E+0	5,86820E-12
2,81472E+0	6,20930E-12
2,83671E+0	7,80670E-12
2,85870E+0	4,12950E-12
2,88069E+0	3,56300E-12
2,90268E+0	5,64300E-12
2,92467E+0	4,93940E-12
2,94666E+0	7,27330E-12
2,96865E+0	3,30080E-12
2,99064E+0	4,53820E-12
3,01263E+0	1,00944E-11
3,03462E+0	4,60480E-12
3,05661E+0	2,78530E-12
3,07860E+0	2,70650E-12
3,10059E+0	4,71610E-12
3,12258E+0	3,13140E-12
3,14457E+0	4,09920E-12
3,16656E+0	6,81400E-12
3,18855E+0	8,03190E-12
3,21054E+0	3,65130E-12
3,23253E+0	4,65610E-12
3,25452E+0	7,91600E-12
3,27651E+0	6,02820E-12
3,29850E+0	9,40960E-12
3,32049E+0	1,11318E-11
3,34248E+0	1,15602E-11
3,36447E+0	3,94240E-12
3,38646E+0	6,13790E-12
3,40845E+0	6,05930E-12
3,43044E+0	7,51440E-12
3,45243E+0	9,48160E-12
3,47442E+0	5,95170E-12
3,49641E+0	4,63240E-12
3,51840E+0	8,11110E-12
3,54039E+0	6,94680E-12
3,56238E+0	4,86850E-12
3,58437E+0	5,28960E-12
3,60636E+0	7,53010E-12
3,62835E+0	6,18650E-12
3,65034E+0	4,30520E-12
3,67233E+0	4,05550E-12
3,69432E+0	9,44650E-12
3,71631E+0	3,52060E-12
3,73830E+0	5,90300E-12
3,76029E+0	5,87130E-12
3,78228E+0	7,34640E-12
3,80427E+0	1,00523E-11
3,82626E+0	8,47480E-12
3,84825E+0	9,64190E-12
3,87024E+0	7,65140E-12
3,89223E+0	7,13590E-12
3,91422E+0	7,77490E-12
3,93621E+0	1,05337E-11
3,95820E+0	8,31230E-12
3,98019E+0	7,27300E-12
4,00218E+0	9,07750E-12
4,02417E+0	8,97900E-12
4,04616E+0	7,54080E-12
4,06815E+0	1,31178E-11
4,09014E+0	9,66920E-12
4,11213E+0	7,53390E-12
4,13412E+0	1,00540E-11
4,15611E+0	8,95410E-12
4,17810E+0	9,88190E-12
4,20009E+0	1,17618E-11
4,22208E+0	6,65270E-12
4,24407E+0	7,87870E-12
4,26606E+0	1,16088E-11
4,28805E+0	1,05138E-11
4,31004E+0	7,49920E-12
4,33203E+0	8,34050E-12
4,35402E+0	1,06563E-11
4,37601E+0	9,89700E-12
4,39800E+0	1,17284E-11
4,41999E+0	1,17820E-11
4,44198E+0	1,00874E-11
4,46397E+0	9,81150E-12
4,48596E+0	1,09745E-11
4,50795E+0	1,06065E-11
4,52994E+0	8,52670E-12
4,55193E+0	1,15843E-11
4,57392E+0	1,05418E-11
4,59591E+0	1,12216E-11
4,61790E+0	7,68470E-12
4,63989E+0	1,26664E-11
4,66188E+0	1,24942E-11
4,68387E+0	1,21786E-11
4,70586E+0	1,15819E-11
4,72785E+0	1,22500E-11
4,74984E+0	1,56164E-11
4,77183E+0	1,10278E-11
4,79382E+0	1,35317E-11
4,81581E+0	1,71472E-11
4,83780E+0	2,02322E-11
4,85979E+0	1,27205E-11
4,88178E+0	2,06679E-11
4,90377E+0	1,17968E-11
4,92576E+0	1,33808E-11
4,94775E+0	1,92734E-11
4,96974E+0	1,98646E-11
4,99173E+0	5,75350E-11
5,01372E+0	2,21900E-11
5,03571E+0	1,53503E-11
5,05770E+0	1,68373E-11
5,07969E+0	1,56111E-11
5,10168E+0	1,76425E-11
5,12367E+0	1,42450E-11
5,14566E+0	1,62378E-11
5,16765E+0	1,82536E-11
5,18964E+0	1,51816E-11
5,21163E+0	1,97181E-11
5,23362E+0	1,44700E-11
5,25561E+0	1,81920E-11
5,27760E+0	1,53201E-11
5,29959E+0	1,82858E-11
5,32158E+0	1,41690E-11
5,34357E+0	1,80332E-11
5,36556E+0	1,92710E-11
5,38755E+0	2,04940E-11
5,40954E+0	1,51802E-11
5,43153E+0	1,81276E-11
5,45352E+0	1,98825E-11
5,47551E+0	2,08360E-11
5,49750E+0	2,09440E-11
5,51949E+0	1,63820E-11
5,54148E+0	2,91320E-11
5,56347E+0	2,38110E-11
5,58546E+0	2,19300E-11
5,60745E+0	2,72570E-11
5,62944E+0	2,16390E-11
5,65143E+0	1,38730E-11
5,67342E+0	2,41000E-11
5,69541E+0	2,41660E-11
5,71740E+0	2,81730E-11
5,73939E+0	2,42620E-11
5,76138E+0	2,35940E-11
5,78337E+0	2,44840E-11
5,80536E+0	3,11000E-11
5,82735E+0	2,39050E-11
5,84934E+0	2,04200E-11
5,87133E+0	2,21000E-11
5,89332E+0	2,88260E-11
5,91531E+0	2,58130E-11
5,93730E+0	2,77960E-11
5,95929E+0	2,86260E-11
5,98128E+0	2,87760E-11
6,00327E+0	2,30490E-11
6,02526E+0	3,40950E-11
6,04725E+0	2,99570E-11
6,06924E+0	2,77140E-11
6,09123E+0	2,63270E-11
6,11322E+0	3,27420E-11
6,13521E+0	3,85470E-11
6,15720E+0	3,56540E-11
6,17919E+0	3,48120E-11
6,20118E+0	3,49210E-11
6,22317E+0	3,07990E-11
6,24516E+0	2,75730E-11
6,26715E+0	2,17020E-11
6,28914E+0	2,68450E-11
6,31113E+0	3,51360E-11
6,33312E+0	4,06880E-11
6,35511E+0	3,53980E-11
6,37710E+0	2,15820E-11
6,39909E+0	4,28030E-11
6,42108E+0	4,58800E-11
6,44307E+0	3,58700E-11
6,46506E+0	3,45300E-11
6,48705E+0	3,82460E-11
6,50904E+0	3,43210E-11
6,53103E+0	3,18700E-11
6,55302E+0	4,09110E-11
6,57501E+0	4,79390E-11
6,59700E+0	4,43120E-11
6,61899E+0	5,01100E-11
6,64098E+0	6,11100E-11
6,66297E+0	5,64800E-11
6,68496E+0	5,11170E-11
6,70695E+0	6,09270E-11
6,72894E+0	5,44200E-11
6,75093E+0	5,34180E-11
6,77292E+0	5,05240E-11
6,79491E+0	5,70190E-11
6,81690E+0	5,44560E-11
6,83889E+0	5,46170E-11
6,86088E+0	5,29440E-11
6,88287E+0	4,37550E-11
6,90486E+0	5,59380E-11
6,92685E+0	5,89110E-11
6,94884E+0	6,05650E-11
6,97083E+0	5,07290E-11
6,99282E+0	3,90490E-11
7,01481E+0	5,26530E-11
7,03680E+0	6,35130E-11
7,05879E+0	5,59700E-11
7,08078E+0	6,29320E-11
7,10277E+0	5,29150E-11
7,12476E+0	7,00050E-11
7,14675E+0	6,59180E-11
7,16874E+0	5,60450E-11
7,19073E+0	4,94820E-11
7,21272E+0	4,78010E-11
7,23471E+0	4,63890E-11
7,25670E+0	4,72540E-11
7,27869E+0	5,20360E-11
7,30068E+0	4,73620E-11
7,32267E+0	5,34010E-11
7,34466E+0	4,46230E-11
7,36665E+0	4,73670E-11
7,38864E+0	4,76130E-11
7,41063E+0	4,90450E-11
7,43262E+0	4,56430E-11
7,45461E+0	6,01760E-11
7,47660E+0	6,21010E-11
7,49859E+0	5,18170E-11
7,52058E+0	5,41410E-11
7,54257E+0	6,06240E-11
7,56456E+0	6,31710E-11
7,58655E+0	7,28670E-11
7,60854E+0	6,81100E-11
7,63053E+0	5,66240E-11
7,65252E+0	6,24970E-11
7,67451E+0	6,10950E-11
7,69650E+0	6,84210E-11
7,71849E+0	6,58530E-11
7,74048E+0	6,39250E-11
7,76247E+0	6,89740E-11
7,78446E+0	5,04000E-11
7,80645E+0	5,47910E-11
7,82844E+0	7,07170E-11
7,85043E+0	6,52110E-11
7,87242E+0	5,08260E-11
7,89441E+0	5,86730E-11
7,91640E+0	6,27150E-11
7,93839E+0	6,27130E-11
7,96038E+0	5,60370E-11
7,98237E+0	6,39680E-11
8,00436E+0	7,23900E-11
8,02635E+0	7,36640E-11
8,04834E+0	7,16170E-11
8,07033E+0	6,16490E-11
8,09232E+0	6,00040E-11
8,11431E+0	6,84070E-11
8,13630E+0	7,80620E-11
8,15829E+0	8,21670E-11
8,18028E+0	7,23630E-11
8,20227E+0	6,73900E-11
8,22426E+0	6,50710E-11
8,24625E+0	5,86970E-11
8,26824E+0	7,23930E-11
8,29023E+0	6,94720E-11
8,31222E+0	8,74940E-11
8,33421E+0	8,30430E-11
8,35620E+0	7,09920E-11
8,37819E+0	6,82510E-11
8,40018E+0	9,04750E-11
8,42217E+0	1,00262E-10
8,44416E+0	8,79540E-11
8,46615E+0	9,04170E-11
8,48814E+0	9,15430E-11
8,51013E+0	1,06306E-10
8,53212E+0	8,96860E-11
8,55411E+0	9,39860E-11
8,57610E+0	9,81890E-11
8,59809E+0	9,97200E-11
8,62008E+0	1,09094E-10
8,64207E+0	1,08712E-10
8,66406E+0	1,06554E-10
8,68605E+0	1,01092E-10
8,70804E+0	1,17124E-10
8,73003E+0	1,07030E-10
8,75202E+0	1,25344E-10
8,77401E+0	9,69980E-11
8,79600E+0	1,19531E-10
8,81799E+0	1,04170E-10
8,83998E+0	1,08119E-10
8,86197E+0	1,11065E-10
8,88396E+0	1,03780E-10
8,90595E+0	9,64910E-11
8,92794E+0	9,74430E-11
8,94993E+0	1,08773E-10
8,97192E+0	1,05654E-10
8,99391E+0	1,00368E-10
9,01590E+0	1,13822E-10
9,03789E+0	9,88540E-11
9,05988E+0	1,04971E-10
9,08187E+0	8,85350E-11
9,10386E+0	9,77050E-11
9,12585E+0	1,00495E-10
9,14784E+0	1,01605E-10
9,16983E+0	8,89020E-11
9,19182E+0	1,02653E-10
9,21381E+0	1,00604E-10
9,23580E+0	9,83180E-11
9,25779E+0	9,80020E-11
9,27978E+0	9,48380E-11
9,30177E+0	1,16604E-10
9,32376E+0	1,03136E-10
9,34575E+0	9,05290E-11
9,36774E+0	1,05230E-10
9,38973E+0	1,21248E-10
9,41172E+0	1,02985E-10
9,43371E+0	1,03869E-10
9,45570E+0	1,12814E-10
9,47769E+0	1,16849E-10
9,49968E+0	8,58940E-11
9,52167E+0	1,01500E-10
9,54366E+0	9,58850E-11
9,56565E+0	1,12358E-10
9,58764E+0	1,14896E-10
9,60963E+0	1,21061E-10
9,62210E+0	1,03711E-10
9,63942E+0	1,14383E-10
9,65674E+0	9,81330E-11
9,67406E+0	1,10202E-10
9,69138E+0	1,05692E-10
9,70870E+0	1,30406E-10
9,72603E+0	1,04790E-10
9,74335E+0	1,15969E-10
9,76067E+0	1,18295E-10
9,77799E+0	1,20078E-10
9,79531E+0	1,02878E-10
9,81263E+0	1,13498E-10
9,82996E+0	1,23573E-10
9,84728E+0	1,09169E-10
9,86460E+0	1,26694E-10
9,88192E+0	1,13549E-10
9,89924E+0	1,23736E-10
9,91656E+0	1,16081E-10
9,93389E+0	1,38014E-10
9,95121E+0	1,26141E-10
9,96853E+0	1,14352E-10
9,98585E+0	1,20918E-10
1,00032E+1	1,24361E-10
1,00205E+1	1,24197E-10
1,00378E+1	1,63279E-10
1,00551E+1	1,30234E-10
1,00725E+1	1,27559E-10
1,00898E+1	1,18171E-10
1,01071E+1	1,45452E-10
1,01244E+1	1,42889E-10
1,01417E+1	1,30482E-10
1,01591E+1	1,40587E-10
1,01850E+1	1,26543E-10
1,02024E+1	1,36391E-10
1,02197E+1	1,37711E-10
1,02370E+1	1,36910E-10
1,02543E+1	1,34358E-10
1,02717E+1	1,49640E-10
1,02890E+1	1,54158E-10
1,03063E+1	1,57949E-10
1,03236E+1	1,56964E-10
1,03409E+1	1,48146E-10
1,03583E+1	1,44289E-10
1,03756E+1	1,33743E-10
1,03929E+1	1,40262E-10
1,04102E+1	1,51187E-10
1,04276E+1	1,41322E-10
1,04449E+1	1,41639E-10
1,04622E+1	1,62194E-10
1,04795E+1	1,66368E-10
1,04968E+1	1,51018E-10
1,05142E+1	1,38911E-10
1,05315E+1	1,42048E-10
1,05488E+1	1,63143E-10
1,05661E+1	1,73180E-10
1,05834E+1	1,39578E-10
1,06008E+1	1,48288E-10
1,06181E+1	1,49470E-10
1,06354E+1	1,60924E-10
1,06527E+1	1,72437E-10
1,06701E+1	1,56876E-10
1,06874E+1	1,49298E-10
1,07047E+1	1,63974E-10
1,07220E+1	1,61506E-10
1,07393E+1	1,72127E-10
1,07567E+1	1,85801E-10
1,07740E+1	1,63130E-10
1,07913E+1	1,86081E-10
1,08086E+1	1,72360E-10
1,08259E+1	1,64975E-10
1,08433E+1	1,63308E-10
1,08606E+1	1,85271E-10
1,08779E+1	1,92595E-10
1,08952E+1	1,79360E-10
1,09126E+1	1,77266E-10
1,09299E+1	1,78477E-10
1,09472E+1	2,09326E-10
1,09645E+1	1,84203E-10
1,09818E+1	1,88298E-10
1,09992E+1	1,92294E-10
1,10165E+1	1,92863E-10
1,10338E+1	2,20950E-10
1,10511E+1	2,22150E-10
1,10684E+1	2,02427E-10
1,10858E+1	1,76540E-10
1,11031E+1	2,05165E-10
1,11204E+1	2,03189E-10
1,11377E+1	2,09017E-10
1,11551E+1	1,91014E-10
1,11724E+1	2,69890E-10
1,11897E+1	2,22300E-10
1,12070E+1	2,01006E-10
1,12243E+1	2,06340E-10
1,12417E+1	2,91840E-10
1,12590E+1	2,72010E-10
1,12763E+1	2,05340E-10
1,12936E+1	2,59250E-10
1,13110E+1	2,52000E-10
1,13283E+1	2,44720E-10
1,13456E+1	2,42810E-10
1,13629E+1	2,79460E-10
1,13802E+1	2,78600E-10
1,13976E+1	2,42570E-10
1,14149E+1	2,20910E-10
1,14322E+1	2,90160E-10
1,14495E+1	2,42940E-10
1,14668E+1	3,12030E-10
1,14842E+1	2,66760E-10
1,15015E+1	2,51540E-10
1,15188E+1	2,85510E-10
1,15361E+1	2,39460E-10
1,15535E+1	2,98870E-10
1,15708E+1	2,79280E-10
1,15881E+1	2,94790E-10
1,16054E+1	2,42750E-10
1,16227E+1	2,55210E-10
1,16401E+1	3,48810E-10
1,16574E+1	3,84140E-10
1,16747E+1	3,54850E-10
1,16920E+1	3,28700E-10
1,17093E+1	2,75280E-10
1,17267E+1	2,64500E-10
1,17440E+1	2,80510E-10
1,17613E+1	2,77330E-10
1,17786E+1	3,02990E-10
1,17960E+1	2,52960E-10
1,18133E+1	3,72350E-10
1,18306E+1	3,26960E-10
1,18479E+1	3,65150E-10
1,18652E+1	3,83030E-10
1,18826E+1	4,07110E-10
1,18999E+1	3,74070E-10
1,19172E+1	3,82220E-10
1,19345E+1	3,11230E-10
1,19519E+1	2,56560E-10
1,19692E+1	2,64440E-10
1,19865E+1	2,51370E-10
1,20038E+1	3,26010E-10
1,20211E+1	4,09550E-10
1,20385E+1	4,13200E-10
1,20558E+1	3,94490E-10
1,20731E+1	4,29360E-10
1,20904E+1	3,70900E-10
1,21077E+1	3,75930E-10
1,21251E+1	3,83100E-10
1,21424E+1	4,33270E-10
1,21597E+1	3,66040E-10
1,21770E+1	5,77050E-10
1,21944E+1	3,90170E-10
1,22117E+1	5,28210E-10
1,22290E+1	5,45300E-10
1,22463E+1	5,85280E-10
1,22636E+1	5,01650E-10
1,22810E+1	5,95410E-10
1,22983E+1	5,33020E-10
1,23156E+1	4,68640E-10
1,23329E+1	5,22470E-10
1,23502E+1	6,49110E-10
1,23676E+1	6,57170E-10
1,23849E+1	6,59070E-10
1,24022E+1	6,77350E-10
1,24195E+1	6,69300E-10
1,24369E+1	5,78190E-10
1,24542E+1	6,10270E-10
1,24715E+1	5,45950E-10
1,24888E+1	6,28790E-10
1,25061E+1	6,42320E-10
1,25235E+1	6,01470E-10
1,25408E+1	5,94540E-10
1,25581E+1	5,48510E-10
1,25754E+1	6,28780E-10
1,25927E+1	6,99900E-10
1,26101E+1	6,38990E-10
1,26274E+1	6,32590E-10
1,26447E+1	6,71440E-10
1,26620E+1	6,57890E-10
1,26794E+1	7,54300E-10
1,26967E+1	8,00470E-10
1,27140E+1	7,39220E-10
1,27313E+1	7,96920E-10
1,27486E+1	7,27200E-10
1,27660E+1	7,42880E-10
1,27833E+1	8,32210E-10
1,28006E+1	8,71340E-10
1,28179E+1	7,16430E-10
1,28353E+1	7,99170E-10
1,28526E+1	7,99590E-10
1,28699E+1	8,71350E-10
1,28872E+1	8,63650E-10
1,29045E+1	9,73960E-10
1,29219E+1	7,69960E-10
1,29392E+1	9,55570E-10
1,29565E+1	8,87060E-10
1,29738E+1	9,63350E-10
1,29911E+1	1,13839E-9
1,30085E+1	8,92690E-10
1,30258E+1	8,93610E-10
1,30431E+1	1,11992E-9
1,30604E+1	9,37610E-10
1,30778E+1	9,03790E-10
1,30951E+1	1,03710E-9
1,31124E+1	1,09164E-9
1,31297E+1	1,10015E-9
1,31470E+1	1,26051E-9
1,31644E+1	1,28973E-9
1,31817E+1	1,17787E-9
1,31990E+1	1,36406E-9
1,32163E+1	1,25006E-9
1,32336E+1	1,34228E-9
1,32510E+1	1,47011E-9
1,32683E+1	1,58260E-9
1,32856E+1	1,72220E-9
1,33029E+1	1,58445E-9
1,33203E+1	2,08400E-9
1,33376E+1	2,21030E-9
1,33549E+1	2,11490E-9
1,33722E+1	2,34810E-9
1,33895E+1	2,23770E-9
1,34069E+1	2,46290E-9
1,34242E+1	2,49100E-9
1,34415E+1	2,50520E-9
1,34588E+1	2,42160E-9
1,34761E+1	2,12910E-9
1,34935E+1	2,13610E-9
1,35108E+1	2,10700E-9
1,35281E+1	2,03240E-9
1,35454E+1	2,10460E-9
1,35628E+1	2,07150E-9
1,35801E+1	1,82000E-9
1,35974E+1	1,81960E-9
1,36147E+1	2,03580E-9
1,36320E+1	1,72590E-9
1,36494E+1	1,65360E-9
1,36667E+1	1,56600E-9
1,36840E+1	1,65126E-9
1,37013E+1	1,53727E-9
1,37187E+1	1,48318E-9
1,37360E+1	1,49550E-9
1,37533E+1	1,38330E-9
1,37706E+1	1,46700E-9
1,37879E+1	1,47920E-9
1,38053E+1	1,49060E-9
1,38226E+1	1,28312E-9
1,38399E+1	1,31411E-9
1,38572E+1	1,41220E-9
1,38745E+1	1,45742E-9
1,38919E+1	1,37887E-9
1,39092E+1	1,36687E-9
1,39265E+1	1,35305E-9
1,39438E+1	1,45250E-9
1,39612E+1	1,19352E-9
1,39785E+1	1,22210E-9
1,39958E+1	1,49117E-9
1,40131E+1	1,43231E-9
1,40304E+1	1,42450E-9
1,40478E+1	1,88030E-9
1,40651E+1	2,19910E-9
1,40824E+1	2,17290E-9
1,40997E+1	2,53500E-9
1,41170E+1	2,66470E-9
1,41344E+1	2,57910E-9
1,41517E+1	2,92710E-9
1,41690E+1	2,83520E-9
1,41863E+1	2,89560E-9
1,42037E+1	2,92260E-9
1,42210E+1	2,84990E-9
1,42383E+1	2,74230E-9
1,42556E+1	2,49320E-9
1,42729E+1	2,50210E-9
1,42903E+1	2,48180E-9
1,43076E+1	2,16690E-9
1,43249E+1	2,15680E-9
1,43422E+1	2,75180E-9
1,43596E+1	2,58540E-9
1,43769E+1	2,93780E-9
1,43942E+1	2,62520E-9
1,44115E+1	2,85080E-9
1,44288E+1	2,73100E-9
1,44462E+1	2,79700E-9
1,44635E+1	2,72110E-9
1,44808E+1	2,43600E-9
1,44981E+1	2,34860E-9
1,45154E+1	2,34480E-9
1,45328E+1	2,27800E-9
1,45501E+1	1,76659E-9
1,45674E+1	1,73024E-9
1,45847E+1	1,37751E-9
1,46021E+1	1,52500E-9
1,46194E+1	1,39012E-9
1,46367E+1	1,05567E-9
1,46540E+1	9,24720E-10
1,46713E+1	7,66740E-10
1,46887E+1	6,97200E-10
1,47060E+1	4,43380E-10
1,47233E+1	3,47030E-10
1,47406E+1	2,63290E-10
1,47579E+1	2,31800E-10
1,47753E+1	1,86762E-10
1,47926E+1	1,89558E-10
1,48099E+1	1,73121E-10
1,48272E+1	1,04245E-10
1,48446E+1	7,39370E-11
1,48619E+1	5,07950E-11
1,48792E+1	4,18220E-11
1,48965E+1	2,46490E-11
1,49138E+1	2,08040E-11
1,49312E+1	1,07132E-11
1,49485E+1	7,48030E-12
1,49658E+1	3,01880E-12
1,49831E+1	3,50770E-12
