E, keV	I, A
0,00000E+0	-1,22120E-12
1,09950E-2	-1,65760E-12
2,19900E-2	-6,80700E-13
3,29850E-2	-1,09190E-12
4,39800E-2	-2,77500E-13
5,49750E-2	-1,48700E-12
6,59700E-2	-9,88000E-13
7,69650E-2	-3,86800E-13
8,79600E-2	-4,45500E-13
9,89550E-2	-1,45570E-12
1,09950E-1	2,01300E-13
1,20945E-1	-7,14100E-13
1,31940E-1	-7,89000E-13
1,42935E-1	-1,03530E-12
1,53930E-1	7,80700E-13
1,64925E-1	1,88300E-13
1,75920E-1	2,64000E-14
1,86915E-1	-8,90300E-13
1,97910E-1	7,04900E-13
2,08905E-1	-2,93500E-13
2,19900E-1	-1,09200E-12
2,30895E-1	-1,16390E-12
2,41890E-1	-4,94500E-13
2,52885E-1	1,28210E-12
2,63880E-1	-1,04750E-12
2,74875E-1	-2,82100E-13
2,85870E-1	-6,08400E-13
2,96865E-1	-1,63580E-12
3,07860E-1	-1,27080E-12
3,18855E-1	-8,42700E-13
3,29850E-1	-1,12000E-13
3,40845E-1	-4,18900E-13
3,51840E-1	9,97000E-13
3,62835E-1	-8,50900E-13
3,73830E-1	-3,88700E-13
3,84825E-1	-6,18000E-13
3,95820E-1	-4,24000E-14
4,06815E-1	2,50300E-13
4,17810E-1	-5,24200E-13
4,28805E-1	-4,32000E-13
4,39800E-1	7,86000E-13
4,50795E-1	-3,97100E-13
4,61790E-1	-6,77100E-13
4,72785E-1	1,06010E-12
4,83780E-1	-6,93500E-13
4,94775E-1	-3,80900E-13
5,05770E-1	-2,42500E-13
5,16765E-1	2,08000E-14
5,27760E-1	-3,77400E-13
5,38755E-1	-1,38960E-12
5,49750E-1	-8,85200E-13
5,60745E-1	-1,04500E-13
5,71740E-1	3,47600E-13
5,82735E-1	-7,21300E-13
5,93730E-1	4,04200E-13
6,04725E-1	-5,73900E-13
6,15720E-1	-1,05500E-12
6,26715E-1	-6,64000E-13
6,37710E-1	5,42700E-13
6,48705E-1	-7,29900E-13
6,59700E-1	-5,93300E-13
6,70695E-1	6,51200E-13
6,81690E-1	-6,13400E-13
6,92685E-1	-3,03900E-13
7,03680E-1	1,10910E-12
7,14675E-1	1,77200E-13
7,25670E-1	-4,26700E-13
7,36665E-1	8,21900E-13
7,47660E-1	-9,34700E-13
7,58655E-1	1,37400E-13
7,69650E-1	-1,90900E-13
7,80645E-1	6,40000E-14
7,91640E-1	5,76400E-13
8,02635E-1	-1,10900E-13
8,13630E-1	2,58000E-12
8,24625E-1	-2,68900E-13
8,35620E-1	-7,31700E-13
8,46615E-1	3,04600E-13
8,57610E-1	-5,65100E-13
8,68605E-1	-7,44900E-13
8,79600E-1	-6,38700E-13
8,90595E-1	2,57600E-13
9,01590E-1	-9,21600E-13
9,12585E-1	-7,34800E-13
9,23580E-1	-3,78100E-13
9,34575E-1	-3,07300E-13
9,45570E-1	9,99800E-13
9,56565E-1	3,03000E-13
9,67560E-1	2,23680E-12
9,78555E-1	3,52540E-12
9,89550E-1	3,32600E-13
1,00055E+0	7,14200E-13
1,01154E+0	-1,67300E-13
1,02253E+0	-2,69900E-13
1,03353E+0	5,39300E-13
1,04452E+0	-6,42200E-13
1,05552E+0	-6,50000E-13
1,06651E+0	1,15390E-12
1,07751E+0	6,18100E-13
1,08850E+0	1,17950E-12
1,09950E+0	-3,21600E-13
1,11050E+0	8,98500E-13
1,12149E+0	-3,32900E-13
1,13248E+0	1,36420E-12
1,14348E+0	5,76800E-13
1,15447E+0	1,35360E-12
1,16547E+0	6,32000E-13
1,17647E+0	-3,30400E-13
1,18746E+0	2,46300E-13
1,19846E+0	1,48790E-12
1,20945E+0	-4,67000E-13
1,22045E+0	1,19920E-12
1,23144E+0	6,10800E-13
1,24243E+0	-1,49800E-13
1,25343E+0	1,86380E-12
1,26442E+0	5,06000E-13
1,27542E+0	1,59950E-12
1,28641E+0	1,75000E-14
1,29741E+0	-9,19000E-14
1,30840E+0	1,47250E-12
1,31940E+0	-8,17400E-13
1,33039E+0	1,06540E-12
1,34139E+0	1,51410E-12
1,35238E+0	3,62200E-13
1,36338E+0	-5,29100E-13
1,37437E+0	-5,50500E-13
1,38537E+0	2,12390E-12
1,39636E+0	1,60200E-13
1,40736E+0	5,71000E-13
1,41836E+0	1,81800E-13
1,42935E+0	4,61600E-13
1,44034E+0	9,27700E-13
1,45134E+0	7,46000E-13
1,46233E+0	8,99500E-13
1,47333E+0	3,19760E-12
1,48432E+0	3,13670E-12
1,49532E+0	1,65940E-12
1,50632E+0	2,06610E-12
1,51731E+0	-4,73000E-14
1,52830E+0	-5,50000E-14
1,53930E+0	-8,82800E-13
1,55029E+0	-4,67300E-13
1,56129E+0	6,38000E-14
1,57228E+0	-3,53200E-13
1,58328E+0	1,63290E-12
1,59427E+0	3,47020E-12
1,60527E+0	3,59500E-13
1,61626E+0	2,70690E-12
1,62726E+0	2,61100E-13
1,63825E+0	1,37600E-13
1,64925E+0	1,14890E-12
1,66024E+0	1,10500E-13
1,67124E+0	7,31500E-13
1,68223E+0	2,00220E-12
1,69323E+0	1,01320E-12
1,70422E+0	1,82230E-12
1,71522E+0	2,85700E-12
1,72622E+0	1,68170E-12
1,73721E+0	-4,58300E-13
1,74821E+0	2,17780E-12
1,75920E+0	8,90800E-13
1,77019E+0	3,85500E-13
1,78119E+0	-2,94400E-13
1,79218E+0	5,19400E-13
1,80318E+0	1,48650E-12
1,81417E+0	4,60500E-13
1,82517E+0	6,12900E-13
1,83616E+0	1,35930E-12
1,84716E+0	6,22200E-13
1,85815E+0	2,87440E-12
1,86915E+0	2,53500E-12
1,88014E+0	1,48360E-12
1,89114E+0	9,08100E-13
1,90213E+0	-1,04500E-13
1,91313E+0	3,19380E-12
1,92412E+0	1,54780E-12
1,93512E+0	2,38490E-12
1,94611E+0	3,33430E-12
1,95711E+0	2,68360E-12
1,96810E+0	2,12400E-12
1,97910E+0	4,20860E-12
1,99009E+0	2,31890E-12
2,00109E+0	5,90550E-12
2,01208E+0	5,30660E-12
2,02308E+0	3,96230E-12
2,03408E+0	5,02860E-12
2,04507E+0	2,81520E-12
2,05606E+0	3,55080E-12
2,06706E+0	3,00890E-12
2,07805E+0	2,24380E-12
2,08905E+0	3,14890E-12
2,10004E+0	1,80920E-12
2,11104E+0	1,86860E-12
2,12203E+0	3,37600E-12
2,13303E+0	1,85980E-12
2,14402E+0	1,72650E-12
2,15502E+0	5,56100E-12
2,16601E+0	2,47870E-12
2,17701E+0	2,03670E-12
2,18800E+0	2,35670E-12
2,19900E+0	2,16290E-12
2,20999E+0	2,22630E-12
2,22099E+0	3,43540E-12
2,23198E+0	2,26400E-12
2,24298E+0	4,45240E-12
2,25397E+0	1,53190E-12
2,26497E+0	2,46100E-13
2,27596E+0	4,48910E-12
2,28696E+0	4,09140E-12
2,29795E+0	6,99310E-12
2,30895E+0	3,12180E-12
2,31994E+0	2,98360E-12
2,33094E+0	1,88960E-12
2,34193E+0	4,30460E-12
2,35293E+0	4,86500E-13
2,36392E+0	2,37070E-12
2,37492E+0	2,93300E-12
2,38591E+0	3,49120E-12
2,39691E+0	2,05070E-12
2,40790E+0	1,80680E-12
2,41890E+0	3,99060E-12
2,42989E+0	2,14730E-12
2,44089E+0	2,99110E-12
2,45188E+0	2,96310E-12
2,46288E+0	1,90800E-12
2,47387E+0	2,95780E-12
2,48487E+0	1,44100E-13
2,49586E+0	5,38260E-12
2,50686E+0	1,42370E-12
2,51785E+0	5,60010E-12
2,52885E+0	3,79190E-12
2,53984E+0	2,40080E-12
2,55084E+0	2,02640E-12
2,56183E+0	8,06700E-13
2,57283E+0	2,25680E-12
2,58383E+0	5,13890E-12
2,59482E+0	2,58630E-12
2,60581E+0	3,92500E-12
2,61681E+0	4,82610E-12
2,62780E+0	2,32330E-12
2,63880E+0	2,44160E-12
2,64980E+0	2,06470E-12
2,66079E+0	1,16770E-12
2,67178E+0	1,78890E-12
2,68278E+0	1,58900E-12
2,69378E+0	9,08580E-12
2,70477E+0	2,83320E-12
2,71577E+0	5,36190E-12
2,72676E+0	3,72370E-12
2,73775E+0	4,04300E-12
2,74875E+0	4,24550E-12
2,75974E+0	3,97960E-12
2,77074E+0	4,88570E-12
2,78173E+0	5,93470E-12
2,79273E+0	4,80460E-12
2,80372E+0	3,93040E-12
2,81472E+0	2,99090E-12
2,82571E+0	3,83780E-12
2,83671E+0	1,62380E-12
2,84770E+0	4,68930E-12
2,85870E+0	4,55920E-12
2,86969E+0	5,12910E-12
2,88069E+0	1,31260E-12
2,89168E+0	2,96360E-12
2,90268E+0	3,43110E-12
2,91367E+0	2,56150E-12
2,92467E+0	1,24600E-12
2,93566E+0	3,55280E-12
2,94666E+0	2,13150E-12
2,95765E+0	2,95010E-12
2,96865E+0	2,43710E-12
2,97964E+0	3,02080E-12
2,99064E+0	2,78530E-12
3,00163E+0	5,90320E-12
3,01263E+0	3,09050E-12
3,02363E+0	3,78740E-12
3,03462E+0	4,55990E-12
3,04561E+0	4,06330E-12
3,05661E+0	5,17300E-12
3,06760E+0	4,99350E-12
3,07860E+0	4,03520E-12
3,08959E+0	6,57960E-12
3,10059E+0	6,72140E-12
3,11158E+0	6,02290E-12
3,12258E+0	1,80330E-12
3,13357E+0	5,90630E-12
3,14457E+0	5,35780E-12
3,15556E+0	3,00030E-12
3,16656E+0	5,51090E-12
3,17755E+0	6,50380E-12
3,18855E+0	6,78850E-12
3,19955E+0	4,73300E-12
3,21054E+0	4,98300E-12
3,22153E+0	4,65010E-12
3,23253E+0	2,57070E-12
3,24352E+0	3,33950E-12
3,25452E+0	6,24140E-12
3,26552E+0	4,01730E-12
3,27651E+0	9,51130E-12
3,28750E+0	5,74520E-12
3,29850E+0	2,34230E-12
3,30949E+0	5,43550E-12
3,32049E+0	8,18530E-12
3,33148E+0	8,63200E-12
3,34248E+0	6,38560E-12
3,35347E+0	7,15640E-12
3,36447E+0	6,17070E-12
3,37546E+0	2,30890E-12
3,38646E+0	2,21450E-12
3,39745E+0	4,91390E-12
3,40845E+0	8,34390E-12
3,41944E+0	9,91610E-12
3,43044E+0	6,87490E-12
3,44143E+0	1,12924E-11
3,45243E+0	1,01201E-11
3,46342E+0	4,70870E-12
3,47442E+0	5,86430E-12
3,48541E+0	8,13500E-12
3,49641E+0	8,11960E-12
3,50740E+0	1,13528E-11
3,51840E+0	8,18660E-12
3,52939E+0	4,24280E-12
3,54039E+0	9,38740E-12
3,55138E+0	6,70990E-12
3,56238E+0	1,37059E-11
3,57337E+0	5,07000E-12
3,58437E+0	5,71390E-12
3,59536E+0	7,06070E-12
3,60636E+0	6,61340E-12
3,61735E+0	7,70380E-12
3,62835E+0	8,49720E-12
3,63934E+0	1,00783E-11
3,65034E+0	1,31496E-11
3,66133E+0	7,24100E-12
3,67233E+0	1,04340E-11
3,68332E+0	8,05670E-12
3,69432E+0	5,41600E-12
3,70531E+0	5,61450E-12
3,71631E+0	8,99370E-12
3,72730E+0	7,06980E-12
3,73830E+0	1,13202E-11
3,74930E+0	1,03077E-11
3,76029E+0	1,09547E-11
3,77128E+0	8,62390E-12
3,78228E+0	8,26140E-12
3,79327E+0	7,95570E-12
3,80427E+0	4,02910E-12
3,81527E+0	1,12981E-11
3,82626E+0	1,01415E-11
3,83725E+0	9,85830E-12
3,84825E+0	5,58360E-12
3,85924E+0	4,41130E-12
3,87024E+0	6,87570E-12
3,88123E+0	8,02160E-12
3,89223E+0	4,56430E-12
3,90322E+0	9,04230E-12
3,91422E+0	6,52570E-12
3,92521E+0	8,37250E-12
3,93621E+0	9,76840E-12
3,94720E+0	8,34280E-12
3,95820E+0	8,07460E-12
3,96919E+0	8,78660E-12
3,98019E+0	1,60747E-11
3,99118E+0	1,43993E-11
4,00218E+0	8,86880E-12
4,01317E+0	7,06650E-12
4,02417E+0	6,44140E-12
4,03516E+0	2,95030E-12
4,04616E+0	7,64640E-12
4,05715E+0	1,13927E-11
4,06815E+0	4,83170E-12
4,07914E+0	8,92560E-12
4,09014E+0	1,41775E-11
4,10113E+0	8,12240E-12
4,11213E+0	1,18150E-11
4,12312E+0	6,26500E-12
4,13412E+0	5,61760E-12
4,14511E+0	6,89940E-12
4,15611E+0	7,31900E-12
4,16710E+0	8,64550E-12
4,17810E+0	9,22250E-12
4,18910E+0	4,67240E-12
4,20009E+0	9,30960E-12
4,21108E+0	1,06685E-11
4,22208E+0	9,81110E-12
4,23307E+0	1,05400E-11
4,24407E+0	1,04971E-11
4,25507E+0	9,18060E-12
4,26606E+0	8,33790E-12
4,27705E+0	4,92830E-12
4,28805E+0	9,83810E-12
4,29904E+0	3,61820E-12
4,31004E+0	5,07630E-12
4,32104E+0	9,79520E-12
4,33203E+0	1,14925E-11
4,34302E+0	1,47011E-11
4,35402E+0	1,01940E-11
4,36501E+0	1,11702E-11
4,37601E+0	8,06860E-12
4,38701E+0	1,66905E-11
4,39800E+0	8,82900E-12
4,40899E+0	1,05743E-11
4,41999E+0	7,48920E-12
4,43098E+0	8,13890E-12
4,44198E+0	8,96310E-12
4,45297E+0	7,91220E-12
4,46397E+0	1,83258E-11
4,47497E+0	1,73539E-11
4,48596E+0	1,47348E-11
4,49695E+0	1,03274E-11
4,50795E+0	9,19600E-12
4,51895E+0	9,39580E-12
4,52994E+0	1,01929E-11
4,54093E+0	6,26480E-12
4,55193E+0	1,45721E-11
4,56292E+0	1,04616E-11
4,57392E+0	1,62765E-11
4,58491E+0	1,03557E-11
4,59591E+0	5,57510E-12
4,60691E+0	6,26990E-12
4,61790E+0	9,68620E-12
4,62889E+0	9,06030E-12
4,63989E+0	1,01886E-11
4,65088E+0	7,27400E-12
4,66188E+0	1,60813E-11
4,67287E+0	1,59166E-11
4,68387E+0	1,73560E-11
4,69486E+0	1,44738E-11
4,70586E+0	1,31826E-11
4,71685E+0	1,90202E-11
4,72785E+0	1,30000E-11
4,73884E+0	2,46700E-11
4,74984E+0	2,28600E-11
4,76084E+0	2,10390E-11
4,77183E+0	1,63955E-11
4,78282E+0	1,65354E-11
4,79382E+0	1,87027E-11
4,80481E+0	1,78347E-11
4,81581E+0	2,09278E-11
4,82680E+0	1,36428E-11
4,83780E+0	1,82310E-11
4,84879E+0	2,32370E-11
4,85979E+0	1,79246E-11
4,87078E+0	1,65869E-11
4,88178E+0	1,39351E-11
4,89277E+0	9,50160E-12
4,90377E+0	1,53516E-11
4,91476E+0	1,75858E-11
4,92576E+0	1,79245E-11
4,93675E+0	1,73050E-11
4,94775E+0	1,97498E-11
4,95874E+0	1,61240E-11
4,96974E+0	1,32302E-11
4,98074E+0	1,89689E-11
4,99173E+0	1,89304E-11
5,00272E+0	1,61755E-11
5,01372E+0	1,49756E-11
5,02471E+0	1,36264E-11
5,03571E+0	1,00601E-11
5,04670E+0	1,12109E-11
5,05770E+0	2,00344E-11
5,06869E+0	2,07011E-11
5,07969E+0	1,30273E-11
5,09068E+0	1,56801E-11
5,10168E+0	1,47124E-11
5,11268E+0	1,61270E-11
5,12367E+0	1,80621E-11
5,13466E+0	2,81860E-11
5,14566E+0	1,72446E-11
5,15665E+0	1,83644E-11
5,16765E+0	1,96395E-11
5,17864E+0	1,49301E-11
5,18964E+0	1,84763E-11
5,20064E+0	1,82630E-11
5,21163E+0	2,19220E-11
5,22262E+0	2,17050E-11
5,23362E+0	2,31390E-11
5,24461E+0	2,25300E-11
5,25561E+0	2,20600E-11
5,26660E+0	2,43150E-11
5,27760E+0	2,38990E-11
5,28859E+0	2,15060E-11
5,29959E+0	2,81480E-11
5,31058E+0	2,57230E-11
5,32158E+0	2,34370E-11
5,33257E+0	1,91180E-11
5,34357E+0	2,39400E-11
5,35457E+0	2,13260E-11
5,36556E+0	2,29460E-11
5,37655E+0	2,31050E-11
5,38755E+0	1,87542E-11
5,39854E+0	1,56927E-11
5,40954E+0	1,91015E-11
5,42053E+0	1,87110E-11
5,43153E+0	2,04670E-11
5,44252E+0	1,45225E-11
5,45352E+0	1,71975E-11
5,46451E+0	1,38989E-11
5,47551E+0	1,78267E-11
5,48651E+0	2,02390E-11
5,49750E+0	2,55440E-11
5,50849E+0	2,74900E-11
5,51949E+0	2,03427E-11
5,53048E+0	1,40690E-11
5,54148E+0	2,36870E-11
5,55247E+0	2,61220E-11
5,56347E+0	3,01250E-11
5,57447E+0	2,61720E-11
5,58546E+0	2,57690E-11
5,59645E+0	1,81534E-11
5,60745E+0	2,29030E-11
5,61845E+0	2,31930E-11
5,62944E+0	2,42270E-11
5,64043E+0	2,07170E-11
5,65143E+0	2,24310E-11
5,66242E+0	2,86640E-11
5,67342E+0	2,67520E-11
5,68441E+0	2,71130E-11
5,69541E+0	2,71060E-11
5,70641E+0	2,41890E-11
5,71740E+0	3,25850E-11
5,72839E+0	2,61920E-11
5,73939E+0	2,27400E-11
5,75038E+0	2,31390E-11
5,77237E+0	2,41690E-11
5,78337E+0	2,47730E-11
5,79436E+0	2,78240E-11
5,80536E+0	3,67920E-11
5,81635E+0	2,75130E-11
5,82735E+0	3,23450E-11
5,83834E+0	3,09840E-11
5,84934E+0	2,39200E-11
5,86034E+0	3,43270E-11
5,87133E+0	2,36270E-11
5,88232E+0	2,43520E-11
5,89332E+0	2,50220E-11
5,90431E+0	2,42230E-11
5,91531E+0	3,40020E-11
5,92630E+0	3,37750E-11
5,93730E+0	2,84170E-11
5,94829E+0	3,21710E-11
5,95929E+0	2,05650E-11
5,97028E+0	3,09300E-11
5,98128E+0	3,96840E-11
5,99227E+0	3,29280E-11
6,00327E+0	2,52640E-11
6,01426E+0	3,08330E-11
6,02526E+0	3,90570E-11
6,03625E+0	2,95900E-11
6,04725E+0	2,87540E-11
6,05824E+0	3,40680E-11
6,06924E+0	2,21510E-11
6,08024E+0	2,79930E-11
6,09123E+0	2,91930E-11
6,10222E+0	2,92150E-11
6,11322E+0	3,31980E-11
6,12421E+0	2,86780E-11
6,13521E+0	3,37520E-11
6,14620E+0	2,80390E-11
6,15720E+0	2,92000E-11
6,16819E+0	3,37100E-11
6,17919E+0	2,98850E-11
6,19018E+0	2,93310E-11
6,20118E+0	3,91740E-11
6,21218E+0	3,78580E-11
6,22317E+0	3,55050E-11
6,23416E+0	2,69210E-11
6,24516E+0	2,73160E-11
6,25615E+0	3,09680E-11
6,26715E+0	2,73060E-11
6,27814E+0	2,59160E-11
6,28914E+0	3,04430E-11
6,30014E+0	3,26130E-11
6,31113E+0	2,79300E-11
6,32212E+0	3,18010E-11
6,33312E+0	3,40780E-11
6,34411E+0	2,95140E-11
6,35511E+0	2,94550E-11
6,36610E+0	2,82260E-11
6,37710E+0	3,08040E-11
6,38809E+0	3,60000E-11
6,39909E+0	3,85570E-11
6,41008E+0	3,04880E-11
6,42108E+0	2,81550E-11
6,43207E+0	3,18340E-11
6,44307E+0	3,37030E-11
6,45406E+0	4,20380E-11
6,46506E+0	4,06320E-11
6,47605E+0	3,92240E-11
6,48705E+0	3,27430E-11
6,49804E+0	3,43760E-11
6,50904E+0	3,74180E-11
6,52003E+0	4,01640E-11
6,53103E+0	3,19570E-11
6,54202E+0	2,31940E-11
6,55302E+0	3,03950E-11
6,56401E+0	3,23590E-11
6,57501E+0	3,60450E-11
6,58601E+0	3,27510E-11
6,59700E+0	3,46930E-11
6,60799E+0	4,33840E-11
6,61899E+0	4,43540E-11
6,62998E+0	4,80020E-11
6,64098E+0	4,11770E-11
6,65197E+0	4,00820E-11
6,66297E+0	3,79750E-11
6,67396E+0	4,11770E-11
6,68496E+0	4,16640E-11
6,69595E+0	4,69920E-11
6,70695E+0	4,89400E-11
6,71795E+0	4,88980E-11
6,72894E+0	5,18430E-11
6,73993E+0	4,99530E-11
6,75093E+0	3,91690E-11
6,76192E+0	4,13010E-11
6,77292E+0	4,47780E-11
6,78391E+0	4,75960E-11
6,79491E+0	3,98730E-11
6,80591E+0	4,41380E-11
6,81690E+0	3,80800E-11
6,82789E+0	4,10740E-11
6,83889E+0	4,69990E-11
6,84988E+0	4,02140E-11
6,86088E+0	4,36890E-11
6,87187E+0	5,67000E-11
6,88287E+0	4,84390E-11
6,89386E+0	4,63240E-11
6,90486E+0	5,25740E-11
6,91585E+0	4,20310E-11
6,92685E+0	5,87300E-11
6,93784E+0	4,24580E-11
6,94884E+0	4,55700E-11
6,95983E+0	5,09000E-11
6,97083E+0	5,46870E-11
6,98182E+0	4,81580E-11
6,99282E+0	4,38340E-11
7,00381E+0	6,27700E-11
7,01481E+0	4,96420E-11
7,02580E+0	5,19790E-11
7,03680E+0	5,58370E-11
7,04779E+0	6,87740E-11
7,05879E+0	6,03740E-11
7,06978E+0	7,10960E-11
7,08078E+0	5,53910E-11
7,09177E+0	6,54210E-11
7,10277E+0	6,53850E-11
7,11376E+0	6,58650E-11
7,12476E+0	5,91610E-11
7,13575E+0	6,99640E-11
7,14675E+0	5,61320E-11
7,15774E+0	5,72110E-11
7,16874E+0	8,13920E-11
7,17973E+0	6,85330E-11
7,19073E+0	6,69610E-11
7,20172E+0	7,72760E-11
7,21272E+0	6,73110E-11
7,22371E+0	8,19670E-11
7,23471E+0	8,58280E-11
7,24570E+0	6,30460E-11
7,25670E+0	7,31370E-11
7,26769E+0	6,25940E-11
7,27869E+0	6,22680E-11
7,28968E+0	6,46250E-11
7,30068E+0	6,63820E-11
7,31168E+0	7,31960E-11
7,32267E+0	6,84460E-11
7,33366E+0	7,73040E-11
7,34466E+0	6,07850E-11
7,35565E+0	8,19480E-11
7,36665E+0	7,48830E-11
7,37764E+0	7,71850E-11
7,38864E+0	7,22830E-11
7,39963E+0	6,98140E-11
7,41063E+0	6,00970E-11
7,42162E+0	7,41580E-11
7,43262E+0	7,82760E-11
7,44361E+0	8,41220E-11
7,45461E+0	7,14390E-11
7,46560E+0	7,07630E-11
7,47660E+0	7,24220E-11
7,48759E+0	7,04920E-11
7,49859E+0	6,57620E-11
7,50958E+0	6,69600E-11
7,52058E+0	6,81830E-11
7,53157E+0	5,64930E-11
7,54257E+0	7,45570E-11
7,55356E+0	7,10040E-11
7,56456E+0	6,81280E-11
7,57555E+0	7,27000E-11
7,58655E+0	6,88860E-11
7,59754E+0	7,02610E-11
7,60854E+0	5,66650E-11
7,61953E+0	7,18170E-11
7,63053E+0	7,45700E-11
7,64152E+0	6,12660E-11
7,65252E+0	6,90960E-11
7,66351E+0	6,59840E-11
7,67451E+0	6,58470E-11
7,68551E+0	6,73390E-11
7,69650E+0	6,71080E-11
7,70749E+0	6,58260E-11
7,71849E+0	5,85990E-11
7,72948E+0	5,09570E-11
7,74048E+0	6,58850E-11
7,75147E+0	6,89940E-11
7,76247E+0	6,33480E-11
7,77346E+0	6,81090E-11
7,78446E+0	6,27540E-11
7,79545E+0	6,63460E-11
7,80645E+0	6,51830E-11
7,81745E+0	7,16490E-11
7,82844E+0	6,80700E-11
7,83943E+0	5,51950E-11
7,85043E+0	6,89230E-11
7,86142E+0	7,37720E-11
7,87242E+0	6,68600E-11
7,88341E+0	6,88220E-11
7,89441E+0	5,29930E-11
7,90541E+0	7,37200E-11
7,91640E+0	7,11450E-11
7,92739E+0	6,78180E-11
7,93839E+0	6,55760E-11
7,94938E+0	5,97430E-11
7,96038E+0	6,56240E-11
7,97137E+0	7,08320E-11
7,98237E+0	6,46060E-11
7,99336E+0	7,90720E-11
8,00436E+0	6,75740E-11
8,01535E+0	7,63250E-11
8,02635E+0	7,24840E-11
8,03734E+0	6,12560E-11
8,04834E+0	5,69040E-11
8,05933E+0	6,12670E-11
8,07033E+0	7,13670E-11
8,08132E+0	6,03090E-11
8,09232E+0	6,08110E-11
8,10332E+0	5,72780E-11
8,11431E+0	5,56150E-11
8,12530E+0	6,75490E-11
8,13630E+0	5,95010E-11
8,14729E+0	7,91320E-11
8,15829E+0	7,28190E-11
8,16928E+0	6,69870E-11
8,18028E+0	6,02790E-11
8,19127E+0	7,43850E-11
8,20227E+0	6,73880E-11
8,21326E+0	7,48980E-11
8,22426E+0	5,46190E-11
8,23526E+0	6,63150E-11
8,24625E+0	7,40620E-11
8,25724E+0	7,38500E-11
8,26824E+0	7,59390E-11
8,27923E+0	8,21430E-11
8,29023E+0	7,50050E-11
8,30122E+0	8,50700E-11
8,31222E+0	6,99820E-11
8,32321E+0	7,83030E-11
8,33421E+0	7,22750E-11
8,34520E+0	7,19860E-11
8,35620E+0	8,17410E-11
8,36720E+0	6,73120E-11
8,37819E+0	6,73630E-11
8,38918E+0	7,23960E-11
8,40018E+0	6,14500E-11
8,41118E+0	6,22320E-11
8,42217E+0	6,64400E-11
8,43316E+0	7,21310E-11
8,44416E+0	6,75400E-11
8,45515E+0	8,20440E-11
8,46615E+0	8,70640E-11
8,47715E+0	7,54730E-11
8,48814E+0	8,58450E-11
8,49913E+0	8,43440E-11
8,51013E+0	7,59780E-11
8,52112E+0	5,65230E-11
8,53212E+0	5,75260E-11
8,54311E+0	7,02110E-11
8,55411E+0	8,12490E-11
8,56510E+0	7,28410E-11
8,57610E+0	6,78330E-11
8,58709E+0	7,47950E-11
8,59809E+0	8,10590E-11
8,60909E+0	9,68730E-11
8,62008E+0	7,48030E-11
8,63107E+0	8,20060E-11
8,64207E+0	8,97180E-11
8,65306E+0	9,03790E-11
8,66406E+0	9,88500E-11
8,67505E+0	8,03560E-11
8,68605E+0	8,42780E-11
8,69704E+0	8,14970E-11
8,70804E+0	8,59550E-11
8,71903E+0	9,80770E-11
8,73003E+0	8,63160E-11
8,74102E+0	8,96530E-11
8,75202E+0	7,90930E-11
8,76301E+0	6,90250E-11
8,77401E+0	8,16370E-11
8,78500E+0	9,42940E-11
8,79600E+0	9,36830E-11
8,80699E+0	8,18600E-11
8,81799E+0	9,58850E-11
8,82898E+0	8,67230E-11
8,83998E+0	9,79480E-11
8,85098E+0	9,79310E-11
8,86197E+0	8,59670E-11
8,87296E+0	9,84080E-11
8,88396E+0	7,65240E-11
8,89495E+0	8,62930E-11
8,90595E+0	8,92630E-11
8,91694E+0	7,92670E-11
8,92794E+0	9,86480E-11
8,93894E+0	9,37070E-11
8,94993E+0	8,98930E-11
8,96092E+0	9,16030E-11
8,97192E+0	8,22940E-11
8,98291E+0	7,48900E-11
8,99391E+0	9,42820E-11
9,00490E+0	8,21150E-11
9,01590E+0	9,48910E-11
9,02689E+0	9,95500E-11
9,03789E+0	9,34970E-11
9,04889E+0	8,12310E-11
9,05988E+0	9,09040E-11
9,07087E+0	9,24230E-11
9,08187E+0	9,36610E-11
9,09286E+0	9,88460E-11
9,10386E+0	1,16380E-10
9,11485E+0	9,83680E-11
9,12585E+0	1,02576E-10
9,13684E+0	9,98890E-11
9,14784E+0	9,86860E-11
9,15883E+0	1,01657E-10
9,16983E+0	9,99380E-11
9,18082E+0	9,48540E-11
9,19182E+0	1,02536E-10
9,20281E+0	1,04982E-10
9,21381E+0	1,11214E-10
9,22480E+0	1,11687E-10
9,23580E+0	1,09797E-10
9,24679E+0	1,26292E-10
9,25779E+0	1,12486E-10
9,26878E+0	1,04315E-10
9,27978E+0	9,75340E-11
9,29077E+0	9,97950E-11
9,30177E+0	1,09653E-10
9,31277E+0	1,25383E-10
9,32376E+0	1,13911E-10
9,33475E+0	1,09153E-10
9,34575E+0	9,95200E-11
9,35674E+0	1,12677E-10
9,36774E+0	1,13692E-10
9,37873E+0	1,14632E-10
9,38973E+0	1,41958E-10
9,40072E+0	1,35818E-10
9,41172E+0	1,32089E-10
9,42272E+0	1,22789E-10
9,43371E+0	1,18903E-10
9,44470E+0	1,48519E-10
9,45570E+0	1,37130E-10
9,46669E+0	1,28568E-10
9,47769E+0	1,29343E-10
9,48869E+0	1,37248E-10
9,49968E+0	1,62518E-10
9,51067E+0	1,59873E-10
9,52167E+0	1,56372E-10
9,53266E+0	1,43555E-10
9,54366E+0	1,57412E-10
9,55465E+0	1,78662E-10
9,56565E+0	1,50755E-10
9,57665E+0	1,52570E-10
9,58764E+0	1,56625E-10
9,59863E+0	1,52901E-10
9,60963E+0	1,59591E-10
9,62062E+0	1,51848E-10
9,62210E+0	1,76266E-10
9,63076E+0	1,73384E-10
9,63942E+0	1,89660E-10
9,64808E+0	1,78659E-10
9,65674E+0	1,68744E-10
9,66540E+0	1,79562E-10
9,67406E+0	1,72790E-10
9,68272E+0	1,83848E-10
9,69138E+0	1,86673E-10
9,70004E+0	1,76637E-10
9,70870E+0	2,03441E-10
9,71737E+0	1,68676E-10
9,72603E+0	1,90053E-10
9,73469E+0	1,65957E-10
9,74335E+0	1,76484E-10
9,75201E+0	1,77289E-10
9,76067E+0	1,73922E-10
9,76933E+0	1,71669E-10
9,77799E+0	1,59295E-10
9,78665E+0	1,63660E-10
9,79531E+0	1,54613E-10
9,80397E+0	1,60566E-10
9,81263E+0	1,46680E-10
9,82130E+0	1,81147E-10
9,82996E+0	1,53727E-10
9,83862E+0	1,69618E-10
9,84728E+0	1,84805E-10
9,85594E+0	1,40896E-10
9,86460E+0	1,53030E-10
9,87326E+0	1,57342E-10
9,88192E+0	1,60837E-10
9,89058E+0	1,65334E-10
9,89924E+0	1,54211E-10
9,90790E+0	1,69417E-10
9,91656E+0	1,68037E-10
9,92522E+0	1,63635E-10
9,93389E+0	1,73572E-10
9,94255E+0	1,48550E-10
9,95121E+0	1,38838E-10
9,95987E+0	1,68594E-10
9,96853E+0	1,62576E-10
9,97719E+0	1,54971E-10
9,98585E+0	1,67556E-10
9,99451E+0	1,62287E-10
1,00032E+1	1,56276E-10
1,00118E+1	1,73252E-10
1,00205E+1	1,68936E-10
1,00292E+1	1,53087E-10
1,00378E+1	1,62913E-10
1,00465E+1	1,47968E-10
1,00551E+1	1,63249E-10
1,00638E+1	1,63316E-10
1,00725E+1	1,72693E-10
1,00811E+1	1,65587E-10
1,00898E+1	1,71589E-10
1,00984E+1	1,59923E-10
1,01071E+1	1,70549E-10
1,01158E+1	1,69342E-10
1,01244E+1	1,67700E-10
1,01331E+1	1,51531E-10
1,01417E+1	1,72539E-10
1,01504E+1	1,53657E-10
1,01591E+1	1,70513E-10
1,01677E+1	1,70286E-10
1,01764E+1	1,62243E-10
1,01850E+1	1,74342E-10
1,01937E+1	1,77828E-10
1,02024E+1	1,86902E-10
1,02110E+1	1,89433E-10
1,02197E+1	1,95839E-10
1,02284E+1	1,86106E-10
1,02370E+1	1,91680E-10
1,02457E+1	1,68451E-10
1,02543E+1	1,90190E-10
1,02630E+1	1,73817E-10
1,02717E+1	1,76612E-10
1,02803E+1	1,75892E-10
1,02890E+1	2,04255E-10
1,02976E+1	1,78587E-10
1,03063E+1	1,80948E-10
1,03150E+1	1,73713E-10
1,03236E+1	1,95363E-10
1,03323E+1	2,05866E-10
1,03409E+1	1,81726E-10
1,03496E+1	1,86660E-10
1,03583E+1	1,78327E-10
1,03669E+1	1,91802E-10
1,03756E+1	1,70677E-10
1,03842E+1	1,63909E-10
1,03929E+1	1,94406E-10
1,04016E+1	1,99873E-10
1,04102E+1	1,72045E-10
1,04189E+1	1,86144E-10
1,04276E+1	1,85068E-10
1,04362E+1	1,94689E-10
1,04449E+1	2,04822E-10
1,04535E+1	1,98333E-10
1,04622E+1	1,78147E-10
1,04709E+1	1,69953E-10
1,04795E+1	1,84214E-10
1,04882E+1	1,78828E-10
1,04968E+1	2,01779E-10
1,05055E+1	1,80169E-10
1,05142E+1	1,85017E-10
1,05228E+1	2,03537E-10
1,05315E+1	1,81394E-10
1,05401E+1	1,74423E-10
1,05488E+1	1,81775E-10
1,05575E+1	2,02528E-10
1,05661E+1	1,93319E-10
1,05748E+1	2,09254E-10
1,05834E+1	2,39560E-10
1,05921E+1	2,03288E-10
1,06008E+1	1,84180E-10
1,06094E+1	2,02001E-10
1,06181E+1	2,03178E-10
1,06267E+1	1,89292E-10
1,06354E+1	1,86410E-10
1,06441E+1	2,50070E-10
1,06527E+1	1,91126E-10
1,06614E+1	2,00871E-10
1,06701E+1	1,85320E-10
1,06787E+1	2,02278E-10
1,06874E+1	2,32620E-10
1,06960E+1	2,01144E-10
1,07047E+1	2,32580E-10
1,07134E+1	2,16280E-10
1,07220E+1	2,63400E-10
1,07307E+1	2,00211E-10
1,07393E+1	2,01894E-10
1,07480E+1	2,37630E-10
1,07567E+1	2,22230E-10
1,07653E+1	2,19060E-10
1,07740E+1	2,04800E-10
1,07826E+1	2,59470E-10
1,07913E+1	2,57200E-10
1,08000E+1	2,75650E-10
1,08086E+1	2,27900E-10
1,08173E+1	2,45250E-10
1,08259E+1	2,05160E-10
1,08346E+1	2,44220E-10
1,08433E+1	2,11940E-10
1,08519E+1	2,18830E-10
1,08606E+1	2,00280E-10
1,08693E+1	3,52910E-10
1,08779E+1	2,14120E-10
1,08866E+1	2,53950E-10
1,08952E+1	2,12360E-10
1,09039E+1	2,45000E-10
1,09126E+1	2,41780E-10
1,09212E+1	2,82180E-10
1,09299E+1	2,22280E-10
1,09385E+1	2,66110E-10
1,09472E+1	2,17490E-10
1,09559E+1	2,15930E-10
1,09645E+1	2,34480E-10
1,09732E+1	2,52320E-10
1,09818E+1	2,44480E-10
1,09905E+1	2,08900E-10
1,09992E+1	2,54560E-10
1,10078E+1	2,11800E-10
1,10165E+1	2,32130E-10
1,10251E+1	2,04443E-10
1,10338E+1	2,62090E-10
1,10425E+1	2,00890E-10
1,10511E+1	2,89900E-10
1,10598E+1	2,33240E-10
1,10684E+1	3,16740E-10
1,10771E+1	2,40050E-10
1,10858E+1	2,01020E-10
1,10944E+1	3,08070E-10
1,11031E+1	2,89090E-10
1,11118E+1	3,02430E-10
1,11204E+1	2,66530E-10
1,11291E+1	2,01750E-10
1,11377E+1	2,71080E-10
1,11464E+1	2,67410E-10
1,11551E+1	2,42400E-10
1,11637E+1	2,08060E-10
1,11724E+1	2,11680E-10
1,11810E+1	2,96690E-10
1,11897E+1	2,86080E-10
1,11984E+1	2,80830E-10
1,12070E+1	2,70280E-10
1,12157E+1	2,01670E-10
1,12243E+1	3,02580E-10
1,12330E+1	2,03550E-10
1,12417E+1	2,95850E-10
1,12503E+1	3,07220E-10
1,12590E+1	2,46590E-10
1,12676E+1	2,95630E-10
1,12763E+1	2,54950E-10
1,12850E+1	2,60130E-10
1,12936E+1	3,02080E-10
1,13023E+1	3,19910E-10
1,13110E+1	3,46020E-10
1,13196E+1	2,21510E-10
1,13283E+1	2,50930E-10
1,13369E+1	2,20870E-10
1,13456E+1	2,45700E-10
1,13543E+1	2,98610E-10
1,13629E+1	2,80390E-10
1,13716E+1	2,93400E-10
1,13802E+1	2,60230E-10
1,13889E+1	3,07150E-10
1,13976E+1	2,71760E-10
1,14062E+1	3,78570E-10
1,14149E+1	3,17560E-10
1,14235E+1	3,09150E-10
1,14322E+1	2,47460E-10
1,14409E+1	2,57660E-10
1,14495E+1	2,75060E-10
1,14582E+1	3,03890E-10
1,14668E+1	2,27060E-10
1,14755E+1	2,82600E-10
1,14842E+1	2,72740E-10
1,14928E+1	3,15560E-10
1,15015E+1	3,20630E-10
1,15101E+1	2,49780E-10
1,15188E+1	2,71330E-10
1,15275E+1	2,87120E-10
1,15361E+1	2,97940E-10
1,15448E+1	2,28110E-10
1,15535E+1	3,21810E-10
1,15621E+1	2,90860E-10
1,15708E+1	2,79000E-10
1,15794E+1	3,50150E-10
1,15881E+1	3,44990E-10
1,15968E+1	3,34540E-10
1,16054E+1	2,76000E-10
1,16141E+1	2,98250E-10
1,16227E+1	3,09220E-10
1,16314E+1	3,34480E-10
1,16401E+1	2,99100E-10
1,16487E+1	4,28540E-10
1,16574E+1	3,46980E-10
1,16660E+1	2,77330E-10
1,16747E+1	3,31130E-10
1,16834E+1	3,10010E-10
1,16920E+1	3,35940E-10
1,17007E+1	3,08960E-10
1,17093E+1	3,19890E-10
1,17180E+1	3,13350E-10
1,17267E+1	3,83260E-10
1,17353E+1	3,28490E-10
1,17440E+1	3,88540E-10
1,17527E+1	3,35560E-10
1,17613E+1	3,27220E-10
1,17700E+1	3,81520E-10
1,17786E+1	2,97520E-10
1,17873E+1	3,54820E-10
1,17960E+1	2,66230E-10
1,18046E+1	3,54640E-10
1,18133E+1	3,33790E-10
1,18219E+1	3,65820E-10
1,18306E+1	3,71510E-10
1,18393E+1	2,68720E-10
1,18479E+1	3,27560E-10
1,18566E+1	4,81050E-10
1,18652E+1	3,67570E-10
1,18739E+1	3,84270E-10
1,18826E+1	3,50060E-10
1,18912E+1	3,31480E-10
1,18999E+1	4,84930E-10
1,19085E+1	3,52430E-10
1,19172E+1	3,47390E-10
1,19259E+1	4,15510E-10
1,19345E+1	3,01880E-10
1,19432E+1	3,97250E-10
1,19519E+1	4,94070E-10
1,19605E+1	2,68920E-10
1,19692E+1	3,61640E-10
1,19778E+1	4,16700E-10
1,19865E+1	3,58880E-10
1,19952E+1	3,47160E-10
1,20038E+1	3,95040E-10
1,20125E+1	4,22030E-10
1,20211E+1	3,68620E-10
1,20298E+1	3,73750E-10
1,20385E+1	3,62410E-10
1,20471E+1	4,59040E-10
1,20558E+1	4,53720E-10
1,20644E+1	3,47930E-10
1,20731E+1	3,06840E-10
1,20818E+1	4,64000E-10
1,20904E+1	4,91790E-10
1,20991E+1	5,49790E-10
1,21077E+1	3,38030E-10
1,21164E+1	4,58450E-10
1,21251E+1	4,31670E-10
1,21337E+1	4,01330E-10
1,21424E+1	2,98190E-10
1,21510E+1	4,30020E-10
1,21597E+1	3,97370E-10
1,21684E+1	4,23520E-10
1,21770E+1	4,34760E-10
1,21857E+1	3,87160E-10
1,21944E+1	4,22470E-10
1,22030E+1	4,78330E-10
1,22117E+1	4,91170E-10
1,22203E+1	4,07230E-10
1,22290E+1	4,54220E-10
1,22377E+1	3,22070E-10
1,22463E+1	4,15890E-10
1,22550E+1	4,27720E-10
1,22636E+1	3,70800E-10
1,22723E+1	4,16800E-10
1,22810E+1	5,16420E-10
1,22896E+1	5,09730E-10
1,22983E+1	4,47780E-10
1,23069E+1	4,83350E-10
1,23156E+1	4,33160E-10
1,23243E+1	4,64720E-10
1,23329E+1	3,79660E-10
1,23416E+1	4,36100E-10
1,23502E+1	4,76700E-10
1,23589E+1	4,27990E-10
1,23676E+1	5,13680E-10
1,23762E+1	4,46840E-10
1,23849E+1	5,65450E-10
1,23936E+1	4,49900E-10
1,24022E+1	4,92590E-10
1,24109E+1	4,25670E-10
1,24195E+1	5,01330E-10
1,24282E+1	4,30760E-10
1,24369E+1	5,48120E-10
1,24455E+1	4,77410E-10
1,24542E+1	4,64750E-10
1,24628E+1	4,89060E-10
1,24715E+1	5,03650E-10
1,24802E+1	5,38000E-10
1,24888E+1	5,18890E-10
1,24975E+1	6,26080E-10
1,25061E+1	4,18540E-10
1,25148E+1	5,37700E-10
1,25235E+1	4,97140E-10
1,25321E+1	4,14850E-10
1,25408E+1	4,96110E-10
1,25494E+1	4,96210E-10
1,25581E+1	6,01970E-10
1,25668E+1	4,70460E-10
1,25754E+1	4,79910E-10
1,25841E+1	5,52840E-10
1,25927E+1	4,86480E-10
1,26014E+1	5,24760E-10
1,26101E+1	5,82290E-10
1,26187E+1	3,63310E-10
1,26274E+1	5,59600E-10
1,26361E+1	6,22920E-10
1,26447E+1	6,17860E-10
1,26534E+1	5,92250E-10
1,26620E+1	5,88030E-10
1,26707E+1	5,13920E-10
1,26794E+1	6,25560E-10
1,26880E+1	5,49090E-10
1,26967E+1	4,26980E-10
1,27053E+1	5,41960E-10
1,27140E+1	5,20670E-10
1,27227E+1	5,48290E-10
1,27313E+1	5,58000E-10
1,27400E+1	6,42690E-10
1,27486E+1	5,42780E-10
1,27573E+1	6,18510E-10
1,27660E+1	5,50540E-10
1,27746E+1	4,81640E-10
1,27833E+1	5,48200E-10
1,27919E+1	6,05670E-10
1,28006E+1	6,03920E-10
1,28093E+1	6,58540E-10
1,28179E+1	6,19310E-10
1,28266E+1	5,43430E-10
1,28353E+1	4,29660E-10
1,28439E+1	6,64850E-10
1,28526E+1	5,96200E-10
1,28612E+1	6,24840E-10
1,28699E+1	5,62970E-10
1,28786E+1	5,47120E-10
1,28872E+1	5,29640E-10
1,28959E+1	4,80160E-10
1,29045E+1	5,33710E-10
1,29132E+1	6,98670E-10
1,29219E+1	6,36710E-10
1,29305E+1	4,76130E-10
1,29392E+1	6,17040E-10
1,29478E+1	6,30940E-10
1,29565E+1	5,55340E-10
1,29652E+1	6,26070E-10
1,29738E+1	6,01940E-10
1,29825E+1	6,41720E-10
1,29911E+1	5,34990E-10
1,29998E+1	7,15160E-10
1,30085E+1	6,93380E-10
1,30171E+1	6,61110E-10
1,30258E+1	6,42820E-10
1,30344E+1	8,13450E-10
1,30431E+1	7,63130E-10
1,30518E+1	5,47980E-10
1,30604E+1	7,50210E-10
1,30691E+1	6,61340E-10
1,30778E+1	6,76610E-10
1,30864E+1	7,42520E-10
1,30951E+1	7,03430E-10
1,31037E+1	6,99060E-10
1,31124E+1	6,94390E-10
1,31211E+1	7,61000E-10
1,31297E+1	6,67000E-10
1,31384E+1	7,04460E-10
1,31470E+1	7,62850E-10
1,31557E+1	6,00320E-10
1,31644E+1	8,19630E-10
1,31730E+1	7,89340E-10
1,31817E+1	7,06540E-10
1,31903E+1	8,37440E-10
1,31990E+1	7,40600E-10
1,32077E+1	8,00870E-10
1,32163E+1	7,56280E-10
1,32250E+1	7,97490E-10
1,32336E+1	7,97040E-10
1,32423E+1	7,42150E-10
1,32510E+1	8,14230E-10
1,32596E+1	7,58160E-10
1,32683E+1	8,64110E-10
1,32770E+1	9,08480E-10
1,32856E+1	7,57680E-10
1,32943E+1	8,18300E-10
1,33029E+1	7,77410E-10
1,33116E+1	8,67730E-10
1,33203E+1	7,80360E-10
1,33289E+1	8,50210E-10
1,33376E+1	9,24970E-10
1,33462E+1	9,69700E-10
1,33549E+1	1,02325E-9
1,33636E+1	9,31360E-10
1,33722E+1	9,62180E-10
1,33809E+1	9,47130E-10
1,33895E+1	9,06830E-10
1,33982E+1	9,06690E-10
1,34069E+1	9,17500E-10
1,34155E+1	9,68230E-10
1,34242E+1	8,63640E-10
1,34328E+1	1,00556E-9
1,34415E+1	9,07600E-10
1,34502E+1	9,53230E-10
1,34588E+1	9,54130E-10
1,34675E+1	8,52310E-10
1,34761E+1	1,05914E-9
1,34848E+1	1,05878E-9
1,34935E+1	1,11846E-9
1,35021E+1	1,06240E-9
1,35108E+1	9,87570E-10
1,35195E+1	1,04788E-9
1,35281E+1	1,03479E-9
1,35368E+1	1,03936E-9
1,35454E+1	1,13951E-9
1,35541E+1	8,78780E-10
1,35628E+1	1,07550E-9
1,35714E+1	9,78400E-10
1,35801E+1	1,05921E-9
1,35887E+1	1,07744E-9
1,35974E+1	9,95990E-10
1,36061E+1	9,27750E-10
1,36147E+1	1,19333E-9
1,36234E+1	9,15950E-10
1,36320E+1	1,06419E-9
1,36407E+1	1,04303E-9
1,36494E+1	9,90450E-10
1,36580E+1	1,13553E-9
1,36667E+1	1,00971E-9
1,36753E+1	1,00421E-9
1,36840E+1	1,04372E-9
1,36927E+1	9,98950E-10
1,37013E+1	1,03606E-9
1,37100E+1	1,10634E-9
1,37187E+1	1,02992E-9
1,37273E+1	1,06253E-9
1,37360E+1	1,05217E-9
1,37446E+1	1,08627E-9
1,37533E+1	1,09533E-9
1,37620E+1	1,01295E-9
1,37706E+1	1,15592E-9
1,37793E+1	1,21728E-9
1,37879E+1	1,24813E-9
1,37966E+1	1,15580E-9
1,38053E+1	1,20413E-9
1,38139E+1	1,26448E-9
1,38226E+1	1,18308E-9
1,38312E+1	1,12275E-9
1,38399E+1	1,32349E-9
1,38486E+1	1,14707E-9
1,38572E+1	1,33145E-9
1,38659E+1	1,20919E-9
1,38745E+1	1,31506E-9
1,38832E+1	1,37621E-9
1,38919E+1	1,26415E-9
1,39005E+1	1,29718E-9
1,39092E+1	1,10463E-9
1,39179E+1	1,34903E-9
1,39265E+1	1,37383E-9
1,39352E+1	1,53875E-9
1,39438E+1	1,46025E-9
1,39525E+1	1,41327E-9
1,39612E+1	1,53486E-9
1,39698E+1	1,67135E-9
1,39785E+1	1,65148E-9
1,39871E+1	1,51060E-9
1,39958E+1	1,55862E-9
1,40045E+1	1,70575E-9
1,40131E+1	1,54171E-9
1,40218E+1	1,44882E-9
1,40304E+1	1,73084E-9
1,40391E+1	1,66914E-9
1,40478E+1	1,50712E-9
1,40564E+1	1,56599E-9
1,40651E+1	1,76846E-9
1,40737E+1	1,63906E-9
1,40824E+1	1,91398E-9
1,40911E+1	1,65108E-9
1,40997E+1	1,70870E-9
1,41084E+1	1,68882E-9
1,41170E+1	1,58369E-9
1,41257E+1	1,60476E-9
1,41344E+1	1,62630E-9
1,41430E+1	1,65981E-9
1,41517E+1	1,53449E-9
1,41604E+1	1,51625E-9
1,41690E+1	1,58830E-9
1,41777E+1	1,42798E-9
1,41863E+1	1,56406E-9
1,41950E+1	1,48133E-9
1,42037E+1	1,45073E-9
1,42123E+1	1,33747E-9
1,42210E+1	1,45997E-9
1,42296E+1	1,31452E-9
1,42383E+1	1,26608E-9
1,42470E+1	1,19549E-9
1,42556E+1	1,19541E-9
1,42643E+1	1,20802E-9
1,42729E+1	1,12187E-9
1,42816E+1	1,20566E-9
1,42903E+1	1,10070E-9
1,42989E+1	1,15981E-9
1,43076E+1	1,10367E-9
1,43162E+1	1,14721E-9
1,43249E+1	1,30566E-9
1,43336E+1	1,15632E-9
1,43422E+1	1,18781E-9
1,43509E+1	1,34596E-9
1,43596E+1	1,30069E-9
1,43682E+1	1,44133E-9
1,43769E+1	1,45154E-9
1,43855E+1	1,34773E-9
1,43942E+1	1,41878E-9
1,44029E+1	1,70694E-9
1,44115E+1	1,46746E-9
1,44202E+1	1,76043E-9
1,44288E+1	1,72590E-9
1,44375E+1	1,91796E-9
1,44462E+1	2,16700E-9
1,44548E+1	2,12350E-9
1,44635E+1	2,07990E-9
1,44721E+1	2,11220E-9
1,44808E+1	1,95367E-9
1,44895E+1	2,12320E-9
1,44981E+1	2,21340E-9
1,45068E+1	2,16920E-9
1,45154E+1	2,25490E-9
1,45241E+1	2,12690E-9
1,45328E+1	2,09090E-9
1,45414E+1	1,90850E-9
1,45501E+1	2,14840E-9
1,45587E+1	1,65140E-9
1,45674E+1	1,78992E-9
1,45761E+1	1,55111E-9
1,45847E+1	1,68058E-9
1,45934E+1	1,46209E-9
1,46021E+1	1,32442E-9
1,46107E+1	1,21532E-9
1,46194E+1	1,11181E-9
1,46280E+1	1,01092E-9
1,46367E+1	8,55600E-10
1,46454E+1	8,88330E-10
1,46540E+1	6,21540E-10
1,46627E+1	5,84520E-10
1,46713E+1	5,91820E-10
1,46800E+1	4,19730E-10
1,46887E+1	3,83640E-10
1,46973E+1	3,08720E-10
1,47060E+1	2,90890E-10
1,47146E+1	2,04709E-10
1,47233E+1	1,91866E-10
1,47320E+1	1,57790E-10
1,47406E+1	1,42316E-10
1,47493E+1	9,87130E-11
1,47579E+1	9,00640E-11
1,47666E+1	7,07490E-11
1,47753E+1	4,60160E-11
1,47839E+1	3,64860E-11
1,47926E+1	2,81530E-11
1,48013E+1	2,51070E-11
1,48099E+1	2,56850E-11
1,48186E+1	1,50032E-11
1,48272E+1	1,14372E-11
1,48359E+1	8,52410E-12
1,48446E+1	3,56860E-12
1,48532E+1	4,36110E-12
1,48619E+1	4,47100E-12
1,48705E+1	2,26510E-12
1,48792E+1	3,61840E-12
1,48879E+1	2,46410E-12
1,48965E+1	3,13940E-12
1,49052E+1	1,56480E-12
1,49138E+1	1,27360E-12
1,49225E+1	1,46480E-12
1,49312E+1	1,75430E-12
1,49398E+1	1,11620E-12
1,49485E+1	-4,16000E-14
1,49571E+1	9,04100E-13
1,49658E+1	1,37600E-13
1,49745E+1	2,36070E-12
1,49831E+1	1,05590E-12
1,49918E+1	8,41200E-13
