E, keV	I, A
4,00218E+0	1,25396E-11
4,01317E+0	1,03734E-11
4,02417E+0	9,01580E-12
4,03516E+0	1,39176E-11
4,04616E+0	1,32150E-11
4,05715E+0	1,35739E-11
4,06815E+0	1,30252E-11
4,07914E+0	1,48661E-11
4,09014E+0	7,17950E-12
4,10113E+0	9,13430E-12
4,11213E+0	9,34910E-12
4,12312E+0	1,37482E-11
4,13412E+0	9,06080E-12
4,14511E+0	1,57382E-11
4,15611E+0	9,82130E-12
4,16710E+0	1,32838E-11
4,17810E+0	1,05847E-11
4,18910E+0	1,38346E-11
4,20009E+0	1,35024E-11
4,21108E+0	9,08090E-12
4,22208E+0	1,02584E-11
4,23307E+0	1,45564E-11
4,24407E+0	1,57758E-11
4,25507E+0	1,63459E-11
4,26606E+0	1,17079E-11
4,27705E+0	1,22795E-11
4,28805E+0	1,13867E-11
4,29904E+0	1,31250E-11
4,31004E+0	1,65747E-11
4,32104E+0	1,37855E-11
4,33203E+0	1,74601E-11
4,34302E+0	1,02006E-11
4,35402E+0	8,48640E-12
4,36501E+0	9,39040E-12
4,37601E+0	9,84710E-12
4,38701E+0	1,49654E-11
4,39800E+0	1,28410E-11
4,40899E+0	9,44030E-12
4,41999E+0	1,14503E-11
4,43098E+0	1,73081E-11
4,44198E+0	1,74568E-11
4,45297E+0	1,73613E-11
4,46397E+0	1,28888E-11
4,47497E+0	1,89232E-11
4,48596E+0	1,54178E-11
4,49695E+0	1,07332E-11
4,50795E+0	1,34660E-11
4,51895E+0	1,44800E-11
4,52994E+0	1,42089E-11
4,54093E+0	1,90061E-11
4,55193E+0	1,78952E-11
4,56292E+0	1,66142E-11
4,57392E+0	1,94078E-11
4,58491E+0	1,49929E-11
4,59591E+0	1,13248E-11
4,60691E+0	1,62746E-11
4,61790E+0	1,59110E-11
4,62889E+0	1,30436E-11
4,63989E+0	1,02773E-11
4,65088E+0	2,41730E-11
4,66188E+0	1,28340E-11
4,67287E+0	1,57871E-11
4,68387E+0	1,79289E-11
4,69486E+0	1,24666E-11
4,70586E+0	1,41982E-11
4,71685E+0	1,92351E-11
4,72785E+0	1,88380E-11
4,73884E+0	2,06205E-11
4,74984E+0	1,98557E-11
4,76084E+0	1,77817E-11
4,77183E+0	1,42398E-11
4,78282E+0	1,44026E-11
4,79382E+0	1,78005E-11
4,80481E+0	1,40959E-11
4,81581E+0	1,57572E-11
4,82680E+0	1,84976E-11
4,83780E+0	1,42439E-11
4,84879E+0	1,84769E-11
4,85979E+0	1,39484E-11
4,87078E+0	2,00110E-11
4,88178E+0	1,27477E-11
4,89277E+0	1,77140E-11
4,90377E+0	2,23270E-11
4,91476E+0	1,44497E-11
4,92576E+0	1,98030E-11
4,93675E+0	1,76060E-11
4,94775E+0	1,87362E-11
4,95874E+0	1,70280E-11
4,96974E+0	2,01339E-11
4,98074E+0	2,76440E-11
4,99173E+0	2,48210E-11
5,00272E+0	2,05730E-11
5,01372E+0	2,09000E-11
5,02471E+0	2,01970E-11
5,03571E+0	2,29110E-11
5,04670E+0	2,06280E-11
5,05770E+0	1,66488E-11
5,06869E+0	1,80804E-11
5,07969E+0	2,60010E-11
5,09068E+0	2,01340E-11
5,10168E+0	2,27660E-11
5,11268E+0	3,11450E-11
5,12367E+0	2,31230E-11
5,13466E+0	2,59970E-11
5,14566E+0	2,33530E-11
5,15665E+0	2,58040E-11
5,16765E+0	2,22490E-11
5,17864E+0	2,67510E-11
5,18964E+0	2,68190E-11
5,20064E+0	2,61950E-11
5,21163E+0	2,05860E-11
5,22262E+0	2,07790E-11
5,23362E+0	1,83857E-11
5,24461E+0	1,90712E-11
5,25561E+0	2,02928E-11
5,26660E+0	1,63114E-11
5,27760E+0	2,24200E-11
5,28859E+0	2,86330E-11
5,29959E+0	2,40620E-11
5,31058E+0	1,91472E-11
5,32158E+0	3,22350E-11
5,33257E+0	2,24440E-11
5,34357E+0	2,40270E-11
5,35457E+0	2,48600E-11
5,36556E+0	2,06240E-11
5,37655E+0	2,13130E-11
5,38755E+0	2,47570E-11
5,39854E+0	2,95610E-11
5,40954E+0	3,15840E-11
5,42053E+0	2,70480E-11
5,43153E+0	3,40650E-11
5,44252E+0	2,34780E-11
5,45352E+0	2,70600E-11
5,46451E+0	3,78610E-11
5,47551E+0	3,21650E-11
5,48651E+0	2,48590E-11
5,49750E+0	2,17830E-11
5,50849E+0	2,46020E-11
5,51949E+0	2,88720E-11
5,53048E+0	2,77130E-11
5,54148E+0	2,70090E-11
5,55247E+0	2,97040E-11
5,56347E+0	3,41280E-11
5,57447E+0	2,71950E-11
5,58546E+0	3,79130E-11
5,59645E+0	2,92950E-11
5,60745E+0	3,21940E-11
5,61845E+0	3,45830E-11
5,62944E+0	3,08030E-11
5,64043E+0	3,08630E-11
5,65143E+0	2,52140E-11
5,66242E+0	2,51730E-11
5,67342E+0	3,43630E-11
5,68441E+0	3,97370E-11
5,69541E+0	3,41380E-11
5,70641E+0	3,66260E-11
5,71740E+0	2,91370E-11
5,72839E+0	3,06570E-11
5,73939E+0	3,41640E-11
5,75038E+0	3,88920E-11
5,76138E+0	3,30340E-11
5,77237E+0	3,39780E-11
5,78337E+0	3,07240E-11
5,79436E+0	3,89700E-11
5,80536E+0	3,75900E-11
5,81635E+0	3,58700E-11
5,82735E+0	3,07420E-11
5,83834E+0	3,63170E-11
5,84934E+0	3,55880E-11
5,86034E+0	3,34080E-11
5,87133E+0	2,59950E-11
5,88232E+0	3,65630E-11
5,89332E+0	3,33200E-11
5,90431E+0	3,56940E-11
5,91531E+0	3,17120E-11
5,92630E+0	3,36580E-11
5,93730E+0	2,80500E-11
5,94829E+0	2,83900E-11
5,95929E+0	3,38890E-11
5,97028E+0	3,47230E-11
5,98128E+0	3,11870E-11
5,99227E+0	3,94000E-11
6,00327E+0	4,76800E-11
6,01426E+0	4,42990E-11
6,02526E+0	3,70900E-11
6,03625E+0	3,02510E-11
6,04725E+0	3,65690E-11
6,05824E+0	3,17710E-11
6,06924E+0	4,23330E-11
6,08024E+0	3,84500E-11
6,09123E+0	3,91350E-11
6,10222E+0	5,14740E-11
6,11322E+0	4,91380E-11
6,12421E+0	3,74420E-11
6,13521E+0	4,58620E-11
6,14620E+0	3,20130E-11
6,15720E+0	4,02060E-11
6,16819E+0	4,13980E-11
6,17919E+0	4,02370E-11
6,19018E+0	3,96080E-11
6,20118E+0	5,12880E-11
6,21218E+0	5,46120E-11
6,22317E+0	4,64750E-11
6,23416E+0	4,89580E-11
6,24516E+0	4,57800E-11
6,25615E+0	4,70860E-11
6,26715E+0	4,56320E-11
6,27814E+0	4,21100E-11
6,28914E+0	5,19320E-11
6,30014E+0	4,61680E-11
6,31113E+0	4,63410E-11
6,32212E+0	4,33320E-11
6,33312E+0	3,39960E-11
6,34411E+0	4,16100E-11
6,35511E+0	4,59690E-11
6,36610E+0	4,58300E-11
6,37710E+0	4,76770E-11
6,38809E+0	5,33470E-11
6,39909E+0	4,25710E-11
6,41008E+0	4,31410E-11
6,42108E+0	5,06550E-11
6,43207E+0	5,54220E-11
6,44307E+0	4,67860E-11
6,45406E+0	5,89720E-11
6,46506E+0	5,40660E-11
6,47605E+0	5,48030E-11
6,48705E+0	5,56100E-11
6,49804E+0	5,08550E-11
6,50904E+0	5,33870E-11
6,52003E+0	5,46510E-11
6,53103E+0	5,68300E-11
6,54202E+0	4,81390E-11
6,55302E+0	5,15960E-11
6,56401E+0	6,18070E-11
6,57501E+0	6,07860E-11
6,58601E+0	5,89610E-11
6,59700E+0	6,49910E-11
6,60799E+0	6,51990E-11
6,61899E+0	7,58690E-11
6,62998E+0	7,26700E-11
6,64098E+0	8,82310E-11
6,65197E+0	7,24250E-11
6,66297E+0	7,98130E-11
6,67396E+0	7,59530E-11
6,68496E+0	7,47850E-11
6,69595E+0	7,19030E-11
6,70695E+0	1,06799E-10
6,71795E+0	7,53310E-11
6,72894E+0	8,00910E-11
6,73993E+0	9,01420E-11
6,75093E+0	5,89580E-11
6,76192E+0	7,39520E-11
6,77292E+0	7,38540E-11
6,78391E+0	6,83980E-11
6,79491E+0	5,53230E-11
6,80591E+0	5,60730E-11
6,81690E+0	7,98860E-11
6,82789E+0	6,80740E-11
6,83889E+0	7,02940E-11
6,84988E+0	8,40990E-11
6,86088E+0	8,35680E-11
6,87187E+0	8,97290E-11
6,88287E+0	9,04920E-11
6,89386E+0	9,82870E-11
6,90486E+0	1,02760E-10
6,91585E+0	9,33940E-11
6,92685E+0	8,70050E-11
6,93784E+0	8,19380E-11
6,94884E+0	8,72450E-11
6,95983E+0	7,80360E-11
6,97083E+0	9,59590E-11
6,98182E+0	8,38310E-11
6,99282E+0	8,23560E-11
7,00381E+0	1,04869E-10
7,01481E+0	1,11222E-10
7,02580E+0	1,07202E-10
7,03680E+0	1,12911E-10
7,04779E+0	1,32502E-10
7,05879E+0	1,06172E-10
7,06978E+0	1,01944E-10
7,08078E+0	9,49070E-11
7,09177E+0	1,21284E-10
7,10277E+0	1,07313E-10
7,11376E+0	1,03559E-10
7,12476E+0	1,04258E-10
7,13575E+0	9,69420E-11
7,14675E+0	8,85230E-11
7,15774E+0	8,55190E-11
7,16874E+0	8,88250E-11
7,17973E+0	9,27070E-11
7,19073E+0	1,00892E-10
7,20172E+0	8,63300E-11
7,21272E+0	8,92020E-11
7,22371E+0	1,06108E-10
7,23471E+0	9,31110E-11
7,24570E+0	7,62490E-11
7,25670E+0	8,41710E-11
7,26769E+0	7,98100E-11
7,27869E+0	8,17390E-11
7,28968E+0	9,08140E-11
7,30068E+0	8,51320E-11
7,31168E+0	7,59770E-11
7,32267E+0	8,66770E-11
7,33366E+0	8,40830E-11
7,34466E+0	8,85760E-11
7,35565E+0	9,14070E-11
7,36665E+0	7,55610E-11
7,37764E+0	7,30270E-11
7,38864E+0	8,67030E-11
7,39963E+0	8,22370E-11
7,41063E+0	7,59470E-11
7,42162E+0	7,40000E-11
7,43262E+0	8,53420E-11
7,44361E+0	8,88480E-11
7,45461E+0	7,99380E-11
7,46560E+0	1,00934E-10
7,47660E+0	8,60230E-11
7,48759E+0	8,51800E-11
7,49859E+0	9,00940E-11
7,50958E+0	1,01510E-10
7,52058E+0	9,23460E-11
7,53157E+0	8,54060E-11
7,54257E+0	1,03111E-10
7,55356E+0	9,92640E-11
7,56456E+0	1,03320E-10
7,57555E+0	1,14189E-10
7,58655E+0	9,74210E-11
7,59754E+0	8,38490E-11
7,60854E+0	9,57330E-11
7,61953E+0	8,83290E-11
7,63053E+0	1,11262E-10
7,64152E+0	9,67850E-11
7,65252E+0	8,86760E-11
7,66351E+0	8,35530E-11
7,67451E+0	8,72160E-11
7,68551E+0	9,38120E-11
7,69650E+0	9,65100E-11
7,70749E+0	8,91160E-11
7,71849E+0	8,34600E-11
7,72948E+0	8,20530E-11
7,74048E+0	9,07540E-11
7,75147E+0	9,95180E-11
7,76247E+0	9,61830E-11
7,77346E+0	1,04123E-10
7,78446E+0	8,57180E-11
7,79545E+0	9,01150E-11
7,80645E+0	1,00976E-10
7,81745E+0	8,85120E-11
7,82844E+0	9,03310E-11
7,83943E+0	9,74930E-11
7,85043E+0	1,03337E-10
7,86142E+0	9,74600E-11
7,87242E+0	8,90260E-11
7,88341E+0	1,01767E-10
7,89441E+0	9,14730E-11
7,90541E+0	7,90500E-11
7,91640E+0	9,20720E-11
7,92739E+0	9,83370E-11
7,93839E+0	8,96140E-11
7,94938E+0	1,01549E-10
7,96038E+0	8,59430E-11
7,97137E+0	9,33530E-11
7,98237E+0	1,02887E-10
7,99336E+0	9,13870E-11
8,00436E+0	1,07096E-10
8,01535E+0	9,56420E-11
8,02635E+0	9,85930E-11
8,03734E+0	9,96320E-11
8,04834E+0	9,75460E-11
8,05933E+0	1,08468E-10
8,07033E+0	1,16390E-10
8,08132E+0	1,10673E-10
8,09232E+0	1,14568E-10
8,10332E+0	1,07314E-10
8,11431E+0	9,64770E-11
8,12530E+0	1,06161E-10
8,13630E+0	9,35200E-11
8,14729E+0	1,04043E-10
8,15829E+0	1,13293E-10
8,16928E+0	1,04550E-10
8,18028E+0	1,17729E-10
8,19127E+0	1,26237E-10
8,20227E+0	1,37078E-10
8,21326E+0	1,19776E-10
8,22426E+0	9,45670E-11
8,23526E+0	1,09836E-10
8,24625E+0	1,15794E-10
8,25724E+0	1,26398E-10
8,26824E+0	1,12596E-10
8,27923E+0	1,15962E-10
8,29023E+0	1,24433E-10
8,30122E+0	1,02627E-10
8,31222E+0	1,15868E-10
8,32321E+0	1,32123E-10
8,33421E+0	1,37141E-10
8,34520E+0	1,33313E-10
8,35620E+0	1,22231E-10
8,36720E+0	1,40386E-10
8,37819E+0	1,36198E-10
8,38918E+0	1,46776E-10
8,40018E+0	1,49499E-10
8,41118E+0	1,48479E-10
8,42217E+0	1,38673E-10
8,43316E+0	1,43628E-10
8,44416E+0	1,31472E-10
8,45515E+0	1,45410E-10
8,46615E+0	1,56444E-10
8,47715E+0	1,43836E-10
8,48814E+0	1,52448E-10
8,49913E+0	1,63732E-10
8,51013E+0	1,49914E-10
8,52112E+0	1,59971E-10
8,53212E+0	1,53217E-10
8,54311E+0	1,73669E-10
8,55411E+0	1,64168E-10
8,56510E+0	1,61665E-10
8,57610E+0	1,60955E-10
8,58709E+0	1,81640E-10
8,59809E+0	1,82546E-10
8,60909E+0	1,57224E-10
8,62008E+0	1,51674E-10
8,63107E+0	1,72867E-10
8,64207E+0	1,64212E-10
8,65306E+0	1,70829E-10
8,66406E+0	1,70606E-10
8,67505E+0	1,59882E-10
8,68605E+0	1,57718E-10
8,69704E+0	1,78763E-10
8,70804E+0	1,80171E-10
8,71903E+0	1,77016E-10
8,73003E+0	1,63950E-10
8,74102E+0	1,78901E-10
8,75202E+0	1,85927E-10
8,76301E+0	1,51687E-10
8,77401E+0	1,75809E-10
8,78500E+0	1,79881E-10
8,79600E+0	1,78660E-10
8,80699E+0	1,89018E-10
8,81799E+0	1,78835E-10
8,82898E+0	1,65852E-10
8,83998E+0	1,69309E-10
8,85098E+0	1,85758E-10
8,86197E+0	1,58933E-10
8,87296E+0	1,56282E-10
8,88396E+0	1,62044E-10
8,89495E+0	1,66149E-10
8,90595E+0	1,72866E-10
8,91694E+0	1,80580E-10
8,92794E+0	1,80633E-10
8,93894E+0	1,46674E-10
8,94993E+0	1,70006E-10
8,96092E+0	1,66430E-10
8,97192E+0	1,63550E-10
8,98291E+0	1,64962E-10
8,99391E+0	1,88509E-10
9,00490E+0	1,55376E-10
9,01590E+0	1,82630E-10
9,02689E+0	1,61040E-10
9,03789E+0	1,71757E-10
9,04889E+0	1,80381E-10
9,05988E+0	1,76688E-10
9,07087E+0	1,84739E-10
9,08187E+0	1,51644E-10
9,09286E+0	1,48172E-10
9,10386E+0	1,62610E-10
9,11485E+0	1,65446E-10
9,12585E+0	1,40256E-10
9,13684E+0	1,61398E-10
9,14784E+0	1,71754E-10
9,15883E+0	1,48297E-10
9,16983E+0	1,65390E-10
9,18082E+0	1,70765E-10
9,19182E+0	1,74629E-10
9,20281E+0	1,57340E-10
9,21381E+0	1,67665E-10
9,22480E+0	1,75799E-10
9,23580E+0	1,63571E-10
9,24679E+0	1,81263E-10
9,25779E+0	1,99825E-10
9,26878E+0	1,64413E-10
9,27978E+0	1,73770E-10
9,29077E+0	1,62370E-10
9,30177E+0	1,37551E-10
9,31277E+0	1,59428E-10
9,32376E+0	1,59136E-10
9,33475E+0	1,68425E-10
9,34575E+0	1,62932E-10
9,35674E+0	1,61454E-10
9,36774E+0	1,88961E-10
9,37873E+0	1,79049E-10
9,38973E+0	1,87372E-10
9,40072E+0	1,73630E-10
9,41172E+0	1,79934E-10
9,42272E+0	2,02537E-10
9,43371E+0	1,99743E-10
9,44470E+0	1,84144E-10
9,45570E+0	1,84999E-10
9,46669E+0	1,78225E-10
9,47769E+0	1,70404E-10
9,48869E+0	1,83898E-10
9,49968E+0	1,90505E-10
9,51067E+0	1,75585E-10
9,52167E+0	1,83820E-10
9,53266E+0	1,76842E-10
9,54366E+0	1,87774E-10
9,55465E+0	1,71606E-10
9,56565E+0	1,64816E-10
9,57665E+0	1,78310E-10
9,58764E+0	1,81575E-10
9,59863E+0	1,94050E-10
9,60963E+0	2,06750E-10
9,62062E+0	1,66505E-10
9,62210E+0	1,63863E-10
9,63076E+0	1,67235E-10
9,63942E+0	1,56243E-10
9,64808E+0	1,72921E-10
9,65674E+0	1,66245E-10
9,66540E+0	1,51135E-10
9,67406E+0	1,76768E-10
9,68272E+0	1,78296E-10
9,69138E+0	1,68203E-10
9,70004E+0	1,57548E-10
9,70870E+0	1,97282E-10
9,71737E+0	1,91711E-10
9,72603E+0	1,82198E-10
9,73469E+0	1,84526E-10
9,74335E+0	1,65415E-10
9,75201E+0	1,75802E-10
9,76067E+0	1,89230E-10
9,76933E+0	1,62691E-10
9,77799E+0	1,87495E-10
9,78665E+0	1,88603E-10
9,79531E+0	1,88327E-10
9,80397E+0	1,86560E-10
9,81263E+0	1,75752E-10
9,82130E+0	1,88976E-10
9,82996E+0	1,83512E-10
9,83862E+0	1,82639E-10
9,84728E+0	1,81751E-10
9,85594E+0	2,17140E-10
9,86460E+0	2,73330E-10
9,87326E+0	1,88077E-10
9,88192E+0	2,08265E-10
9,89058E+0	1,91049E-10
9,89924E+0	2,00148E-10
9,90790E+0	1,98587E-10
9,91656E+0	2,41940E-10
9,92522E+0	2,87300E-10
9,93389E+0	2,34010E-10
9,94255E+0	2,72560E-10
9,95121E+0	1,91050E-10
9,95987E+0	2,72550E-10
9,96853E+0	2,08810E-10
9,97719E+0	2,60540E-10
9,98585E+0	1,91432E-10
9,99451E+0	1,96548E-10
1,00032E+1	2,55430E-10
1,00118E+1	1,96596E-10
1,00205E+1	2,04351E-10
1,00292E+1	2,54400E-10
1,00378E+1	1,93720E-10
1,00465E+1	2,02820E-10
1,00551E+1	2,20530E-10
1,00638E+1	2,60900E-10
1,00725E+1	2,00490E-10
1,00811E+1	2,16410E-10
1,00898E+1	2,07880E-10
1,00984E+1	2,12720E-10
1,01071E+1	2,31930E-10
1,01158E+1	2,41460E-10
1,01244E+1	1,96940E-10
1,01331E+1	2,77090E-10
1,01417E+1	2,44680E-10
1,01504E+1	2,28620E-10
1,01591E+1	2,86510E-10
1,01677E+1	2,01060E-10
1,01764E+1	2,06415E-10
1,01850E+1	1,96880E-10
1,01937E+1	2,07880E-10
1,02024E+1	2,46910E-10
1,02110E+1	2,65670E-10
1,02197E+1	2,45540E-10
1,02284E+1	2,35620E-10
1,02370E+1	2,02930E-10
1,02457E+1	2,61430E-10
1,02543E+1	2,84310E-10
1,02630E+1	2,99070E-10
1,02717E+1	2,35520E-10
1,02803E+1	2,86710E-10
1,02890E+1	2,09090E-10
1,02976E+1	3,03980E-10
1,03063E+1	2,24460E-10
1,03150E+1	2,43280E-10
1,03236E+1	2,75610E-10
1,03323E+1	2,28450E-10
1,03409E+1	2,13790E-10
1,03496E+1	1,74365E-10
1,03583E+1	1,70081E-10
1,03669E+1	2,08576E-10
1,03756E+1	2,02931E-10
1,03842E+1	1,93283E-10
1,03929E+1	2,05821E-10
1,04016E+1	2,06931E-10
1,04102E+1	2,03549E-10
1,04189E+1	1,94382E-10
1,04276E+1	1,85325E-10
1,04362E+1	1,99822E-10
1,04449E+1	2,15780E-10
1,04535E+1	2,51690E-10
1,04622E+1	2,26050E-10
1,04709E+1	2,36800E-10
1,04795E+1	1,79326E-10
1,04882E+1	1,72652E-10
1,04968E+1	1,63713E-10
1,05055E+1	1,85733E-10
1,05142E+1	1,95206E-10
1,05228E+1	1,90269E-10
1,05315E+1	1,96328E-10
1,05401E+1	2,70620E-10
1,05488E+1	2,46890E-10
1,05575E+1	2,38820E-10
1,05661E+1	2,68460E-10
1,05748E+1	2,41030E-10
1,05834E+1	2,24620E-10
1,05921E+1	2,71500E-10
1,06008E+1	2,06720E-10
1,06094E+1	2,13870E-10
1,06181E+1	2,07800E-10
1,06267E+1	2,59380E-10
1,06354E+1	2,10990E-10
1,06441E+1	2,58400E-10
1,06527E+1	3,45480E-10
1,06614E+1	2,38540E-10
1,06701E+1	3,98020E-10
1,06787E+1	3,16880E-10
1,06874E+1	2,43340E-10
1,06960E+1	2,96070E-10
1,07047E+1	2,30590E-10
1,07134E+1	2,98040E-10
1,07220E+1	2,56610E-10
1,07307E+1	2,67630E-10
1,07393E+1	2,66950E-10
1,07480E+1	2,38540E-10
1,07567E+1	3,26460E-10
1,07653E+1	2,45950E-10
1,07740E+1	2,68630E-10
1,07826E+1	2,84710E-10
1,07913E+1	3,04800E-10
1,08000E+1	3,12710E-10
1,08086E+1	2,81160E-10
1,08173E+1	3,23830E-10
1,08259E+1	3,87030E-10
1,08346E+1	2,55360E-10
1,08433E+1	3,01490E-10
1,08519E+1	3,10040E-10
1,08606E+1	2,19450E-10
1,08693E+1	3,68400E-10
1,08779E+1	2,78800E-10
1,08866E+1	3,36330E-10
1,08952E+1	2,69440E-10
1,09039E+1	3,32500E-10
1,09126E+1	3,06930E-10
1,09212E+1	3,50200E-10
1,09299E+1	3,08430E-10
1,09385E+1	2,80490E-10
1,09472E+1	4,12000E-10
1,09559E+1	2,85050E-10
1,09645E+1	2,21320E-10
1,09732E+1	4,01460E-10
1,09818E+1	3,58560E-10
1,09905E+1	2,89600E-10
1,09992E+1	3,13730E-10
1,10078E+1	3,55250E-10
1,10165E+1	3,21490E-10
1,10251E+1	2,88580E-10
1,10338E+1	3,45210E-10
1,10425E+1	2,79380E-10
1,10511E+1	3,21020E-10
1,10598E+1	3,41930E-10
1,10684E+1	2,97120E-10
1,10771E+1	3,12990E-10
1,10858E+1	2,93760E-10
1,10944E+1	3,39150E-10
1,11031E+1	3,80870E-10
1,11118E+1	2,69660E-10
1,11204E+1	4,70210E-10
1,11291E+1	3,32230E-10
1,11377E+1	4,13700E-10
1,11464E+1	3,08220E-10
1,11551E+1	3,73990E-10
1,11637E+1	3,30350E-10
1,11724E+1	3,39010E-10
1,11810E+1	3,55190E-10
1,11897E+1	3,03420E-10
1,11984E+1	3,20340E-10
1,12070E+1	4,20750E-10
1,12157E+1	3,83440E-10
1,12243E+1	4,29830E-10
1,12330E+1	3,53780E-10
1,12417E+1	3,77320E-10
1,12503E+1	4,49260E-10
1,12590E+1	3,08350E-10
1,12676E+1	3,97840E-10
1,12763E+1	3,99110E-10
1,12850E+1	3,50030E-10
1,12936E+1	3,29830E-10
1,13023E+1	3,45220E-10
1,13110E+1	3,65190E-10
1,13196E+1	3,90960E-10
1,13283E+1	3,38590E-10
1,13369E+1	4,00890E-10
1,13456E+1	4,56900E-10
1,13543E+1	3,20450E-10
1,13629E+1	3,90350E-10
1,13716E+1	3,48860E-10
1,13802E+1	4,08950E-10
1,13889E+1	3,66520E-10
1,13976E+1	4,20890E-10
1,14062E+1	3,97510E-10
1,14149E+1	3,61070E-10
1,14235E+1	5,12810E-10
1,14322E+1	4,68030E-10
1,14409E+1	4,38390E-10
1,14495E+1	4,53610E-10
1,14582E+1	4,90360E-10
1,14668E+1	4,21360E-10
1,14755E+1	4,17120E-10
1,14842E+1	3,32240E-10
1,14928E+1	4,36870E-10
1,15015E+1	3,71880E-10
1,15101E+1	3,25800E-10
1,15188E+1	4,39610E-10
1,15275E+1	4,04490E-10
1,15361E+1	4,80900E-10
1,15448E+1	4,08250E-10
1,15535E+1	4,37180E-10
1,15621E+1	3,91200E-10
1,15708E+1	4,81940E-10
1,15794E+1	5,85020E-10
1,15881E+1	4,24220E-10
1,15968E+1	4,47460E-10
1,16054E+1	3,31960E-10
1,16141E+1	4,26360E-10
1,16227E+1	4,57440E-10
1,16314E+1	4,50950E-10
1,16401E+1	4,72340E-10
1,16487E+1	4,10320E-10
1,16574E+1	4,47680E-10
1,16660E+1	4,09770E-10
1,16747E+1	3,99320E-10
1,16834E+1	5,84060E-10
1,16920E+1	4,79780E-10
1,17007E+1	3,78080E-10
1,17093E+1	4,85900E-10
1,17180E+1	5,06550E-10
1,17267E+1	5,16790E-10
1,17353E+1	3,99830E-10
1,17440E+1	6,74260E-10
1,17527E+1	4,81500E-10
1,17613E+1	5,23580E-10
1,17700E+1	5,99270E-10
1,17786E+1	5,00860E-10
1,17873E+1	4,91720E-10
1,17960E+1	5,68140E-10
1,18046E+1	4,72060E-10
1,18133E+1	6,12620E-10
1,18219E+1	5,45460E-10
1,18306E+1	6,05690E-10
1,18393E+1	5,32370E-10
1,18479E+1	5,32690E-10
1,18566E+1	4,98010E-10
1,18652E+1	5,32670E-10
1,18739E+1	4,62600E-10
1,18826E+1	6,24730E-10
1,18912E+1	5,09550E-10
1,18999E+1	5,40110E-10
1,19085E+1	6,78800E-10
1,19172E+1	6,14580E-10
1,19259E+1	5,28020E-10
1,19345E+1	6,32560E-10
1,19432E+1	6,36770E-10
1,19519E+1	6,27050E-10
1,19605E+1	6,06120E-10
1,19692E+1	5,56810E-10
1,19778E+1	6,11750E-10
1,19865E+1	6,03220E-10
1,19952E+1	5,79910E-10
1,20038E+1	5,67030E-10
1,20125E+1	5,72080E-10
1,20211E+1	6,13120E-10
1,20298E+1	5,59120E-10
1,20385E+1	5,48210E-10
1,20471E+1	5,40000E-10
1,20558E+1	7,13280E-10
1,20644E+1	6,82240E-10
1,20731E+1	7,16790E-10
1,20818E+1	7,03330E-10
1,20904E+1	6,03670E-10
1,20991E+1	8,15350E-10
1,21077E+1	8,36180E-10
1,21164E+1	6,95970E-10
1,21251E+1	6,70280E-10
1,21337E+1	6,51640E-10
1,21424E+1	7,17060E-10
1,21510E+1	7,23700E-10
1,21597E+1	7,75620E-10
1,21684E+1	7,84420E-10
1,21770E+1	7,24480E-10
1,21857E+1	8,22590E-10
1,21944E+1	9,07990E-10
1,22030E+1	8,20150E-10
1,22117E+1	8,97100E-10
1,22203E+1	6,38700E-10
1,22290E+1	8,41210E-10
1,22377E+1	9,67480E-10
1,22463E+1	8,36050E-10
1,22550E+1	9,15320E-10
1,22636E+1	1,03773E-9
1,22723E+1	9,71190E-10
1,22810E+1	1,08874E-9
1,22896E+1	7,05050E-10
1,22983E+1	9,27860E-10
1,23069E+1	1,03306E-9
1,23156E+1	9,09100E-10
1,23243E+1	1,06303E-9
1,23329E+1	8,59580E-10
1,23416E+1	9,41830E-10
1,23502E+1	9,82520E-10
1,23589E+1	1,07344E-9
1,23676E+1	1,07697E-9
1,23762E+1	8,86560E-10
1,23849E+1	9,65630E-10
1,23936E+1	9,18590E-10
1,24022E+1	1,13759E-9
1,24109E+1	8,60520E-10
1,24195E+1	9,34700E-10
1,24282E+1	9,25980E-10
1,24369E+1	9,93890E-10
1,24455E+1	9,64910E-10
1,24542E+1	9,40840E-10
1,24628E+1	1,06461E-9
1,24715E+1	1,05404E-9
1,24802E+1	8,63100E-10
1,24888E+1	9,71930E-10
1,24975E+1	8,83250E-10
1,25061E+1	1,07752E-9
1,25148E+1	9,73620E-10
1,25235E+1	1,08198E-9
1,25321E+1	1,11480E-9
1,25408E+1	1,03532E-9
1,25494E+1	1,08753E-9
1,25581E+1	1,13596E-9
1,25668E+1	1,18915E-9
1,25754E+1	1,00657E-9
1,25841E+1	1,28202E-9
1,25927E+1	1,00163E-9
1,26014E+1	9,72980E-10
1,26101E+1	1,11069E-9
1,26187E+1	1,10149E-9
1,26274E+1	1,24443E-9
1,26361E+1	1,16403E-9
1,26447E+1	1,23774E-9
1,26534E+1	1,10455E-9
1,26620E+1	1,26142E-9
1,26707E+1	1,19055E-9
1,26794E+1	1,12149E-9
1,26880E+1	1,08564E-9
1,26967E+1	1,18266E-9
1,27053E+1	1,35857E-9
1,27140E+1	1,28841E-9
1,27227E+1	1,31282E-9
1,27313E+1	1,15455E-9
1,27400E+1	1,16665E-9
1,27486E+1	1,22609E-9
1,27573E+1	1,20556E-9
1,27660E+1	1,19486E-9
1,27746E+1	1,12345E-9
1,27833E+1	1,09195E-9
1,27919E+1	1,19635E-9
1,28006E+1	1,08918E-9
1,28093E+1	1,13489E-9
1,28179E+1	1,27138E-9
1,28266E+1	1,29149E-9
1,28353E+1	1,36008E-9
1,28439E+1	1,25172E-9
1,28526E+1	1,07607E-9
1,28612E+1	1,25302E-9
1,28699E+1	1,34281E-9
1,28786E+1	1,28396E-9
1,28872E+1	1,31756E-9
1,28959E+1	1,36560E-9
1,29045E+1	1,47035E-9
1,29132E+1	1,34457E-9
1,29219E+1	1,37880E-9
1,29305E+1	1,64266E-9
1,29392E+1	1,51125E-9
1,29478E+1	1,48142E-9
1,29565E+1	1,47701E-9
1,29652E+1	1,46927E-9
1,29738E+1	1,44748E-9
1,29825E+1	1,51786E-9
1,29911E+1	1,31397E-9
1,29998E+1	1,63503E-9
1,30085E+1	1,67727E-9
1,30171E+1	1,62962E-9
1,30258E+1	1,51713E-9
1,30344E+1	1,64350E-9
1,30431E+1	1,58045E-9
1,30518E+1	1,58613E-9
1,30604E+1	1,50280E-9
1,30691E+1	1,61717E-9
1,30778E+1	1,66960E-9
1,30864E+1	1,63475E-9
1,30951E+1	1,99010E-9
1,31037E+1	1,76520E-9
1,31124E+1	1,65580E-9
1,31211E+1	1,94140E-9
1,31297E+1	2,04270E-9
1,31384E+1	1,87939E-9
1,31470E+1	1,95262E-9
1,31557E+1	2,22280E-9
1,31644E+1	2,03890E-9
1,31730E+1	2,14140E-9
1,31817E+1	2,02260E-9
1,31903E+1	2,20110E-9
1,31990E+1	2,11720E-9
1,32077E+1	2,17700E-9
1,32163E+1	2,19090E-9
1,32250E+1	2,37110E-9
1,32336E+1	2,68000E-9
1,32423E+1	2,56750E-9
1,32510E+1	2,32970E-9
1,32596E+1	2,51390E-9
1,32683E+1	2,70750E-9
1,32770E+1	2,58090E-9
1,32856E+1	2,87350E-9
1,32943E+1	3,14970E-9
1,33029E+1	3,08440E-9
1,33116E+1	3,20910E-9
1,33203E+1	3,25400E-9
1,33289E+1	3,16870E-9
1,33376E+1	3,56170E-9
1,33462E+1	3,69020E-9
1,33549E+1	3,45010E-9
1,33636E+1	3,94630E-9
1,33722E+1	4,05900E-9
1,33809E+1	4,03710E-9
1,33895E+1	4,53660E-9
1,33982E+1	4,14990E-9
1,34069E+1	4,25060E-9
1,34155E+1	3,94170E-9
1,34242E+1	4,25510E-9
1,34328E+1	4,41700E-9
1,34415E+1	4,17210E-9
1,34502E+1	3,98680E-9
1,34588E+1	4,19290E-9
1,34675E+1	3,85010E-9
1,34761E+1	3,58480E-9
1,34848E+1	3,66350E-9
1,34935E+1	3,89290E-9
1,35021E+1	3,72170E-9
1,35108E+1	3,96500E-9
1,35195E+1	3,91120E-9
1,35281E+1	3,47820E-9
1,35368E+1	3,47390E-9
1,35454E+1	3,35430E-9
1,35541E+1	3,43910E-9
1,35628E+1	3,54400E-9
1,35714E+1	3,03940E-9
1,35801E+1	3,05220E-9
1,35887E+1	3,31360E-9
1,35974E+1	3,09380E-9
1,36061E+1	3,12690E-9
1,36147E+1	3,02280E-9
1,36234E+1	2,67730E-9
1,36320E+1	3,14160E-9
1,36407E+1	3,17410E-9
1,36494E+1	3,03520E-9
1,36580E+1	3,06440E-9
1,36667E+1	3,27600E-9
1,36753E+1	2,99500E-9
1,36840E+1	2,80550E-9
1,36927E+1	2,72090E-9
1,37013E+1	2,64780E-9
1,37100E+1	2,69890E-9
1,37187E+1	2,55020E-9
1,37273E+1	2,42760E-9
1,37360E+1	2,78060E-9
1,37446E+1	2,71690E-9
1,37533E+1	3,07710E-9
1,37620E+1	2,85390E-9
1,37706E+1	3,01290E-9
1,37793E+1	2,58160E-9
1,37879E+1	2,44870E-9
1,37966E+1	2,58620E-9
1,38053E+1	2,42990E-9
1,38139E+1	2,62650E-9
1,38226E+1	2,42440E-9
1,38312E+1	2,11920E-9
1,38399E+1	2,35330E-9
1,38486E+1	2,66850E-9
1,38572E+1	2,57410E-9
1,38659E+1	2,43650E-9
1,38745E+1	2,24010E-9
1,38832E+1	2,46270E-9
1,38919E+1	2,41830E-9
1,39005E+1	2,38990E-9
1,39092E+1	2,67630E-9
1,39179E+1	2,13110E-9
1,39265E+1	2,56420E-9
1,39352E+1	2,52120E-9
1,39438E+1	2,32160E-9
1,39525E+1	2,58550E-9
1,39612E+1	2,48960E-9
1,39698E+1	2,46760E-9
1,39785E+1	2,49470E-9
1,39871E+1	2,52740E-9
1,39958E+1	2,58600E-9
1,40045E+1	3,01500E-9
1,40131E+1	2,70000E-9
1,40218E+1	2,66140E-9
1,40304E+1	3,09190E-9
1,40391E+1	3,19720E-9
1,40478E+1	3,29680E-9
1,40564E+1	3,38480E-9
1,40651E+1	3,31580E-9
1,40737E+1	3,43560E-9
1,40824E+1	3,64600E-9
1,40911E+1	4,01680E-9
1,40997E+1	4,03790E-9
1,41084E+1	4,01060E-9
1,41170E+1	4,47940E-9
1,41257E+1	5,04200E-9
1,41344E+1	5,24570E-9
1,41430E+1	4,87580E-9
1,41517E+1	5,41610E-9
1,41604E+1	5,47590E-9
1,41690E+1	5,60460E-9
1,41777E+1	5,74760E-9
1,41863E+1	5,39660E-9
1,41950E+1	5,60890E-9
1,42037E+1	5,21050E-9
1,42123E+1	5,50410E-9
1,42210E+1	5,16860E-9
1,42296E+1	5,20550E-9
1,42383E+1	5,73140E-9
1,42470E+1	5,07970E-9
1,42556E+1	5,09690E-9
1,42643E+1	5,21860E-9
1,42729E+1	4,91610E-9
1,42816E+1	4,33920E-9
1,42903E+1	4,71280E-9
1,42989E+1	4,21330E-9
1,43076E+1	3,95260E-9
1,43162E+1	3,87790E-9
1,43249E+1	3,77800E-9
1,43336E+1	3,89400E-9
1,43422E+1	3,73660E-9
1,43509E+1	3,40660E-9
1,43596E+1	3,41130E-9
1,43682E+1	3,33970E-9
1,43769E+1	3,11620E-9
1,43855E+1	3,17600E-9
1,43942E+1	3,06560E-9
1,44029E+1	3,35500E-9
1,44115E+1	3,20080E-9
1,44202E+1	2,80940E-9
1,44288E+1	2,77670E-9
1,44375E+1	2,76480E-9
1,44462E+1	2,83900E-9
1,44548E+1	2,84760E-9
1,44635E+1	2,78350E-9
1,44721E+1	2,65370E-9
1,44808E+1	2,70760E-9
1,44895E+1	2,45300E-9
1,44981E+1	2,36480E-9
1,45068E+1	2,47240E-9
1,45154E+1	2,43290E-9
1,45241E+1	2,28320E-9
1,45328E+1	2,28290E-9
1,45414E+1	2,42980E-9
1,45501E+1	2,34620E-9
1,45587E+1	2,25900E-9
1,45674E+1	2,05130E-9
1,45761E+1	1,84348E-9
1,45847E+1	1,77579E-9
1,45934E+1	1,72120E-9
1,46021E+1	1,76541E-9
1,46107E+1	1,49194E-9
1,46194E+1	1,75959E-9
1,46280E+1	1,32145E-9
1,46367E+1	1,25397E-9
1,46454E+1	1,13316E-9
1,46540E+1	1,19111E-9
1,46627E+1	1,00251E-9
1,46713E+1	1,07093E-9
1,46800E+1	8,53360E-10
1,46887E+1	8,45280E-10
1,46973E+1	7,06310E-10
1,47060E+1	6,59860E-10
1,47146E+1	5,35040E-10
1,47233E+1	6,26330E-10
1,47320E+1	4,88180E-10
1,47406E+1	4,95720E-10
1,47493E+1	4,30220E-10
1,47579E+1	3,93610E-10
1,47666E+1	2,24730E-10
1,47753E+1	3,01800E-10
1,47839E+1	2,46240E-10
1,47926E+1	1,85007E-10
1,48013E+1	1,81127E-10
1,48099E+1	1,45090E-10
1,48186E+1	1,18417E-10
1,48272E+1	9,39460E-11
1,48359E+1	9,31520E-11
1,48446E+1	6,53060E-11
1,48532E+1	7,24590E-11
1,48619E+1	6,76430E-11
1,48705E+1	4,23520E-11
1,48792E+1	3,48950E-11
1,48879E+1	3,37890E-11
1,48965E+1	2,15170E-11
1,49052E+1	2,40460E-11
1,49138E+1	2,13080E-11
1,49225E+1	1,21337E-11
1,49312E+1	9,92650E-12
1,49398E+1	9,19660E-12
1,49485E+1	5,49860E-12
1,49571E+1	4,01190E-12
1,49658E+1	1,11393E-11
1,49745E+1	9,90850E-12
1,49831E+1	6,44940E-12
