E, keV	I, A
3,00163E+0	4,13300E-13
3,01263E+0	-7,42700E-13
3,02363E+0	1,14540E-12
3,03462E+0	8,79200E-13
3,04561E+0	1,76200E-13
3,05661E+0	4,44980E-12
3,06760E+0	1,48670E-12
3,07860E+0	6,31000E-13
3,08959E+0	-4,32100E-13
3,10059E+0	5,63800E-13
3,11158E+0	4,10600E-13
3,12258E+0	-9,57400E-13
3,13357E+0	2,16890E-12
3,14457E+0	1,54850E-12
3,15556E+0	1,29410E-12
3,16656E+0	-4,58500E-13
3,17755E+0	-7,20600E-13
3,18855E+0	-4,74500E-13
3,19955E+0	1,84930E-12
3,21054E+0	2,41180E-12
3,22153E+0	7,13600E-13
3,23253E+0	2,41400E-13
3,24352E+0	2,14200E-13
3,25452E+0	3,29810E-12
3,26552E+0	1,09320E-12
3,27651E+0	1,40020E-12
3,28750E+0	2,16960E-12
3,29850E+0	1,22640E-12
3,30949E+0	1,88700E-13
3,32049E+0	-5,28100E-13
3,33148E+0	1,35670E-12
3,34248E+0	1,47460E-12
3,35347E+0	5,58100E-13
3,36447E+0	3,00910E-12
3,37546E+0	1,81420E-12
3,38646E+0	3,21100E-13
3,39745E+0	1,09990E-12
3,40845E+0	1,83450E-12
3,41944E+0	-2,40100E-13
3,43044E+0	-7,36700E-13
3,44143E+0	1,89650E-12
3,45243E+0	7,21200E-13
3,46342E+0	3,10400E-12
3,47442E+0	2,44130E-12
3,48541E+0	4,92000E-14
3,49641E+0	2,23310E-12
3,50740E+0	2,79530E-12
3,51840E+0	5,88700E-13
3,52939E+0	4,18280E-12
3,54039E+0	9,94200E-13
3,55138E+0	1,46980E-12
3,56238E+0	2,79250E-12
3,57337E+0	3,61970E-12
3,58437E+0	2,51010E-12
3,59536E+0	8,48900E-13
3,60636E+0	2,07060E-12
3,61735E+0	4,70510E-12
3,62835E+0	1,81170E-12
3,63934E+0	1,11210E-12
3,65034E+0	1,35080E-12
3,66133E+0	1,08920E-12
3,67233E+0	1,56080E-12
3,68332E+0	3,88480E-12
3,69432E+0	3,08430E-12
3,70531E+0	3,22430E-12
3,71631E+0	2,90310E-12
3,72730E+0	1,10370E-12
3,73830E+0	2,67850E-12
3,74930E+0	3,96530E-12
3,76029E+0	5,16910E-12
3,77128E+0	1,83760E-12
3,78228E+0	1,37470E-12
3,79327E+0	3,58720E-12
3,80427E+0	1,56050E-12
3,81527E+0	6,87800E-13
3,82626E+0	1,18620E-12
3,83725E+0	2,19640E-12
3,84825E+0	5,26000E-12
3,85924E+0	2,63030E-12
3,87024E+0	1,47970E-12
3,88123E+0	3,95790E-12
3,89223E+0	8,84900E-13
3,90322E+0	2,84070E-12
3,91422E+0	2,88170E-12
3,92521E+0	6,80500E-13
3,93621E+0	9,29100E-13
3,94720E+0	1,50740E-12
3,95820E+0	4,22970E-12
3,96919E+0	2,23860E-12
3,98019E+0	3,93100E-13
3,99118E+0	1,56440E-12
4,00218E+0	1,52850E-12
4,01317E+0	1,27160E-12
4,02417E+0	1,98320E-12
4,03516E+0	2,15490E-12
4,04616E+0	1,00850E-12
4,05715E+0	1,32170E-12
4,06815E+0	2,18300E-13
4,07914E+0	2,35910E-12
4,09014E+0	8,71100E-13
4,10113E+0	1,78980E-12
4,11213E+0	1,02050E-12
4,12312E+0	5,14140E-12
4,13412E+0	3,77870E-12
4,14511E+0	1,37060E-12
4,15611E+0	1,93790E-12
4,16710E+0	2,83760E-12
4,17810E+0	2,26520E-12
4,18910E+0	3,40440E-12
4,20009E+0	9,91000E-14
4,21108E+0	8,34100E-13
4,22208E+0	3,79900E-12
4,23307E+0	9,13300E-13
4,24407E+0	2,60170E-12
4,25507E+0	1,14520E-12
4,26606E+0	7,05400E-13
4,27705E+0	1,21880E-12
4,28805E+0	1,33070E-12
4,29904E+0	4,19140E-12
4,31004E+0	2,03270E-12
4,32104E+0	9,56300E-13
4,33203E+0	1,09310E-12
4,34302E+0	3,82420E-12
4,35402E+0	6,12280E-12
4,36501E+0	5,04400E-13
4,37601E+0	1,16430E-12
4,38701E+0	2,79550E-12
4,39800E+0	2,22300E-13
4,40899E+0	1,91830E-12
4,41999E+0	3,42570E-12
4,43098E+0	2,31570E-12
4,44198E+0	1,36350E-12
4,45297E+0	1,52050E-12
4,46397E+0	6,86400E-13
4,47497E+0	1,70520E-12
4,48596E+0	2,24880E-12
4,49695E+0	2,03920E-12
4,50795E+0	2,50590E-12
4,51895E+0	1,80950E-12
4,52994E+0	1,97560E-12
4,54093E+0	4,10160E-12
4,55193E+0	3,81940E-12
4,56292E+0	2,87140E-12
4,57392E+0	4,80990E-12
4,58491E+0	3,43860E-12
4,59591E+0	2,19380E-12
4,60691E+0	3,97900E-13
4,61790E+0	5,14350E-12
4,62889E+0	3,02890E-12
4,63989E+0	4,26520E-12
4,65088E+0	2,39810E-12
4,66188E+0	3,87000E-12
4,67287E+0	1,47970E-12
4,68387E+0	7,12190E-12
4,69486E+0	3,12390E-12
4,70586E+0	6,30300E-12
4,71685E+0	6,52880E-12
4,72785E+0	1,00555E-11
4,73884E+0	3,12590E-12
4,74984E+0	3,46450E-12
4,76084E+0	3,09630E-12
4,77183E+0	3,33340E-12
4,78282E+0	5,56480E-12
4,79382E+0	4,80160E-12
4,80481E+0	9,31820E-12
4,81581E+0	4,46440E-12
4,82680E+0	3,44830E-12
4,83780E+0	2,71710E-12
4,84879E+0	4,17180E-12
4,85979E+0	3,18540E-12
4,87078E+0	1,16190E-12
4,88178E+0	3,78690E-12
4,89277E+0	2,65470E-12
4,90377E+0	3,09910E-12
4,91476E+0	8,83590E-12
4,92576E+0	3,93660E-12
4,93675E+0	4,98930E-12
4,94775E+0	3,86260E-12
4,95874E+0	4,87020E-12
4,96974E+0	7,55940E-12
4,98074E+0	3,57410E-12
4,99173E+0	5,76020E-12
5,00272E+0	7,15130E-12
5,01372E+0	6,73890E-12
5,02471E+0	5,12770E-12
5,03571E+0	4,27240E-12
5,04670E+0	6,78890E-12
5,05770E+0	5,45340E-12
5,06869E+0	4,24790E-12
5,07969E+0	4,37760E-12
5,09068E+0	6,03830E-12
5,10168E+0	5,83480E-12
5,11268E+0	4,43460E-12
5,12367E+0	2,93640E-12
5,13466E+0	6,50070E-12
5,14566E+0	3,27430E-12
5,15665E+0	3,17800E-12
5,16765E+0	7,03680E-12
5,17864E+0	7,08550E-12
5,18964E+0	7,54070E-12
5,20064E+0	2,31330E-12
5,21163E+0	6,17320E-12
5,22262E+0	4,65370E-12
5,23362E+0	1,01137E-11
5,24461E+0	7,04620E-12
5,25561E+0	4,61850E-12
5,26660E+0	4,47870E-12
5,27760E+0	1,04732E-11
5,28859E+0	4,36240E-12
5,29959E+0	6,17730E-12
5,31058E+0	9,39660E-12
5,32158E+0	7,02800E-12
5,33257E+0	5,91830E-12
5,34357E+0	2,40070E-12
5,35457E+0	2,63520E-12
5,36556E+0	2,58930E-12
5,37655E+0	3,24080E-12
5,38755E+0	1,79510E-12
5,39854E+0	7,74620E-12
5,40954E+0	8,66850E-12
5,42053E+0	7,64080E-12
5,43153E+0	9,23240E-12
5,44252E+0	3,54410E-12
5,45352E+0	4,22060E-12
5,46451E+0	4,47230E-12
5,47551E+0	1,02899E-11
5,48651E+0	5,84560E-12
5,49750E+0	3,65780E-12
5,50849E+0	7,27690E-12
5,51949E+0	9,94810E-12
5,53048E+0	3,22620E-12
5,54148E+0	6,93120E-12
5,55247E+0	5,03750E-12
5,56347E+0	5,16330E-12
5,57447E+0	3,93880E-12
5,58546E+0	8,14340E-12
5,59645E+0	7,01180E-12
5,60745E+0	4,35360E-12
5,61845E+0	4,99640E-12
5,62944E+0	6,18260E-12
5,64043E+0	6,68240E-12
5,65143E+0	5,89560E-12
5,66242E+0	9,42650E-12
5,67342E+0	5,43990E-12
5,68441E+0	9,46960E-12
5,69541E+0	6,40500E-12
5,70641E+0	2,85740E-12
5,71740E+0	6,83300E-12
5,72839E+0	6,05200E-12
5,73939E+0	6,69080E-12
5,75038E+0	1,01933E-11
5,76138E+0	9,16870E-12
5,77237E+0	6,45160E-12
5,78337E+0	1,04917E-11
5,79436E+0	5,53240E-12
5,80536E+0	8,63170E-12
5,81635E+0	5,87350E-12
5,82735E+0	8,39340E-12
5,83834E+0	1,00214E-11
5,84934E+0	8,50900E-12
5,86034E+0	9,02760E-12
5,87133E+0	7,93080E-12
5,88232E+0	1,33233E-11
5,89332E+0	8,46250E-12
5,90431E+0	1,11663E-11
5,91531E+0	9,34500E-12
5,92630E+0	9,33320E-12
5,93730E+0	1,08011E-11
5,94829E+0	7,72740E-12
5,95929E+0	1,27477E-11
5,97028E+0	1,02151E-11
5,98128E+0	8,50090E-12
5,99227E+0	4,82160E-12
6,00327E+0	9,29340E-12
6,01426E+0	4,44730E-12
6,02526E+0	1,06846E-11
6,03625E+0	1,19391E-11
6,04725E+0	8,12310E-12
6,05824E+0	4,52020E-12
6,06924E+0	1,04992E-11
6,08024E+0	5,95230E-12
6,09123E+0	7,83100E-12
6,10222E+0	7,52610E-12
6,11322E+0	4,78940E-12
6,12421E+0	1,04646E-11
6,13521E+0	1,22523E-11
6,14620E+0	6,97480E-12
6,15720E+0	9,70820E-12
6,16819E+0	1,01788E-11
6,17919E+0	7,52770E-12
6,19018E+0	6,27350E-12
6,20118E+0	5,69100E-12
6,21218E+0	2,53040E-12
6,22317E+0	7,29180E-12
6,23416E+0	7,79970E-12
6,24516E+0	1,05632E-11
6,25615E+0	8,48440E-12
6,26715E+0	1,03876E-11
6,27814E+0	8,96820E-12
6,28914E+0	4,64780E-12
6,30014E+0	5,26450E-12
6,31113E+0	1,00650E-11
6,32212E+0	8,31380E-12
6,33312E+0	5,64590E-12
6,34411E+0	1,05669E-11
6,35511E+0	1,00593E-11
6,36610E+0	9,97480E-12
6,37710E+0	9,88060E-12
6,38809E+0	9,17000E-12
6,39909E+0	1,19550E-11
6,41008E+0	7,45890E-12
6,42108E+0	1,16706E-11
6,43207E+0	8,04270E-12
6,44307E+0	1,09432E-11
6,45406E+0	1,00680E-11
6,46506E+0	9,70650E-12
6,47605E+0	1,02309E-11
6,48705E+0	9,68620E-12
6,49804E+0	9,15270E-12
6,50904E+0	1,15849E-11
6,52003E+0	7,20440E-12
6,53103E+0	7,43700E-12
6,54202E+0	4,70130E-12
6,55302E+0	7,86090E-12
6,56401E+0	9,83410E-12
6,57501E+0	9,89240E-12
6,58601E+0	1,35728E-11
6,59700E+0	5,91600E-12
6,60799E+0	9,79810E-12
6,61899E+0	9,79940E-12
6,62998E+0	1,12800E-11
6,64098E+0	1,05381E-11
6,65197E+0	8,18610E-12
6,66297E+0	1,33540E-11
6,67396E+0	1,04414E-11
6,68496E+0	1,88004E-11
6,69595E+0	1,33841E-11
6,70695E+0	1,81979E-11
6,71795E+0	1,38942E-11
6,72894E+0	1,39966E-11
6,73993E+0	1,02609E-11
6,75093E+0	9,90000E-12
6,76192E+0	1,60895E-11
6,77292E+0	1,85932E-11
6,78391E+0	9,88860E-12
6,79491E+0	1,12921E-11
6,80591E+0	1,24013E-11
6,81690E+0	1,30360E-11
6,82789E+0	8,58660E-12
6,83889E+0	1,43427E-11
6,84988E+0	1,40859E-11
6,86088E+0	1,10687E-11
6,87187E+0	1,56701E-11
6,88287E+0	1,81973E-11
6,89386E+0	1,24345E-11
6,90486E+0	1,14982E-11
6,91585E+0	1,45763E-11
6,92685E+0	1,45997E-11
6,93784E+0	2,04150E-11
6,94884E+0	8,60810E-12
6,95983E+0	1,25211E-11
6,97083E+0	1,92732E-11
6,98182E+0	2,02737E-11
6,99282E+0	1,37140E-11
7,00381E+0	1,29280E-11
7,01481E+0	1,90947E-11
7,02580E+0	1,90326E-11
7,03680E+0	2,21250E-11
7,04779E+0	1,66793E-11
7,05879E+0	2,09700E-11
7,06978E+0	2,17310E-11
7,08078E+0	2,12700E-11
7,09177E+0	1,60634E-11
7,10277E+0	1,58445E-11
7,11376E+0	1,88354E-11
7,12476E+0	2,43710E-11
7,13575E+0	1,88436E-11
7,14675E+0	1,85010E-11
7,15774E+0	2,20990E-11
7,16874E+0	2,40270E-11
7,17973E+0	1,60990E-11
7,19073E+0	2,66180E-11
7,20172E+0	2,69780E-11
7,21272E+0	2,10070E-11
7,22371E+0	2,12380E-11
7,23471E+0	2,92010E-11
7,24570E+0	2,42640E-11
7,25670E+0	2,24080E-11
7,26769E+0	2,26640E-11
7,27869E+0	2,42100E-11
7,28968E+0	2,58990E-11
7,30068E+0	2,87020E-11
7,31168E+0	2,04690E-11
7,32267E+0	3,35820E-11
7,33366E+0	2,00410E-11
7,34466E+0	2,48850E-11
7,35565E+0	2,13550E-11
7,36665E+0	3,09390E-11
7,37764E+0	2,43850E-11
7,38864E+0	2,47650E-11
7,39963E+0	2,37000E-11
7,41063E+0	2,63250E-11
7,42162E+0	2,62460E-11
7,43262E+0	2,70520E-11
7,44361E+0	2,51310E-11
7,45461E+0	2,39010E-11
7,46560E+0	2,45660E-11
7,47660E+0	2,59180E-11
7,48759E+0	1,90410E-11
7,49859E+0	2,00490E-11
7,50958E+0	2,73570E-11
7,52058E+0	2,31810E-11
7,53157E+0	3,23870E-11
7,54257E+0	2,87260E-11
7,55356E+0	2,13130E-11
7,56456E+0	2,87850E-11
7,57555E+0	2,63330E-11
7,58655E+0	2,04820E-11
7,59754E+0	2,09690E-11
7,60854E+0	2,12570E-11
7,61953E+0	1,80066E-11
7,63053E+0	1,94518E-11
7,64152E+0	1,68860E-11
7,65252E+0	1,31703E-11
7,66351E+0	2,00150E-11
7,67451E+0	2,09990E-11
7,68551E+0	2,61770E-11
7,69650E+0	2,28220E-11
7,70749E+0	2,38460E-11
7,71849E+0	2,13620E-11
7,72948E+0	1,56840E-11
7,74048E+0	2,08126E-11
7,75147E+0	1,84057E-11
7,76247E+0	2,37120E-11
7,77346E+0	2,20460E-11
7,78446E+0	2,04300E-11
7,79545E+0	2,26920E-11
7,80645E+0	2,06755E-11
7,81745E+0	2,09543E-11
7,82844E+0	2,00950E-11
7,83943E+0	2,13550E-11
7,85043E+0	3,10360E-11
7,86142E+0	2,82800E-11
7,87242E+0	1,18680E-11
7,88341E+0	2,07140E-11
7,89441E+0	1,92305E-11
7,90541E+0	1,82840E-11
7,91640E+0	2,00858E-11
7,92739E+0	1,63890E-11
7,93839E+0	1,79430E-11
7,94938E+0	2,05690E-11
7,96038E+0	2,12500E-11
7,97137E+0	1,83830E-11
7,98237E+0	1,50857E-11
7,99336E+0	2,33360E-11
8,00436E+0	2,21550E-11
8,01535E+0	2,94060E-11
8,02635E+0	1,93495E-11
8,03734E+0	2,34740E-11
8,04834E+0	1,41561E-11
8,05933E+0	1,86870E-11
8,07033E+0	2,16530E-11
8,08132E+0	1,82928E-11
8,09232E+0	1,50560E-11
8,10332E+0	2,05285E-11
8,11431E+0	2,25460E-11
8,12530E+0	1,50631E-11
8,13630E+0	1,89638E-11
8,14729E+0	1,86506E-11
8,15829E+0	1,55490E-11
8,16928E+0	2,80480E-11
8,18028E+0	2,46390E-11
8,19127E+0	2,40900E-11
8,20227E+0	2,29690E-11
8,21326E+0	2,33120E-11
8,22426E+0	2,28540E-11
8,23526E+0	2,19740E-11
8,24625E+0	2,32000E-11
8,25724E+0	1,81240E-11
8,26824E+0	1,91535E-11
8,27923E+0	1,46633E-11
8,29023E+0	2,16700E-11
8,30122E+0	2,29850E-11
8,31222E+0	2,04204E-11
8,32321E+0	2,53990E-11
8,33421E+0	2,09960E-11
8,34520E+0	2,12850E-11
8,35620E+0	2,41190E-11
8,36720E+0	2,18250E-11
8,37819E+0	2,56320E-11
8,38918E+0	2,13720E-11
8,40018E+0	2,08500E-11
8,41118E+0	2,01900E-11
8,42217E+0	1,70747E-11
8,43316E+0	1,84490E-11
8,44416E+0	2,25620E-11
8,45515E+0	2,08120E-11
8,46615E+0	2,20520E-11
8,47715E+0	2,44020E-11
8,48814E+0	2,28430E-11
8,49913E+0	2,66280E-11
8,51013E+0	2,85570E-11
8,52112E+0	2,47280E-11
8,53212E+0	3,10090E-11
8,54311E+0	1,36190E-11
8,55411E+0	1,85240E-11
8,56510E+0	2,05450E-11
8,57610E+0	1,65572E-11
8,58709E+0	2,37850E-11
8,59809E+0	2,21570E-11
8,60909E+0	2,61330E-11
8,62008E+0	1,62108E-11
8,63107E+0	2,07694E-11
8,64207E+0	1,79330E-11
8,65306E+0	2,25620E-11
8,66406E+0	2,24100E-11
8,67505E+0	2,42990E-11
8,68605E+0	2,02790E-11
8,69704E+0	2,37540E-11
8,70804E+0	2,03530E-11
8,71903E+0	2,66330E-11
8,73003E+0	2,21420E-11
8,74102E+0	2,79420E-11
8,75202E+0	2,28190E-11
8,76301E+0	2,88140E-11
8,77401E+0	2,21190E-11
8,78500E+0	2,59630E-11
8,79600E+0	2,57300E-11
8,80699E+0	2,97050E-11
8,81799E+0	2,59560E-11
8,82898E+0	2,56970E-11
8,83998E+0	3,30390E-11
8,85098E+0	2,68120E-11
8,86197E+0	2,39990E-11
8,87296E+0	2,78650E-11
8,88396E+0	2,38480E-11
8,89495E+0	2,70970E-11
8,90595E+0	2,69330E-11
8,91694E+0	2,42800E-11
8,92794E+0	2,51360E-11
8,93894E+0	2,74220E-11
8,94993E+0	2,21010E-11
8,96092E+0	2,64010E-11
8,97192E+0	3,04960E-11
8,98291E+0	2,52930E-11
8,99391E+0	2,47330E-11
9,00490E+0	3,19680E-11
9,01590E+0	2,87050E-11
9,02689E+0	2,08260E-11
9,03789E+0	2,25560E-11
9,04889E+0	2,19550E-11
9,05988E+0	2,54850E-11
9,07087E+0	2,03790E-11
9,08187E+0	2,59360E-11
9,09286E+0	2,40060E-11
9,10386E+0	2,23760E-11
9,11485E+0	2,46940E-11
9,12585E+0	2,81130E-11
9,13684E+0	2,62290E-11
9,14784E+0	2,15890E-11
9,15883E+0	2,21980E-11
9,16983E+0	2,41010E-11
9,18082E+0	2,19740E-11
9,19182E+0	2,51300E-11
9,20281E+0	3,06820E-11
9,21381E+0	2,63920E-11
9,22480E+0	2,52970E-11
9,23580E+0	2,16080E-11
9,24679E+0	2,76140E-11
9,25779E+0	2,54060E-11
9,26878E+0	3,08030E-11
9,27978E+0	3,49320E-11
9,29077E+0	2,40330E-11
9,30177E+0	2,18730E-11
9,31277E+0	3,15740E-11
9,32376E+0	2,92260E-11
9,33475E+0	3,47100E-11
9,34575E+0	3,01540E-11
9,35674E+0	3,75030E-11
9,36774E+0	3,68680E-11
9,37873E+0	2,98370E-11
9,38973E+0	2,78110E-11
9,40072E+0	2,79590E-11
9,41172E+0	3,31470E-11
9,42272E+0	3,32610E-11
9,43371E+0	3,46780E-11
9,44470E+0	3,19000E-11
9,45570E+0	2,50720E-11
9,46669E+0	3,36980E-11
9,47769E+0	4,40010E-11
9,48869E+0	3,41900E-11
9,49968E+0	3,16810E-11
9,51067E+0	5,21070E-11
9,52167E+0	4,19460E-11
9,53266E+0	3,70230E-11
9,54366E+0	4,77480E-11
9,55465E+0	5,39800E-11
9,56565E+0	5,15480E-11
9,57665E+0	4,29980E-11
9,58764E+0	4,00680E-11
9,59863E+0	4,29670E-11
9,60963E+0	4,46550E-11
9,62062E+0	5,25190E-11
9,62210E+0	6,72930E-11
9,63076E+0	5,24290E-11
9,63942E+0	6,06550E-11
9,64808E+0	6,29990E-11
9,65674E+0	6,44950E-11
9,66540E+0	6,29710E-11
9,67406E+0	5,34540E-11
9,68272E+0	6,46060E-11
9,69138E+0	6,32620E-11
9,70004E+0	5,81750E-11
9,70870E+0	4,67690E-11
9,71737E+0	6,37260E-11
9,72603E+0	5,02630E-11
9,73469E+0	5,06150E-11
9,74335E+0	6,38940E-11
9,75201E+0	5,23600E-11
9,76067E+0	6,03360E-11
9,76933E+0	5,81500E-11
9,77799E+0	6,15880E-11
9,78665E+0	5,55290E-11
9,79531E+0	4,02260E-11
9,80397E+0	5,28090E-11
9,81263E+0	5,29960E-11
9,82130E+0	5,14440E-11
9,82996E+0	4,45490E-11
9,83862E+0	4,21170E-11
9,84728E+0	4,84620E-11
9,85594E+0	5,07500E-11
9,86460E+0	3,80110E-11
9,87326E+0	4,96360E-11
9,88192E+0	4,93770E-11
9,89058E+0	5,16530E-11
9,89924E+0	3,41550E-11
9,90790E+0	4,11140E-11
9,91656E+0	4,83260E-11
9,92522E+0	3,53600E-11
9,93389E+0	4,03920E-11
9,94255E+0	4,25030E-11
9,95121E+0	4,50520E-11
9,95987E+0	3,71770E-11
9,96853E+0	3,91910E-11
9,97719E+0	4,96420E-11
9,98585E+0	4,09360E-11
9,99451E+0	4,37150E-11
1,00032E+1	3,25430E-11
1,00118E+1	4,38170E-11
1,00205E+1	3,77280E-11
1,00292E+1	3,69210E-11
1,00378E+1	4,33830E-11
1,00465E+1	3,56750E-11
1,00551E+1	3,88200E-11
1,00638E+1	4,01800E-11
1,00725E+1	4,03670E-11
1,00811E+1	4,63010E-11
1,00898E+1	4,88170E-11
1,00984E+1	4,24800E-11
1,01071E+1	4,24560E-11
1,01158E+1	4,18980E-11
1,01244E+1	5,00100E-11
1,01331E+1	4,40780E-11
1,01417E+1	3,66280E-11
1,01504E+1	4,85350E-11
1,01591E+1	4,30630E-11
1,01677E+1	5,52210E-11
1,01764E+1	4,90270E-11
1,01850E+1	4,44050E-11
1,01937E+1	3,93390E-11
1,02024E+1	3,82140E-11
1,02110E+1	2,79330E-11
1,02197E+1	4,31270E-11
1,02284E+1	3,24330E-11
1,02370E+1	4,57650E-11
1,02457E+1	3,73000E-11
1,02543E+1	4,40700E-11
1,02630E+1	3,45880E-11
1,02717E+1	4,03040E-11
1,02803E+1	3,84390E-11
1,02890E+1	4,30130E-11
1,02976E+1	3,05450E-11
1,03063E+1	3,40550E-11
1,03150E+1	3,83220E-11
1,03236E+1	4,06150E-11
1,03323E+1	3,77160E-11
1,03409E+1	3,59550E-11
1,03496E+1	4,91740E-11
1,03583E+1	5,17380E-11
1,03669E+1	3,78910E-11
1,03756E+1	2,97140E-11
1,03842E+1	4,63940E-11
1,03929E+1	4,30820E-11
1,04016E+1	3,58220E-11
1,04102E+1	3,58250E-11
1,04189E+1	3,76590E-11
1,04276E+1	4,46570E-11
1,04362E+1	4,56920E-11
1,04449E+1	3,73240E-11
1,04535E+1	4,95910E-11
1,04622E+1	3,93900E-11
1,04709E+1	4,61070E-11
1,04795E+1	4,41250E-11
1,04882E+1	4,62460E-11
1,04968E+1	5,41940E-11
1,05055E+1	4,98620E-11
1,05142E+1	5,31590E-11
1,05228E+1	4,53010E-11
1,05315E+1	5,66960E-11
1,05401E+1	5,33150E-11
1,05488E+1	4,74520E-11
1,05575E+1	5,07240E-11
1,05661E+1	4,90200E-11
1,05748E+1	4,28050E-11
1,05834E+1	4,65370E-11
1,05921E+1	4,03080E-11
1,06008E+1	4,91750E-11
1,06094E+1	4,56610E-11
1,06181E+1	4,75600E-11
1,06267E+1	4,77130E-11
1,06354E+1	5,29240E-11
1,06441E+1	5,66440E-11
1,06527E+1	5,02700E-11
1,06614E+1	4,61320E-11
1,06701E+1	4,81630E-11
1,06787E+1	4,54070E-11
1,06874E+1	3,82500E-11
1,06960E+1	4,03310E-11
1,07047E+1	3,92990E-11
1,07134E+1	5,76980E-11
1,07220E+1	4,75330E-11
1,07307E+1	5,57320E-11
1,07393E+1	4,28700E-11
1,07480E+1	4,98870E-11
1,07567E+1	4,38620E-11
1,07653E+1	4,78580E-11
1,07740E+1	4,50100E-11
1,07826E+1	4,59100E-11
1,07913E+1	5,07940E-11
1,08000E+1	4,80690E-11
1,08086E+1	5,39240E-11
1,08173E+1	4,90380E-11
1,08259E+1	4,97250E-11
1,08346E+1	4,35260E-11
1,08433E+1	4,22410E-11
1,08519E+1	3,29960E-11
1,08606E+1	4,92880E-11
1,08693E+1	3,79400E-11
1,08779E+1	5,43170E-11
1,08866E+1	4,38050E-11
1,08952E+1	4,26970E-11
1,09039E+1	4,12080E-11
1,09126E+1	3,96160E-11
1,09212E+1	4,35000E-11
1,09299E+1	5,22940E-11
1,09385E+1	4,56870E-11
1,09472E+1	4,02590E-11
1,09559E+1	4,85830E-11
1,09645E+1	5,86590E-11
1,09732E+1	5,19820E-11
1,09818E+1	4,64760E-11
1,09905E+1	4,28310E-11
1,09992E+1	4,45940E-11
1,10078E+1	4,71980E-11
1,10165E+1	5,17040E-11
1,10251E+1	6,38670E-11
1,10338E+1	5,08170E-11
1,10425E+1	4,74570E-11
1,10511E+1	4,06960E-11
1,10598E+1	5,41220E-11
1,10684E+1	4,68910E-11
1,10771E+1	5,38190E-11
1,10858E+1	4,11070E-11
1,10944E+1	4,41660E-11
1,11031E+1	5,61110E-11
1,11118E+1	4,54630E-11
1,11204E+1	5,14100E-11
1,11291E+1	4,67360E-11
1,11377E+1	5,27390E-11
1,11464E+1	5,03460E-11
1,11551E+1	4,08180E-11
1,11637E+1	4,59490E-11
1,11724E+1	5,35210E-11
1,11810E+1	5,08150E-11
1,11897E+1	4,58710E-11
1,11984E+1	4,77750E-11
1,12070E+1	4,50480E-11
1,12157E+1	4,67970E-11
1,12243E+1	4,22850E-11
1,12330E+1	4,58730E-11
1,12417E+1	6,11430E-11
1,12503E+1	5,20080E-11
1,12590E+1	5,64280E-11
1,12676E+1	5,42280E-11
1,12763E+1	5,63040E-11
1,12850E+1	5,97150E-11
1,12936E+1	5,29110E-11
1,13023E+1	5,12960E-11
1,13110E+1	5,36440E-11
1,13196E+1	6,14340E-11
1,13283E+1	6,04870E-11
1,13369E+1	4,35260E-11
1,13456E+1	4,68200E-11
1,13543E+1	6,76990E-11
1,13629E+1	4,76560E-11
1,13716E+1	5,11190E-11
1,13802E+1	4,87110E-11
1,13889E+1	4,71880E-11
1,13976E+1	6,06830E-11
1,14062E+1	4,90310E-11
1,14149E+1	6,49700E-11
1,14235E+1	6,69980E-11
1,14322E+1	5,87460E-11
1,14409E+1	5,30530E-11
1,14495E+1	6,72560E-11
1,14582E+1	6,80900E-11
1,14668E+1	6,10630E-11
1,14755E+1	7,07240E-11
1,14842E+1	5,02150E-11
1,14928E+1	4,03570E-11
1,15015E+1	4,75550E-11
1,15101E+1	5,70800E-11
1,15188E+1	6,56780E-11
1,15275E+1	6,27110E-11
1,15361E+1	5,76960E-11
1,15448E+1	5,98300E-11
1,15535E+1	5,89420E-11
1,15621E+1	5,66870E-11
1,15708E+1	6,22090E-11
1,15794E+1	5,84770E-11
1,15881E+1	5,97040E-11
1,15968E+1	6,02310E-11
1,16054E+1	5,71590E-11
1,16141E+1	5,82610E-11
1,16227E+1	5,92150E-11
1,16314E+1	6,60870E-11
1,16401E+1	5,92690E-11
1,16487E+1	5,96200E-11
1,16574E+1	5,38020E-11
1,16660E+1	6,27590E-11
1,16747E+1	7,36080E-11
1,16834E+1	7,18220E-11
1,16920E+1	6,60620E-11
1,17007E+1	5,49890E-11
1,17093E+1	6,80770E-11
1,17180E+1	5,80580E-11
1,17267E+1	8,52550E-11
1,17353E+1	6,78150E-11
1,17440E+1	6,05460E-11
1,17527E+1	6,76870E-11
1,17613E+1	6,66740E-11
1,17700E+1	5,46360E-11
1,17786E+1	6,70410E-11
1,17873E+1	7,30510E-11
1,17960E+1	7,12090E-11
1,18046E+1	6,68630E-11
1,18133E+1	6,07010E-11
1,18219E+1	6,23160E-11
1,18306E+1	6,81280E-11
1,18393E+1	7,15810E-11
1,18479E+1	6,73540E-11
1,18566E+1	7,04250E-11
1,18652E+1	7,75630E-11
1,18739E+1	7,23650E-11
1,18826E+1	8,23550E-11
1,18912E+1	8,04950E-11
1,18999E+1	6,70920E-11
1,19085E+1	6,15820E-11
1,19172E+1	7,53820E-11
1,19259E+1	6,96900E-11
1,19345E+1	7,29550E-11
1,19432E+1	7,25750E-11
1,19519E+1	5,89220E-11
1,19605E+1	7,40470E-11
1,19692E+1	8,53190E-11
1,19778E+1	8,50290E-11
1,19865E+1	8,77250E-11
1,19952E+1	8,63350E-11
1,20038E+1	6,88360E-11
1,20125E+1	7,73210E-11
1,20211E+1	7,46960E-11
1,20298E+1	7,54620E-11
1,20385E+1	8,80530E-11
1,20471E+1	7,32240E-11
1,20558E+1	9,10800E-11
1,20644E+1	7,54290E-11
1,20731E+1	6,65870E-11
1,20818E+1	8,53180E-11
1,20904E+1	7,71750E-11
1,20991E+1	7,67860E-11
1,21077E+1	7,42710E-11
1,21164E+1	7,83760E-11
1,21251E+1	8,24790E-11
1,21337E+1	8,35190E-11
1,21424E+1	8,85770E-11
1,21510E+1	8,65660E-11
1,21597E+1	7,80180E-11
1,21684E+1	7,60890E-11
1,21770E+1	8,50830E-11
1,21857E+1	8,02420E-11
1,21944E+1	7,69660E-11
1,22030E+1	9,23060E-11
1,22117E+1	9,09480E-11
1,22203E+1	8,87880E-11
1,22290E+1	7,45190E-11
1,22377E+1	9,36870E-11
1,22463E+1	9,38450E-11
1,22550E+1	8,08800E-11
1,22636E+1	8,61710E-11
1,22723E+1	8,21970E-11
1,22810E+1	8,70360E-11
1,22896E+1	8,49110E-11
1,22983E+1	9,12220E-11
1,23069E+1	8,23230E-11
1,23156E+1	8,42980E-11
1,23243E+1	9,51220E-11
1,23329E+1	9,64450E-11
1,23416E+1	8,80850E-11
1,23502E+1	8,63310E-11
1,23589E+1	9,33160E-11
1,23676E+1	9,34680E-11
1,23762E+1	8,04980E-11
1,23849E+1	9,42780E-11
1,23936E+1	8,68600E-11
1,24022E+1	1,07576E-10
1,24109E+1	9,65500E-11
1,24195E+1	1,01579E-10
1,24282E+1	8,60800E-11
1,24369E+1	1,01180E-10
1,24455E+1	9,05160E-11
1,24542E+1	1,03355E-10
1,24628E+1	1,01934E-10
1,24715E+1	1,08694E-10
1,24802E+1	8,13930E-11
1,24888E+1	1,04817E-10
1,24975E+1	1,12273E-10
1,25061E+1	1,07949E-10
1,25148E+1	1,15381E-10
1,25235E+1	9,72760E-11
1,25321E+1	1,05060E-10
1,25408E+1	1,08334E-10
1,25494E+1	1,19284E-10
1,25581E+1	1,23697E-10
1,25668E+1	1,11021E-10
1,25754E+1	1,13812E-10
1,25841E+1	1,21960E-10
1,25927E+1	1,07530E-10
1,26014E+1	1,17190E-10
1,26101E+1	1,18516E-10
1,26187E+1	1,18010E-10
1,26274E+1	1,31080E-10
1,26361E+1	1,14267E-10
1,26447E+1	1,23368E-10
1,26534E+1	1,11614E-10
1,26620E+1	1,27961E-10
1,26707E+1	1,16185E-10
1,26794E+1	1,20592E-10
1,26880E+1	1,17518E-10
1,26967E+1	1,25442E-10
1,27053E+1	1,26310E-10
1,27140E+1	1,18652E-10
1,27227E+1	1,28000E-10
1,27313E+1	1,30484E-10
1,27400E+1	1,21960E-10
1,27486E+1	1,19473E-10
1,27573E+1	1,29610E-10
1,27660E+1	1,30802E-10
1,27746E+1	1,38920E-10
1,27833E+1	1,37479E-10
1,27919E+1	1,20208E-10
1,28006E+1	1,31738E-10
1,28093E+1	1,34391E-10
1,28179E+1	1,29551E-10
1,28266E+1	1,27826E-10
1,28353E+1	1,33494E-10
1,28439E+1	1,41320E-10
1,28526E+1	1,27404E-10
1,28612E+1	1,37812E-10
1,28699E+1	1,44890E-10
1,28786E+1	1,44350E-10
1,28872E+1	1,39591E-10
1,28959E+1	1,41051E-10
1,29045E+1	1,41143E-10
1,29132E+1	1,33272E-10
1,29219E+1	1,49291E-10
1,29305E+1	1,50031E-10
1,29392E+1	1,45811E-10
1,29478E+1	1,32727E-10
1,29565E+1	1,58448E-10
1,29652E+1	1,44066E-10
1,29738E+1	1,56193E-10
1,29825E+1	1,59694E-10
1,29911E+1	1,51762E-10
1,29998E+1	1,64417E-10
1,30085E+1	1,40112E-10
1,30171E+1	1,50235E-10
1,30258E+1	1,61020E-10
1,30344E+1	1,70857E-10
1,30431E+1	1,66600E-10
1,30518E+1	1,58572E-10
1,30604E+1	1,65929E-10
1,30691E+1	1,58835E-10
1,30778E+1	1,40232E-10
1,30864E+1	1,59614E-10
1,30951E+1	1,80764E-10
1,31037E+1	1,75533E-10
1,31124E+1	1,58193E-10
1,31211E+1	1,74244E-10
1,31297E+1	1,92522E-10
1,31384E+1	1,61628E-10
1,31470E+1	1,79775E-10
1,31557E+1	1,72665E-10
1,31644E+1	1,69737E-10
1,31730E+1	1,95003E-10
1,31817E+1	1,80610E-10
1,31903E+1	1,97773E-10
1,31990E+1	1,70142E-10
1,32077E+1	1,93237E-10
1,32163E+1	1,87991E-10
1,32250E+1	1,94472E-10
1,32336E+1	1,92384E-10
1,32423E+1	2,06287E-10
1,32510E+1	1,92053E-10
1,32596E+1	1,75600E-10
1,32683E+1	1,96490E-10
1,32770E+1	1,82402E-10
1,32856E+1	1,87828E-10
1,32943E+1	1,93730E-10
1,33029E+1	2,83460E-10
1,33116E+1	2,56640E-10
1,33203E+1	2,41010E-10
1,33289E+1	2,10300E-10
1,33376E+1	2,13100E-10
1,33462E+1	1,95940E-10
1,33549E+1	1,96943E-10
1,33636E+1	1,62450E-10
1,33722E+1	2,66660E-10
1,33809E+1	2,10510E-10
1,33895E+1	2,98060E-10
1,33982E+1	2,96860E-10
1,34069E+1	2,42040E-10
1,34155E+1	2,62860E-10
1,34242E+1	2,04300E-10
1,34328E+1	2,70540E-10
1,34415E+1	2,94060E-10
1,34502E+1	2,31420E-10
1,34588E+1	2,82740E-10
1,34675E+1	2,87870E-10
1,34761E+1	2,57910E-10
1,34848E+1	3,17640E-10
1,34935E+1	2,58020E-10
1,35021E+1	2,14910E-10
1,35108E+1	2,86390E-10
1,35195E+1	2,25330E-10
1,35281E+1	3,36630E-10
1,35368E+1	2,94840E-10
1,35454E+1	3,23690E-10
1,35541E+1	2,43270E-10
1,35628E+1	2,44720E-10
1,35714E+1	2,51420E-10
1,35801E+1	2,75890E-10
1,35887E+1	2,70830E-10
1,35974E+1	2,22640E-10
1,36061E+1	3,72080E-10
1,36147E+1	2,72700E-10
1,36234E+1	2,15850E-10
1,36320E+1	3,01650E-10
1,36407E+1	2,79380E-10
1,36494E+1	3,63920E-10
1,36580E+1	2,91100E-10
1,36667E+1	2,54030E-10
1,36753E+1	2,61330E-10
1,36840E+1	3,14420E-10
1,36927E+1	2,99390E-10
1,37013E+1	2,42860E-10
1,37100E+1	2,73680E-10
1,37187E+1	3,60190E-10
1,37273E+1	2,97660E-10
1,37360E+1	2,68270E-10
1,37446E+1	3,47100E-10
1,37533E+1	2,87130E-10
1,37620E+1	3,73020E-10
1,37706E+1	2,84600E-10
1,37793E+1	3,28910E-10
1,37879E+1	2,69630E-10
1,37966E+1	3,36670E-10
1,38053E+1	2,66640E-10
1,38139E+1	3,64810E-10
1,38226E+1	2,35800E-10
1,38312E+1	2,32410E-10
1,38399E+1	3,10150E-10
1,38486E+1	3,13160E-10
1,38572E+1	3,32450E-10
1,38659E+1	3,02070E-10
1,38745E+1	4,11600E-10
1,38832E+1	3,75420E-10
1,38919E+1	3,19010E-10
1,39005E+1	3,38680E-10
1,39092E+1	3,38690E-10
1,39179E+1	4,13810E-10
1,39265E+1	4,11930E-10
1,39352E+1	3,86580E-10
1,39438E+1	4,72530E-10
1,39525E+1	3,96900E-10
1,39612E+1	4,46860E-10
1,39698E+1	4,94370E-10
1,39785E+1	4,62810E-10
1,39871E+1	4,49070E-10
1,39958E+1	4,61870E-10
1,40045E+1	5,21700E-10
1,40131E+1	5,01900E-10
1,40218E+1	5,50590E-10
1,40304E+1	4,94330E-10
1,40391E+1	3,85410E-10
1,40478E+1	5,03780E-10
1,40564E+1	4,62330E-10
1,40651E+1	4,94750E-10
1,40737E+1	6,10540E-10
1,40824E+1	4,24980E-10
1,40911E+1	5,07160E-10
1,40997E+1	5,93250E-10
1,41084E+1	5,30780E-10
1,41170E+1	4,89060E-10
1,41257E+1	6,44110E-10
1,41344E+1	5,94600E-10
1,41430E+1	5,20660E-10
1,41517E+1	5,66830E-10
1,41604E+1	5,66090E-10
1,41690E+1	4,92220E-10
1,41777E+1	4,82730E-10
1,41863E+1	6,06400E-10
1,41950E+1	5,50470E-10
1,42037E+1	4,77370E-10
1,42123E+1	4,75200E-10
1,42210E+1	4,84060E-10
1,42296E+1	4,62650E-10
1,42383E+1	4,25080E-10
1,42470E+1	4,06690E-10
1,42556E+1	4,30400E-10
1,42643E+1	4,61860E-10
1,42729E+1	3,32690E-10
1,42816E+1	3,09720E-10
1,42903E+1	3,74180E-10
1,42989E+1	2,50500E-10
1,43076E+1	2,88730E-10
1,43162E+1	3,24160E-10
1,43249E+1	3,52610E-10
1,43336E+1	3,91740E-10
1,43422E+1	3,81680E-10
1,43509E+1	3,80930E-10
1,43596E+1	3,64760E-10
1,43682E+1	3,56240E-10
1,43769E+1	3,36020E-10
1,43855E+1	4,55760E-10
1,43942E+1	4,69480E-10
1,44029E+1	4,75870E-10
1,44115E+1	5,85940E-10
1,44202E+1	5,06030E-10
1,44288E+1	6,24720E-10
1,44375E+1	6,19180E-10
1,44462E+1	6,32880E-10
1,44548E+1	7,82450E-10
1,44635E+1	7,93070E-10
1,44721E+1	7,47280E-10
1,44808E+1	8,32620E-10
1,44895E+1	8,57930E-10
1,44981E+1	8,58980E-10
1,45068E+1	8,40070E-10
1,45154E+1	8,74350E-10
1,45241E+1	8,62110E-10
1,45328E+1	8,15300E-10
1,45414E+1	8,66820E-10
1,45501E+1	9,48510E-10
1,45587E+1	9,27180E-10
1,45674E+1	8,93110E-10
1,45761E+1	8,23350E-10
1,45847E+1	7,84090E-10
1,45934E+1	8,06830E-10
1,46021E+1	6,72900E-10
1,46107E+1	6,59020E-10
1,46194E+1	6,16200E-10
1,46280E+1	5,39800E-10
1,46367E+1	4,73940E-10
1,46454E+1	5,00450E-10
1,46540E+1	4,15190E-10
1,46627E+1	3,77950E-10
1,46713E+1	2,74670E-10
1,46800E+1	2,35780E-10
1,46887E+1	1,72570E-10
1,46973E+1	1,87400E-10
1,47060E+1	1,62500E-10
1,47146E+1	1,40665E-10
1,47233E+1	1,28962E-10
1,47320E+1	9,36030E-11
1,47406E+1	7,75970E-11
1,47493E+1	6,54720E-11
1,47579E+1	4,59000E-11
1,47666E+1	3,52390E-11
1,47753E+1	2,80070E-11
1,47839E+1	2,19050E-11
1,47926E+1	1,69813E-11
1,48013E+1	1,02559E-11
1,48099E+1	9,87110E-12
1,48186E+1	6,63810E-12
1,48272E+1	4,60350E-12
1,48359E+1	3,71840E-12
1,48446E+1	5,57630E-12
1,48532E+1	3,81140E-12
1,48619E+1	4,03500E-13
1,48705E+1	1,60990E-12
1,48792E+1	1,00040E-12
1,48879E+1	-1,66200E-13
1,48965E+1	-4,41700E-13
1,49052E+1	-3,96000E-13
1,49138E+1	-9,07600E-13
1,49225E+1	4,49700E-13
1,49312E+1	2,24700E-13
1,49398E+1	-6,71300E-13
1,49485E+1	6,01600E-13
1,49571E+1	-9,63300E-13
1,49658E+1	-6,49000E-13
1,49745E+1	-9,35700E-13
1,49831E+1	-2,39500E-13
