E, keV	I, A
5,00272E+0	1,10697E-11
5,01372E+0	6,84730E-12
5,02471E+0	1,21405E-11
5,03571E+0	1,53607E-11
5,04670E+0	1,55100E-11
5,05770E+0	1,56561E-11
5,06869E+0	1,22373E-11
5,07969E+0	2,05322E-11
5,09068E+0	1,24386E-11
5,10168E+0	1,28993E-11
5,11268E+0	1,85174E-11
5,12367E+0	1,09872E-11
5,13466E+0	1,80449E-11
5,14566E+0	1,80760E-11
5,15665E+0	2,04575E-11
5,16765E+0	1,80632E-11
5,17864E+0	1,49729E-11
5,18964E+0	2,02582E-11
5,20064E+0	1,98280E-11
5,21163E+0	1,37825E-11
5,22262E+0	1,78123E-11
5,23362E+0	2,07713E-11
5,24461E+0	1,88060E-11
5,25561E+0	1,77664E-11
5,26660E+0	1,79935E-11
5,27760E+0	1,83058E-11
5,28859E+0	1,91991E-11
5,29959E+0	1,76564E-11
5,31058E+0	1,61281E-11
5,32158E+0	1,64050E-11
5,33257E+0	2,25410E-11
5,34357E+0	2,15900E-11
5,35457E+0	1,52836E-11
5,36556E+0	2,08880E-11
5,37655E+0	2,24550E-11
5,38755E+0	2,85830E-11
5,39854E+0	2,54960E-11
5,40954E+0	2,00950E-11
5,42053E+0	2,06116E-11
5,43153E+0	1,71005E-11
5,44252E+0	1,10650E-11
5,45352E+0	1,79188E-11
5,46451E+0	1,39966E-11
5,47551E+0	1,54000E-11
5,48651E+0	2,08910E-11
5,49750E+0	1,76925E-11
5,50849E+0	1,64180E-11
5,51949E+0	2,00390E-11
5,53048E+0	2,10030E-11
5,54148E+0	2,60470E-11
5,55247E+0	2,34360E-11
5,56347E+0	2,25160E-11
5,57447E+0	2,21810E-11
5,58546E+0	2,15010E-11
5,59645E+0	2,01810E-11
5,60745E+0	2,28340E-11
5,61845E+0	2,01660E-11
5,62944E+0	2,86990E-11
5,64043E+0	3,11250E-11
5,65143E+0	2,27250E-11
5,66242E+0	3,09560E-11
5,67342E+0	2,37150E-11
5,68441E+0	1,75512E-11
5,69541E+0	3,05890E-11
5,70641E+0	2,99740E-11
5,71740E+0	2,21650E-11
5,72839E+0	3,01740E-11
5,73939E+0	3,10000E-11
5,75038E+0	2,32870E-11
5,76138E+0	2,85660E-11
5,77237E+0	2,36610E-11
5,78337E+0	2,44920E-11
5,79436E+0	2,27330E-11
5,80536E+0	2,64340E-11
5,81635E+0	2,97810E-11
5,82735E+0	3,08080E-11
5,83834E+0	2,15260E-11
5,84934E+0	2,83460E-11
5,86034E+0	3,24560E-11
5,87133E+0	2,45090E-11
5,88232E+0	2,56910E-11
5,89332E+0	2,57060E-11
5,90431E+0	2,55390E-11
5,91531E+0	2,95500E-11
5,92630E+0	2,92910E-11
5,93730E+0	2,60870E-11
5,94829E+0	3,30490E-11
5,95929E+0	2,13380E-11
5,97028E+0	2,59510E-11
5,98128E+0	3,24670E-11
5,99227E+0	2,06320E-11
6,00327E+0	2,97270E-11
6,01426E+0	3,04000E-11
6,02526E+0	2,34760E-11
6,03625E+0	2,67040E-11
6,04725E+0	2,68270E-11
6,05824E+0	2,68240E-11
6,06924E+0	3,06820E-11
6,08024E+0	2,80940E-11
6,09123E+0	2,26140E-11
6,10222E+0	2,79020E-11
6,11322E+0	3,35530E-11
6,12421E+0	3,13940E-11
6,13521E+0	2,56890E-11
6,14620E+0	2,21220E-11
6,15720E+0	2,65200E-11
6,16819E+0	2,85370E-11
6,17919E+0	2,58250E-11
6,19018E+0	2,47340E-11
6,20118E+0	2,89630E-11
6,21218E+0	2,46730E-11
6,22317E+0	2,95460E-11
6,23416E+0	2,57280E-11
6,24516E+0	2,62970E-11
6,25615E+0	3,55800E-11
6,26715E+0	3,25340E-11
6,27814E+0	3,51530E-11
6,28914E+0	2,65150E-11
6,30014E+0	3,68740E-11
6,31113E+0	2,24650E-11
6,32212E+0	3,01560E-11
6,33312E+0	2,49380E-11
6,34411E+0	3,35140E-11
6,35511E+0	3,38870E-11
6,36610E+0	2,76000E-11
6,37710E+0	2,91060E-11
6,38809E+0	2,59490E-11
6,39909E+0	3,19270E-11
6,41008E+0	2,79060E-11
6,42108E+0	3,57670E-11
6,43207E+0	2,52170E-11
6,44307E+0	2,76970E-11
6,45406E+0	3,22640E-11
6,46506E+0	3,21320E-11
6,47605E+0	4,06660E-11
6,48705E+0	3,28670E-11
6,49804E+0	3,79110E-11
6,50904E+0	3,73230E-11
6,52003E+0	2,57970E-11
6,53103E+0	2,64740E-11
6,54202E+0	2,72160E-11
6,55302E+0	4,71120E-11
6,56401E+0	3,99510E-11
6,57501E+0	3,39860E-11
6,58601E+0	3,43490E-11
6,59700E+0	3,83200E-11
6,60799E+0	3,11400E-11
6,61899E+0	3,40080E-11
6,62998E+0	4,42960E-11
6,64098E+0	4,22920E-11
6,65197E+0	3,28600E-11
6,66297E+0	3,84770E-11
6,67396E+0	4,13240E-11
6,68496E+0	5,45660E-11
6,69595E+0	4,82230E-11
6,70695E+0	4,96210E-11
6,71795E+0	4,49050E-11
6,72894E+0	5,30730E-11
6,73993E+0	6,00680E-11
6,75093E+0	4,69690E-11
6,76192E+0	4,54730E-11
6,77292E+0	4,79750E-11
6,78391E+0	3,83350E-11
6,79491E+0	4,67580E-11
6,80591E+0	4,12210E-11
6,81690E+0	4,73740E-11
6,82789E+0	4,47950E-11
6,83889E+0	4,13090E-11
6,84988E+0	4,19970E-11
6,86088E+0	4,91320E-11
6,87187E+0	4,16860E-11
6,88287E+0	4,08640E-11
6,89386E+0	3,80430E-11
6,90486E+0	4,16700E-11
6,91585E+0	4,77650E-11
6,92685E+0	4,66000E-11
6,93784E+0	4,32740E-11
6,94884E+0	4,99130E-11
6,95983E+0	5,48530E-11
6,97083E+0	4,56460E-11
6,98182E+0	5,31780E-11
6,99282E+0	6,02690E-11
7,00381E+0	6,32650E-11
7,01481E+0	6,22290E-11
7,02580E+0	5,10900E-11
7,03680E+0	5,50090E-11
7,04779E+0	6,64440E-11
7,05879E+0	5,68150E-11
7,06978E+0	6,41620E-11
7,08078E+0	5,42510E-11
7,09177E+0	5,59720E-11
7,10277E+0	5,04570E-11
7,11376E+0	4,89760E-11
7,12476E+0	4,87960E-11
7,13575E+0	6,36060E-11
7,14675E+0	7,43800E-11
7,15774E+0	6,29220E-11
7,16874E+0	5,92710E-11
7,17973E+0	6,00190E-11
7,19073E+0	6,23270E-11
7,20172E+0	7,99880E-11
7,21272E+0	9,01360E-11
7,22371E+0	1,03168E-10
7,23471E+0	7,80350E-11
7,24570E+0	9,23860E-11
7,25670E+0	8,02510E-11
7,26769E+0	8,26790E-11
7,27869E+0	7,17150E-11
7,28968E+0	6,63720E-11
7,30068E+0	7,85320E-11
7,31168E+0	6,13900E-11
7,32267E+0	7,41440E-11
7,33366E+0	7,29770E-11
7,34466E+0	7,01860E-11
7,35565E+0	6,57760E-11
7,36665E+0	6,68360E-11
7,37764E+0	6,40710E-11
7,38864E+0	6,38800E-11
7,39963E+0	6,29890E-11
7,41063E+0	5,97210E-11
7,42162E+0	6,85520E-11
7,43262E+0	6,91030E-11
7,44361E+0	6,72920E-11
7,45461E+0	5,95450E-11
7,46560E+0	6,70470E-11
7,47660E+0	5,89010E-11
7,48759E+0	5,44170E-11
7,49859E+0	5,62240E-11
7,50958E+0	6,06640E-11
7,52058E+0	5,56650E-11
7,53157E+0	5,90190E-11
7,54257E+0	4,66580E-11
7,55356E+0	5,40180E-11
7,56456E+0	6,10340E-11
7,57555E+0	6,33320E-11
7,58655E+0	5,28990E-11
7,59754E+0	5,94070E-11
7,60854E+0	5,37910E-11
7,61953E+0	5,05260E-11
7,63053E+0	4,77650E-11
7,64152E+0	5,26090E-11
7,65252E+0	5,36870E-11
7,66351E+0	6,08200E-11
7,67451E+0	7,05120E-11
7,68551E+0	7,39240E-11
7,69650E+0	4,84480E-11
7,70749E+0	4,87430E-11
7,71849E+0	4,25670E-11
7,72948E+0	5,60300E-11
7,74048E+0	5,85280E-11
7,75147E+0	4,64730E-11
7,76247E+0	4,50200E-11
7,77346E+0	6,49280E-11
7,78446E+0	5,13460E-11
7,79545E+0	5,86720E-11
7,80645E+0	5,68790E-11
7,81745E+0	5,55910E-11
7,82844E+0	5,96340E-11
7,83943E+0	4,86760E-11
7,85043E+0	5,10330E-11
7,86142E+0	5,52960E-11
7,87242E+0	6,20060E-11
7,88341E+0	5,83350E-11
7,89441E+0	5,64020E-11
7,90541E+0	5,64440E-11
7,91640E+0	4,14260E-11
7,92739E+0	4,70900E-11
7,93839E+0	4,08930E-11
7,94938E+0	4,37670E-11
7,96038E+0	5,57140E-11
7,97137E+0	4,11000E-11
7,98237E+0	5,18110E-11
7,99336E+0	5,49420E-11
8,00436E+0	4,63400E-11
8,01535E+0	4,35890E-11
8,02635E+0	6,10070E-11
8,03734E+0	5,00740E-11
8,04834E+0	4,94500E-11
8,05933E+0	5,71730E-11
8,07033E+0	5,76700E-11
8,08132E+0	5,32220E-11
8,09232E+0	4,94580E-11
8,10332E+0	5,64740E-11
8,11431E+0	4,67550E-11
8,12530E+0	4,33150E-11
8,13630E+0	4,75870E-11
8,14729E+0	5,15130E-11
8,15829E+0	4,94220E-11
8,16928E+0	4,79630E-11
8,18028E+0	5,59770E-11
8,19127E+0	5,21350E-11
8,20227E+0	5,19510E-11
8,21326E+0	5,09390E-11
8,22426E+0	4,64870E-11
8,23526E+0	4,68590E-11
8,24625E+0	4,72700E-11
8,25724E+0	5,96110E-11
8,26824E+0	5,87710E-11
8,27923E+0	5,42950E-11
8,29023E+0	5,42630E-11
8,30122E+0	5,47330E-11
8,31222E+0	5,52340E-11
8,32321E+0	4,94870E-11
8,33421E+0	5,47130E-11
8,34520E+0	6,32710E-11
8,35620E+0	5,67330E-11
8,36720E+0	5,20810E-11
8,37819E+0	5,48950E-11
8,38918E+0	5,60380E-11
8,40018E+0	5,34650E-11
8,41118E+0	5,94880E-11
8,42217E+0	4,53680E-11
8,43316E+0	5,97150E-11
8,44416E+0	5,84110E-11
8,45515E+0	5,66640E-11
8,46615E+0	5,10440E-11
8,47715E+0	5,40330E-11
8,48814E+0	4,91690E-11
8,49913E+0	5,92810E-11
8,51013E+0	5,82100E-11
8,52112E+0	5,34600E-11
8,53212E+0	6,36720E-11
8,54311E+0	5,45260E-11
8,55411E+0	5,45610E-11
8,56510E+0	6,48400E-11
8,57610E+0	5,39300E-11
8,58709E+0	6,89950E-11
8,59809E+0	6,46760E-11
8,60909E+0	5,84680E-11
8,62008E+0	6,23470E-11
8,63107E+0	5,67590E-11
8,64207E+0	6,14950E-11
8,65306E+0	6,07150E-11
8,66406E+0	5,01140E-11
8,67505E+0	6,46770E-11
8,68605E+0	5,27370E-11
8,69704E+0	5,06900E-11
8,70804E+0	6,86440E-11
8,71903E+0	6,53420E-11
8,73003E+0	6,80740E-11
8,74102E+0	5,59740E-11
8,75202E+0	5,98550E-11
8,76301E+0	5,91220E-11
8,77401E+0	6,44070E-11
8,78500E+0	8,02840E-11
8,79600E+0	6,43470E-11
8,80699E+0	6,94850E-11
8,81799E+0	5,56420E-11
8,82898E+0	7,49960E-11
8,83998E+0	6,16970E-11
8,85098E+0	6,17150E-11
8,86197E+0	7,40380E-11
8,87296E+0	7,45840E-11
8,88396E+0	6,13460E-11
8,89495E+0	7,12080E-11
8,90595E+0	7,62450E-11
8,91694E+0	6,63900E-11
8,92794E+0	8,03420E-11
8,93894E+0	6,84410E-11
8,94993E+0	6,67920E-11
8,96092E+0	8,16580E-11
8,97192E+0	8,37790E-11
8,98291E+0	6,51280E-11
8,99391E+0	8,00550E-11
9,00490E+0	8,11550E-11
9,01590E+0	7,20870E-11
9,02689E+0	7,58390E-11
9,03789E+0	9,01960E-11
9,04889E+0	8,29430E-11
9,05988E+0	7,44740E-11
9,07087E+0	7,08530E-11
9,08187E+0	6,05750E-11
9,09286E+0	8,33740E-11
9,10386E+0	8,05560E-11
9,11485E+0	8,21440E-11
9,12585E+0	7,20730E-11
9,13684E+0	7,55640E-11
9,14784E+0	8,79250E-11
9,15883E+0	7,91290E-11
9,16983E+0	8,90600E-11
9,18082E+0	8,60980E-11
9,19182E+0	8,65960E-11
9,20281E+0	8,21320E-11
9,21381E+0	7,97510E-11
9,22480E+0	8,16360E-11
9,23580E+0	8,82700E-11
9,24679E+0	9,48340E-11
9,25779E+0	1,01269E-10
9,26878E+0	9,20360E-11
9,27978E+0	8,39530E-11
9,29077E+0	9,31270E-11
9,30177E+0	7,91450E-11
9,31277E+0	8,63950E-11
9,32376E+0	8,34460E-11
9,33475E+0	8,36380E-11
9,34575E+0	1,00777E-10
9,35674E+0	9,07160E-11
9,36774E+0	8,27740E-11
9,37873E+0	9,30800E-11
9,38973E+0	1,02067E-10
9,40072E+0	1,18193E-10
9,41172E+0	1,02737E-10
9,42272E+0	9,37510E-11
9,43371E+0	1,22884E-10
9,44470E+0	1,09771E-10
9,45570E+0	1,34660E-10
9,46669E+0	1,26097E-10
9,47769E+0	1,40865E-10
9,48869E+0	1,40307E-10
9,49968E+0	1,48676E-10
9,51067E+0	1,47237E-10
9,52167E+0	1,57213E-10
9,53266E+0	1,55324E-10
9,54366E+0	1,62173E-10
9,55465E+0	1,81020E-10
9,56565E+0	1,64916E-10
9,57665E+0	1,89212E-10
9,58764E+0	1,82539E-10
9,59863E+0	1,89086E-10
9,60963E+0	1,86558E-10
9,62062E+0	1,91635E-10
9,62210E+0	1,97779E-10
9,63076E+0	2,06105E-10
9,63942E+0	1,88090E-10
9,64808E+0	2,12910E-10
9,65674E+0	2,29290E-10
9,66540E+0	1,97818E-10
9,67406E+0	1,96633E-10
9,68272E+0	1,84270E-10
9,69138E+0	2,09682E-10
9,70004E+0	1,97514E-10
9,70870E+0	1,87193E-10
9,71737E+0	1,98748E-10
9,72603E+0	2,08269E-10
9,73469E+0	1,92109E-10
9,74335E+0	1,70011E-10
9,75201E+0	2,02598E-10
9,76067E+0	1,92885E-10
9,76933E+0	1,97818E-10
9,77799E+0	1,87237E-10
9,78665E+0	1,81501E-10
9,79531E+0	1,73382E-10
9,80397E+0	1,72759E-10
9,81263E+0	1,58607E-10
9,82130E+0	1,73657E-10
9,82996E+0	1,63823E-10
9,83862E+0	1,62979E-10
9,84728E+0	1,65209E-10
9,85594E+0	1,58440E-10
9,86460E+0	1,45429E-10
9,87326E+0	1,46630E-10
9,88192E+0	1,61880E-10
9,89058E+0	1,56195E-10
9,89924E+0	1,63839E-10
9,90790E+0	1,49750E-10
9,91656E+0	1,79304E-10
9,92522E+0	1,41212E-10
9,93389E+0	1,54058E-10
9,94255E+0	1,55284E-10
9,95121E+0	1,50080E-10
9,95987E+0	1,53676E-10
9,96853E+0	1,57066E-10
9,97719E+0	1,51525E-10
9,98585E+0	1,77504E-10
9,99451E+0	1,78718E-10
1,00032E+1	1,56722E-10
1,00118E+1	1,49843E-10
1,00205E+1	1,58403E-10
1,00292E+1	1,60185E-10
1,00378E+1	1,59039E-10
1,00465E+1	1,55723E-10
1,00551E+1	1,63625E-10
1,00638E+1	1,37609E-10
1,00725E+1	1,50285E-10
1,00811E+1	1,61901E-10
1,00898E+1	1,65421E-10
1,00984E+1	1,63226E-10
1,01071E+1	1,55534E-10
1,01158E+1	1,41839E-10
1,01244E+1	1,57371E-10
1,01331E+1	1,48482E-10
1,01417E+1	1,39993E-10
1,01504E+1	1,64955E-10
1,01591E+1	1,56340E-10
1,01677E+1	1,59886E-10
1,01764E+1	1,54585E-10
1,01850E+1	1,48863E-10
1,01937E+1	1,47817E-10
1,02024E+1	1,71529E-10
1,02110E+1	1,53998E-10
1,02197E+1	1,66923E-10
1,02284E+1	1,64861E-10
1,02370E+1	1,46711E-10
1,02457E+1	1,55328E-10
1,02543E+1	1,51737E-10
1,02630E+1	1,57507E-10
1,02717E+1	1,58870E-10
1,02803E+1	1,70766E-10
1,02890E+1	1,60144E-10
1,02976E+1	1,50290E-10
1,03063E+1	1,53043E-10
1,03150E+1	1,59484E-10
1,03236E+1	1,48339E-10
1,03323E+1	1,57314E-10
1,03409E+1	1,68876E-10
1,03496E+1	1,64831E-10
1,03583E+1	1,51097E-10
1,03669E+1	1,54150E-10
1,03756E+1	1,68456E-10
1,03842E+1	1,98446E-10
1,03929E+1	1,69027E-10
1,04016E+1	1,75318E-10
1,04102E+1	1,75692E-10
1,04189E+1	1,69255E-10
1,04276E+1	1,83113E-10
1,04362E+1	1,82195E-10
1,04449E+1	1,72474E-10
1,04535E+1	1,76086E-10
1,04622E+1	1,89316E-10
1,04709E+1	1,59896E-10
1,04795E+1	1,88737E-10
1,04882E+1	1,87649E-10
1,04968E+1	1,97007E-10
1,05055E+1	1,74807E-10
1,05142E+1	1,82390E-10
1,05228E+1	1,99431E-10
1,05315E+1	2,07620E-10
1,05401E+1	2,15560E-10
1,05488E+1	2,10250E-10
1,05575E+1	2,06208E-10
1,05661E+1	1,96082E-10
1,05748E+1	1,94564E-10
1,05834E+1	1,92880E-10
1,05921E+1	1,85356E-10
1,06008E+1	2,02439E-10
1,06094E+1	1,97456E-10
1,06181E+1	1,75947E-10
1,06267E+1	1,83809E-10
1,06354E+1	1,86530E-10
1,06441E+1	1,87666E-10
1,06527E+1	1,96578E-10
1,06614E+1	1,89243E-10
1,06701E+1	2,04679E-10
1,06787E+1	2,42820E-10
1,06874E+1	2,63770E-10
1,06960E+1	2,36560E-10
1,07047E+1	2,19310E-10
1,07134E+1	2,63580E-10
1,07220E+1	2,20910E-10
1,07307E+1	2,23830E-10
1,07393E+1	2,80760E-10
1,07480E+1	2,41320E-10
1,07567E+1	2,03136E-10
1,07653E+1	1,96129E-10
1,07740E+1	1,82960E-10
1,07826E+1	2,06320E-10
1,07913E+1	2,84550E-10
1,08000E+1	2,59370E-10
1,08086E+1	2,57340E-10
1,08173E+1	2,28800E-10
1,08259E+1	2,10660E-10
1,08346E+1	1,86680E-10
1,08433E+1	1,89731E-10
1,08519E+1	2,27760E-10
1,08606E+1	1,94824E-10
1,08693E+1	1,84718E-10
1,08779E+1	2,07794E-10
1,08866E+1	2,06753E-10
1,08952E+1	2,09118E-10
1,09039E+1	2,07454E-10
1,09126E+1	1,95075E-10
1,09212E+1	2,02099E-10
1,09299E+1	2,08280E-10
1,09385E+1	2,69770E-10
1,09472E+1	2,65190E-10
1,09559E+1	2,50190E-10
1,09645E+1	2,41630E-10
1,09732E+1	2,68810E-10
1,09818E+1	2,33640E-10
1,09905E+1	2,03055E-10
1,09992E+1	2,59320E-10
1,10078E+1	2,82510E-10
1,10165E+1	2,33140E-10
1,10251E+1	2,45440E-10
1,10338E+1	2,23490E-10
1,10425E+1	2,12660E-10
1,10511E+1	2,45900E-10
1,10598E+1	2,76400E-10
1,10684E+1	2,43500E-10
1,10771E+1	2,49070E-10
1,10858E+1	2,04430E-10
1,10944E+1	2,59260E-10
1,11031E+1	2,76700E-10
1,11118E+1	2,30740E-10
1,11204E+1	2,43890E-10
1,11291E+1	2,22990E-10
1,11377E+1	2,63250E-10
1,11464E+1	2,67900E-10
1,11551E+1	2,54850E-10
1,11637E+1	2,56070E-10
1,11724E+1	2,69480E-10
1,11810E+1	2,58530E-10
1,11897E+1	2,21680E-10
1,11984E+1	2,60230E-10
1,12070E+1	2,49440E-10
1,12157E+1	2,40990E-10
1,12243E+1	2,81080E-10
1,12330E+1	2,70470E-10
1,12417E+1	2,32610E-10
1,12503E+1	3,29580E-10
1,12590E+1	2,79550E-10
1,12676E+1	2,63490E-10
1,12763E+1	3,44740E-10
1,12850E+1	3,02300E-10
1,12936E+1	2,55770E-10
1,13023E+1	3,00390E-10
1,13110E+1	2,39990E-10
1,13196E+1	3,02770E-10
1,13283E+1	3,17880E-10
1,13369E+1	2,36100E-10
1,13456E+1	2,75410E-10
1,13543E+1	2,22860E-10
1,13629E+1	2,66340E-10
1,13716E+1	3,04740E-10
1,13802E+1	2,93370E-10
1,13889E+1	3,45750E-10
1,13976E+1	3,25700E-10
1,14062E+1	2,57170E-10
1,14149E+1	2,96750E-10
1,14235E+1	2,96510E-10
1,14322E+1	2,40120E-10
1,14409E+1	3,13800E-10
1,14495E+1	2,52700E-10
1,14582E+1	3,05890E-10
1,14668E+1	2,95250E-10
1,14755E+1	2,78050E-10
1,14842E+1	3,06880E-10
1,14928E+1	2,96510E-10
1,15015E+1	3,26910E-10
1,15101E+1	2,93380E-10
1,15188E+1	2,32220E-10
1,15275E+1	2,97400E-10
1,15361E+1	2,18380E-10
1,15448E+1	2,71110E-10
1,15535E+1	3,24970E-10
1,15621E+1	3,76460E-10
1,15708E+1	2,22390E-10
1,15794E+1	3,69250E-10
1,15881E+1	3,87060E-10
1,15968E+1	3,18360E-10
1,16054E+1	3,52380E-10
1,16141E+1	3,67330E-10
1,16227E+1	3,01380E-10
1,16314E+1	3,09170E-10
1,16401E+1	3,25520E-10
1,16487E+1	4,13230E-10
1,16574E+1	2,51940E-10
1,16660E+1	3,34220E-10
1,16747E+1	3,05370E-10
1,16834E+1	4,27840E-10
1,16920E+1	4,12440E-10
1,17007E+1	4,47540E-10
1,17093E+1	3,79280E-10
1,17180E+1	3,94660E-10
1,17267E+1	4,76060E-10
1,17353E+1	2,81360E-10
1,17440E+1	3,81990E-10
1,17527E+1	5,29010E-10
1,17613E+1	3,42930E-10
1,17700E+1	4,32080E-10
1,17786E+1	4,04470E-10
1,17873E+1	3,41640E-10
1,17960E+1	3,13340E-10
1,18046E+1	3,73880E-10
1,18133E+1	2,95570E-10
1,18219E+1	3,51590E-10
1,18306E+1	4,62140E-10
1,18393E+1	3,66260E-10
1,18479E+1	3,51980E-10
1,18566E+1	4,19210E-10
1,18652E+1	4,62070E-10
1,18739E+1	4,23650E-10
1,18826E+1	4,42560E-10
1,18912E+1	3,84690E-10
1,18999E+1	4,44800E-10
1,19085E+1	3,47620E-10
1,19172E+1	3,55500E-10
1,19259E+1	5,02760E-10
1,19345E+1	4,81500E-10
1,19432E+1	4,82820E-10
1,19519E+1	4,26500E-10
1,19605E+1	4,77230E-10
1,19692E+1	3,85240E-10
1,19778E+1	4,91060E-10
1,19865E+1	3,97230E-10
1,19952E+1	4,00530E-10
1,20038E+1	4,61750E-10
1,20125E+1	4,22470E-10
1,20211E+1	3,30650E-10
1,20298E+1	4,53040E-10
1,20385E+1	5,54730E-10
1,20471E+1	3,87000E-10
1,20558E+1	4,93180E-10
1,20644E+1	4,52960E-10
1,20731E+1	4,37400E-10
1,20818E+1	4,91230E-10
1,20904E+1	4,54160E-10
1,20991E+1	5,23830E-10
1,21077E+1	4,06490E-10
1,21164E+1	5,09670E-10
1,21251E+1	3,91460E-10
1,21337E+1	4,77900E-10
1,21424E+1	5,06040E-10
1,21510E+1	4,26150E-10
1,21597E+1	4,31660E-10
1,21684E+1	4,53680E-10
1,21770E+1	6,02680E-10
1,21857E+1	4,04270E-10
1,21944E+1	4,27700E-10
1,22030E+1	5,40670E-10
1,22117E+1	4,93790E-10
1,22203E+1	5,15130E-10
1,22290E+1	5,67220E-10
1,22377E+1	4,37680E-10
1,22463E+1	6,08050E-10
1,22550E+1	6,07650E-10
1,22636E+1	5,65030E-10
1,22723E+1	5,47610E-10
1,22810E+1	4,67470E-10
1,22896E+1	5,88310E-10
1,22983E+1	5,54020E-10
1,23069E+1	4,59580E-10
1,23156E+1	5,17800E-10
1,23243E+1	4,60830E-10
1,23329E+1	5,94090E-10
1,23416E+1	5,83200E-10
1,23502E+1	7,07980E-10
1,23589E+1	5,72640E-10
1,23676E+1	6,06280E-10
1,23762E+1	5,65050E-10
1,23849E+1	6,08070E-10
1,23936E+1	5,84810E-10
1,24022E+1	5,18510E-10
1,24109E+1	5,96090E-10
1,24195E+1	6,19060E-10
1,24282E+1	4,70330E-10
1,24369E+1	5,92920E-10
1,24455E+1	4,87320E-10
1,24542E+1	5,59060E-10
1,24628E+1	6,73130E-10
1,24715E+1	5,05780E-10
1,24802E+1	5,71910E-10
1,24888E+1	6,53330E-10
1,24975E+1	5,51450E-10
1,25061E+1	4,42290E-10
1,25148E+1	7,30830E-10
1,25235E+1	6,06390E-10
1,25321E+1	6,34280E-10
1,25408E+1	5,96170E-10
1,25494E+1	6,54980E-10
1,25581E+1	7,20940E-10
1,25668E+1	5,44770E-10
1,25754E+1	7,27550E-10
1,25841E+1	7,30590E-10
1,25927E+1	6,73830E-10
1,26014E+1	6,38180E-10
1,26101E+1	6,52420E-10
1,26187E+1	6,90760E-10
1,26274E+1	6,01110E-10
1,26361E+1	6,44480E-10
1,26447E+1	6,76310E-10
1,26534E+1	7,10290E-10
1,26620E+1	5,89780E-10
1,26707E+1	6,99710E-10
1,26794E+1	7,29890E-10
1,26880E+1	8,13330E-10
1,26967E+1	7,71380E-10
1,27053E+1	7,15450E-10
1,27140E+1	6,74860E-10
1,27227E+1	5,80800E-10
1,27313E+1	7,71390E-10
1,27400E+1	7,47920E-10
1,27486E+1	7,07870E-10
1,27573E+1	7,73950E-10
1,27660E+1	8,46290E-10
1,27746E+1	7,68520E-10
1,27833E+1	8,54260E-10
1,27919E+1	7,51470E-10
1,28006E+1	7,27100E-10
1,28093E+1	7,18460E-10
1,28179E+1	7,64650E-10
1,28266E+1	7,69940E-10
1,28353E+1	7,45170E-10
1,28439E+1	6,82770E-10
1,28526E+1	7,75040E-10
1,28612E+1	7,76040E-10
1,28699E+1	7,62550E-10
1,28786E+1	8,74990E-10
1,28872E+1	8,02830E-10
1,28959E+1	8,90250E-10
1,29045E+1	9,33460E-10
1,29132E+1	7,90360E-10
1,29219E+1	9,30090E-10
1,29305E+1	7,82010E-10
1,29392E+1	8,81020E-10
1,29478E+1	8,93100E-10
1,29565E+1	9,61050E-10
1,29652E+1	8,59260E-10
1,29738E+1	8,68480E-10
1,29825E+1	8,55340E-10
1,29911E+1	9,72620E-10
1,29998E+1	8,41790E-10
1,30085E+1	8,20360E-10
1,30171E+1	8,69110E-10
1,30258E+1	9,18220E-10
1,30344E+1	9,55900E-10
1,30431E+1	9,30030E-10
1,30518E+1	9,92310E-10
1,30604E+1	9,60550E-10
1,30691E+1	9,11360E-10
1,30778E+1	1,00913E-9
1,30864E+1	1,09172E-9
1,30951E+1	1,01348E-9
1,31037E+1	9,17910E-10
1,31124E+1	1,03029E-9
1,31211E+1	9,34000E-10
1,31297E+1	8,92990E-10
1,31384E+1	9,91280E-10
1,31470E+1	1,16254E-9
1,31557E+1	1,13350E-9
1,31644E+1	1,06692E-9
1,31730E+1	1,09555E-9
1,31817E+1	1,10325E-9
1,31903E+1	1,00259E-9
1,31990E+1	1,02282E-9
1,32077E+1	1,08534E-9
1,32163E+1	1,00802E-9
1,32250E+1	1,14145E-9
1,32336E+1	1,17045E-9
1,32423E+1	1,19001E-9
1,32510E+1	1,11187E-9
1,32596E+1	1,12635E-9
1,32683E+1	1,11250E-9
1,32770E+1	1,11804E-9
1,32856E+1	1,18089E-9
1,32943E+1	1,17535E-9
1,33029E+1	1,15477E-9
1,33116E+1	1,35127E-9
1,33203E+1	1,26344E-9
1,33289E+1	1,23859E-9
1,33376E+1	1,26003E-9
1,33462E+1	1,39920E-9
1,33549E+1	1,48787E-9
1,33636E+1	1,31768E-9
1,33722E+1	1,31365E-9
1,33809E+1	1,44832E-9
1,33895E+1	1,46512E-9
1,33982E+1	1,35220E-9
1,34069E+1	1,50948E-9
1,34155E+1	1,47802E-9
1,34242E+1	1,55832E-9
1,34328E+1	1,29931E-9
1,34415E+1	1,50913E-9
1,34502E+1	1,57735E-9
1,34588E+1	1,65793E-9
1,34675E+1	1,63345E-9
1,34761E+1	1,49390E-9
1,34848E+1	1,62164E-9
1,34935E+1	1,53723E-9
1,35021E+1	1,65441E-9
1,35108E+1	1,77894E-9
1,35195E+1	1,86895E-9
1,35281E+1	1,73162E-9
1,35368E+1	1,70836E-9
1,35454E+1	1,56003E-9
1,35541E+1	1,69061E-9
1,35628E+1	1,69060E-9
1,35714E+1	1,62636E-9
1,35801E+1	1,71100E-9
1,35887E+1	1,82864E-9
1,35974E+1	1,66792E-9
1,36061E+1	1,94210E-9
1,36147E+1	1,73306E-9
1,36234E+1	1,64112E-9
1,36320E+1	1,80697E-9
1,36407E+1	1,71515E-9
1,36494E+1	1,68171E-9
1,36580E+1	1,79430E-9
1,36667E+1	1,72240E-9
1,36753E+1	1,74941E-9
1,36840E+1	1,75210E-9
1,36927E+1	1,79201E-9
1,37013E+1	2,00304E-9
1,37100E+1	2,10280E-9
1,37187E+1	1,86937E-9
1,37273E+1	1,85020E-9
1,37360E+1	2,01090E-9
1,37446E+1	2,08540E-9
1,37533E+1	2,02030E-9
1,37620E+1	2,10640E-9
1,37706E+1	2,25850E-9
1,37793E+1	2,07490E-9
1,37879E+1	2,16870E-9
1,37966E+1	2,16560E-9
1,38053E+1	2,12630E-9
1,38139E+1	2,30210E-9
1,38226E+1	2,25980E-9
1,38312E+1	2,30110E-9
1,38399E+1	2,30770E-9
1,38486E+1	2,27400E-9
1,38572E+1	2,51370E-9
1,38659E+1	2,18210E-9
1,38745E+1	2,42940E-9
1,38832E+1	2,36300E-9
1,38919E+1	2,65140E-9
1,39005E+1	2,57420E-9
1,39092E+1	2,50140E-9
1,39179E+1	2,50350E-9
1,39265E+1	2,65600E-9
1,39352E+1	2,77390E-9
1,39438E+1	2,58720E-9
1,39525E+1	2,95820E-9
1,39612E+1	2,83350E-9
1,39698E+1	3,06750E-9
1,39785E+1	2,95520E-9
1,39871E+1	3,33800E-9
1,39958E+1	3,37930E-9
1,40045E+1	3,24040E-9
1,40131E+1	3,38490E-9
1,40218E+1	3,61750E-9
1,40304E+1	3,67460E-9
1,40391E+1	3,46560E-9
1,40478E+1	3,77400E-9
1,40564E+1	3,64650E-9
1,40651E+1	3,57110E-9
1,40737E+1	4,07370E-9
1,40824E+1	3,82880E-9
1,40911E+1	4,21560E-9
1,40997E+1	4,02240E-9
1,41084E+1	4,00170E-9
1,41170E+1	3,74990E-9
1,41257E+1	3,81190E-9
1,41344E+1	3,95100E-9
1,41430E+1	3,83030E-9
1,41517E+1	3,70760E-9
1,41604E+1	3,94120E-9
1,41690E+1	3,62410E-9
1,41777E+1	3,67570E-9
1,41863E+1	3,40110E-9
1,41950E+1	3,55010E-9
1,42037E+1	3,28870E-9
1,42123E+1	3,53520E-9
1,42210E+1	3,07030E-9
1,42296E+1	3,18230E-9
1,42383E+1	2,95600E-9
1,42470E+1	2,64330E-9
1,42556E+1	3,14070E-9
1,42643E+1	2,90760E-9
1,42729E+1	2,55710E-9
1,42816E+1	2,89350E-9
1,42903E+1	2,63260E-9
1,42989E+1	2,80810E-9
1,43076E+1	3,06020E-9
1,43162E+1	2,48330E-9
1,43249E+1	2,91950E-9
1,43336E+1	2,79150E-9
1,43422E+1	2,98520E-9
1,43509E+1	3,31210E-9
1,43596E+1	3,14020E-9
1,43682E+1	3,37160E-9
1,43769E+1	3,72560E-9
1,43855E+1	3,51210E-9
1,43942E+1	3,95520E-9
1,44029E+1	4,20640E-9
1,44115E+1	4,27040E-9
1,44202E+1	4,67480E-9
1,44288E+1	5,12050E-9
1,44375E+1	4,91340E-9
1,44462E+1	5,35270E-9
1,44548E+1	5,09540E-9
1,44635E+1	6,14790E-9
1,44721E+1	5,92680E-9
1,44808E+1	6,00500E-9
1,44895E+1	6,22510E-9
1,44981E+1	6,39620E-9
1,45068E+1	6,65150E-9
1,45154E+1	6,79300E-9
1,45241E+1	6,66850E-9
1,45328E+1	6,40990E-9
1,45414E+1	6,64690E-9
1,45501E+1	6,43560E-9
1,45587E+1	5,94650E-9
1,45674E+1	5,91970E-9
1,45761E+1	5,73950E-9
1,45847E+1	5,10980E-9
1,45934E+1	5,11800E-9
1,46021E+1	4,90330E-9
1,46107E+1	4,57290E-9
1,46194E+1	4,30260E-9
1,46280E+1	3,54060E-9
1,46367E+1	3,53030E-9
1,46454E+1	2,88210E-9
1,46540E+1	2,57440E-9
1,46627E+1	2,26320E-9
1,46713E+1	2,24870E-9
1,46800E+1	1,35600E-9
1,46887E+1	1,36823E-9
1,46973E+1	1,13079E-9
1,47060E+1	1,00069E-9
1,47146E+1	9,07730E-10
1,47233E+1	5,21660E-10
1,47320E+1	7,13640E-10
1,47406E+1	4,60550E-10
1,47493E+1	4,41700E-10
1,47579E+1	2,56210E-10
1,47666E+1	2,13500E-10
1,47753E+1	1,60055E-10
1,47839E+1	1,52680E-10
1,47926E+1	1,36111E-10
1,48013E+1	7,63270E-11
1,48099E+1	7,35860E-11
1,48186E+1	5,43110E-11
1,48272E+1	4,01860E-11
1,48359E+1	2,73400E-11
1,48446E+1	1,57737E-11
1,48532E+1	1,36730E-11
1,48619E+1	1,18710E-11
1,48705E+1	1,44607E-11
1,48792E+1	9,11960E-12
1,48879E+1	6,59190E-12
1,48965E+1	7,48830E-12
1,49052E+1	8,23250E-12
1,49138E+1	3,77140E-12
1,49225E+1	1,46390E-12
1,49312E+1	4,74600E-12
1,49398E+1	3,86190E-12
1,49485E+1	3,05780E-12
1,49571E+1	2,41690E-12
1,49658E+1	9,75300E-13
1,49745E+1	3,41110E-12
1,49831E+1	4,66320E-12
