E, keV	I, A
4,00218E+0	9,75260E-12
4,01317E+0	1,16077E-11
4,02417E+0	1,75343E-11
4,03516E+0	1,90732E-11
4,04616E+0	1,11503E-11
4,05715E+0	1,13510E-11
4,06815E+0	1,35541E-11
4,07914E+0	8,34920E-12
4,09014E+0	1,18099E-11
4,10113E+0	1,65359E-11
4,11213E+0	1,04205E-11
4,12312E+0	7,95130E-12
4,13412E+0	1,61403E-11
4,14511E+0	1,03164E-11
4,15611E+0	1,34753E-11
4,16710E+0	7,00840E-12
4,17810E+0	1,76928E-11
4,18910E+0	1,02050E-11
4,20009E+0	1,53232E-11
4,21108E+0	1,24061E-11
4,22208E+0	6,20040E-12
4,23307E+0	1,06235E-11
4,24407E+0	1,28518E-11
4,25507E+0	8,92010E-12
4,26606E+0	1,05126E-11
4,27705E+0	1,81173E-11
4,28805E+0	1,61581E-11
4,29904E+0	1,12048E-11
4,31004E+0	1,53585E-11
4,32104E+0	1,27951E-11
4,33203E+0	1,50836E-11
4,34302E+0	1,99376E-11
4,35402E+0	1,39579E-11
4,36501E+0	1,47970E-11
4,37601E+0	1,43783E-11
4,38701E+0	1,57970E-11
4,39800E+0	1,69311E-11
4,40899E+0	1,75464E-11
4,41999E+0	1,12816E-11
4,43098E+0	1,70672E-11
4,44198E+0	1,83211E-11
4,45297E+0	1,76727E-11
4,46397E+0	1,45965E-11
4,47497E+0	1,12306E-11
4,48596E+0	1,67862E-11
4,49695E+0	1,70058E-11
4,50795E+0	1,79260E-11
4,51895E+0	1,77060E-11
4,52994E+0	1,69846E-11
4,54093E+0	1,52473E-11
4,55193E+0	1,43905E-11
4,56292E+0	1,30090E-11
4,57392E+0	2,01480E-11
4,58491E+0	1,40424E-11
4,59591E+0	1,29281E-11
4,60691E+0	1,49456E-11
4,61790E+0	1,79800E-11
4,62889E+0	1,75271E-11
4,63989E+0	1,86848E-11
4,65088E+0	1,69272E-11
4,66188E+0	1,01101E-11
4,67287E+0	1,60845E-11
4,68387E+0	1,46217E-11
4,69486E+0	1,48310E-11
4,70586E+0	1,63974E-11
4,71685E+0	1,71840E-11
4,72785E+0	1,75759E-11
4,73884E+0	1,12308E-11
4,74984E+0	1,05071E-11
4,76084E+0	2,05074E-11
4,77183E+0	1,89837E-11
4,78282E+0	1,34120E-11
4,79382E+0	1,35358E-11
4,80481E+0	1,61850E-11
4,81581E+0	1,83817E-11
4,82680E+0	1,82302E-11
4,83780E+0	1,92609E-11
4,84879E+0	2,12030E-11
4,85979E+0	1,98121E-11
4,87078E+0	2,59710E-11
4,88178E+0	3,03340E-11
4,89277E+0	2,12110E-11
4,90377E+0	1,20430E-11
4,91476E+0	2,50250E-11
4,92576E+0	2,07280E-11
4,93675E+0	2,29250E-11
4,94775E+0	2,15160E-11
4,95874E+0	1,55537E-11
4,96974E+0	2,34610E-11
4,98074E+0	2,13960E-11
4,99173E+0	2,57210E-11
5,00272E+0	2,10380E-11
5,01372E+0	2,21110E-11
5,02471E+0	1,66980E-11
5,03571E+0	2,03370E-11
5,04670E+0	2,27830E-11
5,05770E+0	1,81940E-11
5,06869E+0	1,72295E-11
5,07969E+0	2,17400E-11
5,09068E+0	2,32200E-11
5,10168E+0	2,46980E-11
5,11268E+0	2,63300E-11
5,12367E+0	2,18850E-11
5,13466E+0	2,79030E-11
5,14566E+0	2,04650E-11
5,15665E+0	2,72870E-11
5,16765E+0	2,44490E-11
5,17864E+0	2,67970E-11
5,18964E+0	2,03810E-11
5,20064E+0	2,03560E-11
5,21163E+0	2,64900E-11
5,22262E+0	2,43540E-11
5,23362E+0	2,34710E-11
5,24461E+0	2,53560E-11
5,25561E+0	2,70790E-11
5,26660E+0	2,04530E-11
5,27760E+0	2,41830E-11
5,28859E+0	2,88980E-11
5,29959E+0	3,09490E-11
5,31058E+0	2,42360E-11
5,32158E+0	3,75680E-11
5,33257E+0	2,75440E-11
5,34357E+0	2,14390E-11
5,35457E+0	2,87840E-11
5,36556E+0	2,46500E-11
5,37655E+0	2,96630E-11
5,38755E+0	2,46980E-11
5,39854E+0	2,20910E-11
5,40954E+0	2,69210E-11
5,42053E+0	2,88740E-11
5,43153E+0	2,46840E-11
5,44252E+0	2,23020E-11
5,45352E+0	2,43100E-11
5,46451E+0	2,82490E-11
5,47551E+0	2,34690E-11
5,48651E+0	2,53730E-11
5,49750E+0	3,42910E-11
5,50849E+0	3,80760E-11
5,51949E+0	2,49400E-11
5,53048E+0	2,45190E-11
5,54148E+0	2,96690E-11
5,55247E+0	3,37630E-11
5,56347E+0	2,34330E-11
5,57447E+0	2,80080E-11
5,58546E+0	2,70180E-11
5,59645E+0	2,67730E-11
5,60745E+0	2,55240E-11
5,61845E+0	2,69560E-11
5,62944E+0	3,23290E-11
5,64043E+0	2,67540E-11
5,65143E+0	2,05420E-11
5,66242E+0	2,53470E-11
5,67342E+0	2,71020E-11
5,68441E+0	3,12810E-11
5,69541E+0	2,93780E-11
5,70641E+0	2,65530E-11
5,71740E+0	2,64130E-11
5,72839E+0	2,76610E-11
5,73939E+0	3,22600E-11
5,75038E+0	3,21000E-11
5,76138E+0	3,41610E-11
5,77237E+0	3,83760E-11
5,78337E+0	3,45860E-11
5,79436E+0	3,06770E-11
5,80536E+0	3,60840E-11
5,81635E+0	4,05030E-11
5,82735E+0	3,06240E-11
5,83834E+0	2,95270E-11
5,84934E+0	3,35190E-11
5,86034E+0	4,00870E-11
5,87133E+0	3,32960E-11
5,88232E+0	3,56780E-11
5,89332E+0	3,37320E-11
5,90431E+0	4,26870E-11
5,91531E+0	3,25890E-11
5,92630E+0	3,28220E-11
5,93730E+0	3,86850E-11
5,94829E+0	3,13290E-11
5,95929E+0	4,08810E-11
5,97028E+0	3,66520E-11
5,98128E+0	3,57570E-11
5,99227E+0	3,81000E-11
6,00327E+0	3,97390E-11
6,01426E+0	4,07810E-11
6,02526E+0	4,29770E-11
6,03625E+0	3,89040E-11
6,04725E+0	4,02140E-11
6,05824E+0	4,39840E-11
6,06924E+0	4,29160E-11
6,08024E+0	3,90360E-11
6,09123E+0	4,08440E-11
6,10222E+0	2,34330E-11
6,11322E+0	3,79120E-11
6,12421E+0	3,41320E-11
6,13521E+0	3,71510E-11
6,14620E+0	3,45980E-11
6,15720E+0	4,95050E-11
6,16819E+0	4,36690E-11
6,17919E+0	4,12520E-11
6,19018E+0	4,22190E-11
6,20118E+0	4,81930E-11
6,21218E+0	4,08350E-11
6,22317E+0	4,22080E-11
6,23416E+0	4,57040E-11
6,24516E+0	4,29380E-11
6,25615E+0	5,19640E-11
6,26715E+0	4,19910E-11
6,27814E+0	5,02120E-11
6,28914E+0	4,33580E-11
6,30014E+0	4,90300E-11
6,31113E+0	3,66760E-11
6,32212E+0	4,65880E-11
6,33312E+0	4,36810E-11
6,34411E+0	4,46410E-11
6,35511E+0	5,18630E-11
6,36610E+0	4,55600E-11
6,37710E+0	4,85580E-11
6,38809E+0	4,80760E-11
6,39909E+0	5,02000E-11
6,41008E+0	5,34330E-11
6,42108E+0	5,76750E-11
6,43207E+0	5,09730E-11
6,44307E+0	4,90770E-11
6,45406E+0	6,00790E-11
6,46506E+0	4,67760E-11
6,47605E+0	5,77450E-11
6,48705E+0	4,23640E-11
6,49804E+0	5,31370E-11
6,50904E+0	5,35190E-11
6,52003E+0	6,26680E-11
6,53103E+0	5,01810E-11
6,54202E+0	5,66480E-11
6,55302E+0	5,98930E-11
6,56401E+0	5,76040E-11
6,57501E+0	6,67950E-11
6,58601E+0	6,90500E-11
6,59700E+0	5,44320E-11
6,60799E+0	6,53630E-11
6,61899E+0	7,68730E-11
6,62998E+0	7,78750E-11
6,64098E+0	8,61030E-11
6,65197E+0	9,10780E-11
6,66297E+0	8,83450E-11
6,67396E+0	7,98850E-11
6,68496E+0	8,98450E-11
6,69595E+0	9,48160E-11
6,70695E+0	7,78910E-11
6,71795E+0	8,28390E-11
6,72894E+0	7,16940E-11
6,73993E+0	8,28710E-11
6,75093E+0	6,99820E-11
6,76192E+0	6,51950E-11
6,77292E+0	8,06680E-11
6,78391E+0	6,85490E-11
6,79491E+0	6,96990E-11
6,80591E+0	6,58780E-11
6,81690E+0	6,25140E-11
6,82789E+0	7,32450E-11
6,83889E+0	6,52590E-11
6,84988E+0	7,45330E-11
6,86088E+0	6,47790E-11
6,87187E+0	6,28600E-11
6,88287E+0	6,28930E-11
6,89386E+0	7,09550E-11
6,90486E+0	6,52810E-11
6,91585E+0	7,73600E-11
6,92685E+0	5,29570E-11
6,93784E+0	5,89850E-11
6,94884E+0	6,97460E-11
6,95983E+0	6,18010E-11
6,97083E+0	6,35400E-11
6,98182E+0	6,75990E-11
6,99282E+0	7,78260E-11
7,00381E+0	6,49410E-11
7,01481E+0	7,44380E-11
7,02580E+0	6,68470E-11
7,03680E+0	6,90170E-11
7,04779E+0	7,13290E-11
7,05879E+0	1,05560E-10
7,06978E+0	7,62000E-11
7,08078E+0	8,26720E-11
7,09177E+0	7,92530E-11
7,10277E+0	8,50000E-11
7,11376E+0	7,88370E-11
7,12476E+0	5,35850E-11
7,13575E+0	6,97600E-11
7,14675E+0	6,95280E-11
7,15774E+0	7,07620E-11
7,16874E+0	6,49760E-11
7,17973E+0	7,13750E-11
7,19073E+0	8,10700E-11
7,20172E+0	7,14120E-11
7,21272E+0	7,08770E-11
7,22371E+0	5,45980E-11
7,23471E+0	6,93640E-11
7,24570E+0	6,65150E-11
7,25670E+0	5,74010E-11
7,26769E+0	5,83160E-11
7,27869E+0	6,34970E-11
7,28968E+0	6,92430E-11
7,30068E+0	7,47020E-11
7,31168E+0	6,00650E-11
7,32267E+0	4,47760E-11
7,33366E+0	5,57240E-11
7,34466E+0	5,86180E-11
7,35565E+0	5,57970E-11
7,36665E+0	5,15350E-11
7,37764E+0	6,13370E-11
7,38864E+0	5,79580E-11
7,39963E+0	5,74900E-11
7,41063E+0	7,03980E-11
7,42162E+0	6,35180E-11
7,43262E+0	7,02340E-11
7,44361E+0	6,69240E-11
7,45461E+0	6,55270E-11
7,46560E+0	5,80000E-11
7,47660E+0	7,39290E-11
7,48759E+0	7,23710E-11
7,49859E+0	6,83430E-11
7,50958E+0	6,77470E-11
7,52058E+0	6,78650E-11
7,53157E+0	6,50490E-11
7,54257E+0	7,99030E-11
7,55356E+0	7,43770E-11
7,56456E+0	7,77030E-11
7,57555E+0	7,58750E-11
7,58655E+0	6,78310E-11
7,59754E+0	7,33680E-11
7,60854E+0	8,68920E-11
7,61953E+0	7,97690E-11
7,63053E+0	7,99740E-11
7,64152E+0	8,42810E-11
7,65252E+0	7,96530E-11
7,66351E+0	7,97240E-11
7,67451E+0	6,31500E-11
7,68551E+0	7,38540E-11
7,69650E+0	7,91030E-11
7,70749E+0	8,35120E-11
7,71849E+0	8,80910E-11
7,72948E+0	7,15570E-11
7,74048E+0	6,58890E-11
7,75147E+0	7,58260E-11
7,76247E+0	7,69200E-11
7,77346E+0	7,61650E-11
7,78446E+0	7,21230E-11
7,79545E+0	7,36310E-11
7,80645E+0	8,31970E-11
7,81745E+0	7,56060E-11
7,82844E+0	7,66930E-11
7,83943E+0	7,57350E-11
7,85043E+0	8,09690E-11
7,86142E+0	8,83910E-11
7,87242E+0	7,99580E-11
7,88341E+0	9,14240E-11
7,89441E+0	7,67160E-11
7,90541E+0	9,01210E-11
7,91640E+0	8,21610E-11
7,92739E+0	7,87270E-11
7,93839E+0	7,56220E-11
7,94938E+0	7,13280E-11
7,96038E+0	8,17590E-11
7,97137E+0	6,83290E-11
7,98237E+0	7,07300E-11
7,99336E+0	9,70540E-11
8,00436E+0	8,42720E-11
8,01535E+0	8,67710E-11
8,02635E+0	8,92150E-11
8,03734E+0	8,98600E-11
8,04834E+0	7,35790E-11
8,05933E+0	8,80270E-11
8,07033E+0	9,00440E-11
8,08132E+0	6,88150E-11
8,09232E+0	6,73820E-11
8,10332E+0	7,53120E-11
8,11431E+0	8,63200E-11
8,12530E+0	8,13850E-11
8,13630E+0	7,93560E-11
8,14729E+0	8,52930E-11
8,15829E+0	9,09650E-11
8,16928E+0	7,66720E-11
8,18028E+0	7,91600E-11
8,19127E+0	8,57520E-11
8,20227E+0	9,26140E-11
8,21326E+0	9,93460E-11
8,22426E+0	9,76820E-11
8,23526E+0	1,03758E-10
8,24625E+0	1,06103E-10
8,25724E+0	1,05858E-10
8,26824E+0	8,69160E-11
8,27923E+0	1,01803E-10
8,29023E+0	1,11791E-10
8,30122E+0	1,09391E-10
8,31222E+0	1,03271E-10
8,32321E+0	9,62350E-11
8,33421E+0	1,12836E-10
8,34520E+0	9,98680E-11
8,35620E+0	1,08543E-10
8,36720E+0	1,16833E-10
8,37819E+0	1,18641E-10
8,38918E+0	1,11392E-10
8,40018E+0	1,10673E-10
8,41118E+0	1,10279E-10
8,42217E+0	1,01190E-10
8,43316E+0	1,07700E-10
8,44416E+0	1,24594E-10
8,45515E+0	1,26089E-10
8,46615E+0	1,20929E-10
8,47715E+0	1,27224E-10
8,48814E+0	1,28699E-10
8,49913E+0	1,32950E-10
8,51013E+0	1,19753E-10
8,52112E+0	1,49795E-10
8,53212E+0	1,11338E-10
8,54311E+0	1,30457E-10
8,55411E+0	1,36297E-10
8,56510E+0	1,24786E-10
8,57610E+0	1,48988E-10
8,58709E+0	1,35939E-10
8,59809E+0	1,42176E-10
8,60909E+0	1,27552E-10
8,62008E+0	1,35253E-10
8,63107E+0	1,73846E-10
8,64207E+0	1,35843E-10
8,65306E+0	1,54999E-10
8,66406E+0	1,62378E-10
8,67505E+0	1,46462E-10
8,68605E+0	1,44604E-10
8,69704E+0	1,54177E-10
8,70804E+0	1,46799E-10
8,71903E+0	1,48635E-10
8,73003E+0	1,55473E-10
8,74102E+0	1,46401E-10
8,75202E+0	1,65836E-10
8,76301E+0	1,71362E-10
8,77401E+0	1,55522E-10
8,78500E+0	1,59183E-10
8,79600E+0	1,57840E-10
8,80699E+0	1,41445E-10
8,81799E+0	1,48626E-10
8,82898E+0	1,49965E-10
8,83998E+0	1,38085E-10
8,85098E+0	1,34757E-10
8,86197E+0	1,46167E-10
8,87296E+0	1,45013E-10
8,88396E+0	1,28429E-10
8,89495E+0	1,39091E-10
8,90595E+0	1,44915E-10
8,91694E+0	1,34659E-10
8,92794E+0	1,50275E-10
8,93894E+0	1,35493E-10
8,94993E+0	1,37274E-10
8,96092E+0	1,32535E-10
8,97192E+0	1,39184E-10
8,98291E+0	1,40452E-10
8,99391E+0	1,36967E-10
9,00490E+0	1,31979E-10
9,01590E+0	1,30774E-10
9,02689E+0	1,46541E-10
9,03789E+0	1,33634E-10
9,04889E+0	1,28715E-10
9,05988E+0	1,36089E-10
9,07087E+0	1,21600E-10
9,08187E+0	1,43565E-10
9,09286E+0	1,20356E-10
9,10386E+0	1,52500E-10
9,11485E+0	1,55106E-10
9,12585E+0	1,55410E-10
9,13684E+0	1,21189E-10
9,14784E+0	1,41692E-10
9,15883E+0	1,41592E-10
9,16983E+0	1,38248E-10
9,18082E+0	1,39439E-10
9,19182E+0	1,31953E-10
9,20281E+0	1,46204E-10
9,21381E+0	1,39129E-10
9,22480E+0	1,51634E-10
9,23580E+0	1,51000E-10
9,24679E+0	1,34634E-10
9,25779E+0	1,41276E-10
9,26878E+0	1,35422E-10
9,27978E+0	1,49947E-10
9,29077E+0	1,54868E-10
9,30177E+0	1,50005E-10
9,31277E+0	1,37369E-10
9,32376E+0	1,45049E-10
9,33475E+0	1,27810E-10
9,34575E+0	1,54136E-10
9,35674E+0	1,46189E-10
9,36774E+0	1,53585E-10
9,37873E+0	1,37088E-10
9,38973E+0	1,45938E-10
9,40072E+0	1,33488E-10
9,41172E+0	1,45959E-10
9,42272E+0	1,47962E-10
9,43371E+0	1,46365E-10
9,44470E+0	1,48150E-10
9,45570E+0	1,45413E-10
9,46669E+0	1,35888E-10
9,47769E+0	1,52206E-10
9,48869E+0	1,68951E-10
9,49968E+0	1,51002E-10
9,51067E+0	1,36507E-10
9,52167E+0	1,48779E-10
9,53266E+0	1,49171E-10
9,54366E+0	1,56384E-10
9,55465E+0	1,38060E-10
9,56565E+0	1,38123E-10
9,57665E+0	1,50818E-10
9,58764E+0	1,24010E-10
9,59863E+0	1,44067E-10
9,60963E+0	1,51642E-10
9,62062E+0	1,18414E-10
9,62210E+0	1,52693E-10
9,63076E+0	1,43202E-10
9,63942E+0	1,52520E-10
9,64808E+0	1,69864E-10
9,65674E+0	1,63498E-10
9,66540E+0	1,81115E-10
9,67406E+0	1,55774E-10
9,68272E+0	1,49362E-10
9,69138E+0	1,62943E-10
9,70004E+0	1,45916E-10
9,70870E+0	1,44327E-10
9,71737E+0	1,48856E-10
9,72603E+0	1,55808E-10
9,73469E+0	1,60029E-10
9,74335E+0	1,52203E-10
9,75201E+0	1,71606E-10
9,76067E+0	1,51061E-10
9,76933E+0	1,57100E-10
9,77799E+0	1,48629E-10
9,78665E+0	1,61230E-10
9,79531E+0	1,64875E-10
9,80397E+0	1,41631E-10
9,81263E+0	1,79804E-10
9,82130E+0	1,56488E-10
9,82996E+0	1,81146E-10
9,83862E+0	1,65627E-10
9,84728E+0	1,48574E-10
9,85594E+0	1,58834E-10
9,86460E+0	1,72024E-10
9,87326E+0	1,68665E-10
9,88192E+0	1,69364E-10
9,89058E+0	1,72123E-10
9,89924E+0	1,71511E-10
9,90790E+0	1,85091E-10
9,91656E+0	1,67400E-10
9,92522E+0	1,58298E-10
9,93389E+0	1,65046E-10
9,94255E+0	1,50438E-10
9,95121E+0	1,63121E-10
9,95987E+0	1,79133E-10
9,96853E+0	1,83171E-10
9,97719E+0	1,73537E-10
9,98585E+0	1,60662E-10
9,99451E+0	1,58698E-10
1,00032E+1	1,68439E-10
1,00118E+1	1,54616E-10
1,00205E+1	1,71925E-10
1,00292E+1	1,84985E-10
1,00378E+1	1,80970E-10
1,00465E+1	1,78819E-10
1,00551E+1	1,80204E-10
1,00638E+1	1,78923E-10
1,00725E+1	1,77412E-10
1,00811E+1	1,65860E-10
1,00898E+1	1,66114E-10
1,00984E+1	1,78033E-10
1,01071E+1	1,65940E-10
1,01158E+1	1,74079E-10
1,01244E+1	1,68919E-10
1,01331E+1	1,93096E-10
1,01417E+1	2,09556E-10
1,01504E+1	1,92189E-10
1,01591E+1	1,87170E-10
1,01677E+1	1,71274E-10
1,01764E+1	1,79483E-10
1,01850E+1	1,82135E-10
1,01937E+1	1,87955E-10
1,02024E+1	1,86002E-10
1,02110E+1	1,99507E-10
1,02197E+1	1,90212E-10
1,02284E+1	1,99727E-10
1,02370E+1	1,99113E-10
1,02457E+1	1,99811E-10
1,02543E+1	1,96160E-10
1,02630E+1	2,05216E-10
1,02717E+1	1,91151E-10
1,02803E+1	2,02956E-10
1,02890E+1	1,93928E-10
1,02976E+1	1,97141E-10
1,03063E+1	1,82574E-10
1,03150E+1	1,97993E-10
1,03236E+1	2,06802E-10
1,03323E+1	1,73887E-10
1,03409E+1	1,88644E-10
1,03496E+1	2,05883E-10
1,03583E+1	2,03029E-10
1,03669E+1	2,12780E-10
1,03756E+1	2,08060E-10
1,03842E+1	2,12800E-10
1,03929E+1	2,04900E-10
1,04016E+1	2,04278E-10
1,04102E+1	2,78020E-10
1,04189E+1	2,09910E-10
1,04276E+1	1,93805E-10
1,04362E+1	1,80850E-10
1,04449E+1	2,44660E-10
1,04535E+1	2,39000E-10
1,04622E+1	2,03656E-10
1,04709E+1	2,09553E-10
1,04795E+1	1,67750E-10
1,04882E+1	2,64910E-10
1,04968E+1	2,02200E-10
1,05055E+1	2,05142E-10
1,05142E+1	2,00699E-10
1,05228E+1	1,99031E-10
1,05315E+1	2,09700E-10
1,05401E+1	2,25600E-10
1,05488E+1	2,40680E-10
1,05575E+1	2,59040E-10
1,05661E+1	2,36980E-10
1,05748E+1	2,26560E-10
1,05834E+1	2,10580E-10
1,05921E+1	1,94878E-10
1,06008E+1	2,28120E-10
1,06094E+1	2,03360E-10
1,06181E+1	2,26470E-10
1,06267E+1	1,99482E-10
1,06354E+1	2,18210E-10
1,06441E+1	2,08750E-10
1,06527E+1	2,13380E-10
1,06614E+1	2,21590E-10
1,06701E+1	2,17460E-10
1,06787E+1	2,60410E-10
1,06874E+1	2,96350E-10
1,06960E+1	2,74750E-10
1,07047E+1	2,05720E-10
1,07134E+1	2,06900E-10
1,07220E+1	1,89080E-10
1,07307E+1	2,01710E-10
1,07393E+1	3,47310E-10
1,07480E+1	3,03290E-10
1,07567E+1	2,21050E-10
1,07653E+1	3,09390E-10
1,07740E+1	2,25710E-10
1,07826E+1	2,32320E-10
1,07913E+1	2,42300E-10
1,08000E+1	2,92900E-10
1,08086E+1	2,02240E-10
1,08173E+1	2,40400E-10
1,08259E+1	2,09270E-10
1,08346E+1	2,10310E-10
1,08433E+1	2,34830E-10
1,08519E+1	3,06440E-10
1,08606E+1	2,94890E-10
1,08693E+1	2,20330E-10
1,08779E+1	2,06080E-10
1,08866E+1	2,95130E-10
1,08952E+1	2,23080E-10
1,09039E+1	2,13970E-10
1,09126E+1	2,45990E-10
1,09212E+1	3,32780E-10
1,09299E+1	2,52560E-10
1,09385E+1	2,47660E-10
1,09472E+1	2,17100E-10
1,09559E+1	2,39310E-10
1,09645E+1	2,94350E-10
1,09732E+1	2,31410E-10
1,09818E+1	2,21680E-10
1,09905E+1	2,28160E-10
1,09992E+1	2,54320E-10
1,10078E+1	2,93940E-10
1,10165E+1	2,51370E-10
1,10251E+1	2,68360E-10
1,10338E+1	2,93160E-10
1,10425E+1	2,70070E-10
1,10511E+1	3,50760E-10
1,10598E+1	2,17020E-10
1,10684E+1	2,59630E-10
1,10771E+1	3,06130E-10
1,10858E+1	2,68670E-10
1,10944E+1	2,62990E-10
1,11031E+1	2,67720E-10
1,11118E+1	2,74370E-10
1,11204E+1	2,80620E-10
1,11291E+1	3,25010E-10
1,11377E+1	2,63400E-10
1,11464E+1	2,61510E-10
1,11551E+1	2,54610E-10
1,11637E+1	2,62370E-10
1,11724E+1	2,53060E-10
1,11810E+1	3,12050E-10
1,11897E+1	2,47700E-10
1,11984E+1	2,88580E-10
1,12070E+1	2,36380E-10
1,12157E+1	2,29410E-10
1,12243E+1	3,24920E-10
1,12330E+1	2,60930E-10
1,12417E+1	3,10830E-10
1,12503E+1	2,67470E-10
1,12590E+1	3,89850E-10
1,12676E+1	2,50150E-10
1,12763E+1	3,50470E-10
1,12850E+1	3,51340E-10
1,12936E+1	3,28720E-10
1,13023E+1	3,50120E-10
1,13110E+1	3,26500E-10
1,13196E+1	2,96240E-10
1,13283E+1	3,42090E-10
1,13369E+1	3,45520E-10
1,13456E+1	2,99540E-10
1,13543E+1	3,28400E-10
1,13629E+1	3,03540E-10
1,13716E+1	3,37540E-10
1,13802E+1	3,13810E-10
1,13889E+1	3,08830E-10
1,13976E+1	3,96230E-10
1,14062E+1	2,38140E-10
1,14149E+1	3,54790E-10
1,14235E+1	3,29990E-10
1,14322E+1	3,31360E-10
1,14409E+1	3,12090E-10
1,14495E+1	4,15870E-10
1,14582E+1	2,92790E-10
1,14668E+1	3,63480E-10
1,14755E+1	3,29000E-10
1,14842E+1	3,06510E-10
1,14928E+1	3,65610E-10
1,15015E+1	3,83440E-10
1,15101E+1	3,31470E-10
1,15188E+1	3,93640E-10
1,15275E+1	2,98190E-10
1,15361E+1	4,72170E-10
1,15448E+1	3,31640E-10
1,15535E+1	4,10050E-10
1,15621E+1	3,79460E-10
1,15708E+1	4,45300E-10
1,15794E+1	3,40130E-10
1,15881E+1	3,14230E-10
1,15968E+1	2,92120E-10
1,16054E+1	4,15440E-10
1,16141E+1	3,15530E-10
1,16227E+1	3,40190E-10
1,16314E+1	3,41470E-10
1,16401E+1	3,17060E-10
1,16487E+1	4,37210E-10
1,16574E+1	4,19260E-10
1,16660E+1	4,27860E-10
1,16747E+1	3,22380E-10
1,16834E+1	3,86620E-10
1,16920E+1	3,79580E-10
1,17007E+1	4,27140E-10
1,17093E+1	3,73920E-10
1,17180E+1	4,43710E-10
1,17267E+1	3,40480E-10
1,17353E+1	3,60230E-10
1,17440E+1	3,81770E-10
1,17527E+1	4,77410E-10
1,17613E+1	4,67530E-10
1,17700E+1	3,97710E-10
1,17786E+1	4,36900E-10
1,17873E+1	4,53360E-10
1,17960E+1	3,81960E-10
1,18046E+1	4,49180E-10
1,18133E+1	5,03060E-10
1,18219E+1	4,08500E-10
1,18306E+1	3,84670E-10
1,18393E+1	4,70120E-10
1,18479E+1	4,06270E-10
1,18566E+1	4,66520E-10
1,18652E+1	4,97230E-10
1,18739E+1	5,60660E-10
1,18826E+1	4,74280E-10
1,18912E+1	3,88350E-10
1,18999E+1	4,91670E-10
1,19085E+1	4,77330E-10
1,19172E+1	4,31080E-10
1,19259E+1	4,92930E-10
1,19345E+1	5,24030E-10
1,19432E+1	6,13200E-10
1,19519E+1	5,58040E-10
1,19605E+1	4,99700E-10
1,19692E+1	4,53830E-10
1,19778E+1	3,69350E-10
1,19865E+1	4,97510E-10
1,19952E+1	5,58750E-10
1,20038E+1	5,44870E-10
1,20125E+1	4,87790E-10
1,20211E+1	5,19670E-10
1,20298E+1	5,34000E-10
1,20385E+1	5,65200E-10
1,20471E+1	5,26530E-10
1,20558E+1	5,75470E-10
1,20644E+1	4,63200E-10
1,20731E+1	5,96950E-10
1,20818E+1	5,43760E-10
1,20904E+1	6,48560E-10
1,20991E+1	5,44690E-10
1,21077E+1	5,93330E-10
1,21164E+1	6,18870E-10
1,21251E+1	5,70450E-10
1,21337E+1	5,54310E-10
1,21424E+1	6,52790E-10
1,21510E+1	6,91880E-10
1,21597E+1	6,16090E-10
1,21684E+1	5,66030E-10
1,21770E+1	6,18560E-10
1,21857E+1	5,89410E-10
1,21944E+1	5,64630E-10
1,22030E+1	6,32530E-10
1,22117E+1	5,96320E-10
1,22203E+1	6,88310E-10
1,22290E+1	6,98750E-10
1,22377E+1	7,44830E-10
1,22463E+1	8,63060E-10
1,22550E+1	7,96220E-10
1,22636E+1	6,35070E-10
1,22723E+1	7,16520E-10
1,22810E+1	9,00230E-10
1,22896E+1	7,31210E-10
1,22983E+1	7,79870E-10
1,23069E+1	6,97330E-10
1,23156E+1	9,07650E-10
1,23243E+1	6,62540E-10
1,23329E+1	7,68490E-10
1,23416E+1	7,55320E-10
1,23502E+1	8,30730E-10
1,23589E+1	7,78960E-10
1,23676E+1	8,69680E-10
1,23762E+1	8,13350E-10
1,23849E+1	7,78910E-10
1,23936E+1	7,68950E-10
1,24022E+1	9,17610E-10
1,24109E+1	8,87610E-10
1,24195E+1	8,74030E-10
1,24282E+1	9,02420E-10
1,24369E+1	8,21020E-10
1,24455E+1	8,25690E-10
1,24542E+1	7,41030E-10
1,24628E+1	7,62360E-10
1,24715E+1	8,09610E-10
1,24802E+1	9,39850E-10
1,24888E+1	8,24360E-10
1,24975E+1	8,39250E-10
1,25061E+1	8,10860E-10
1,25148E+1	8,70150E-10
1,25235E+1	8,18220E-10
1,25321E+1	8,04590E-10
1,25408E+1	8,84440E-10
1,25494E+1	7,71360E-10
1,25581E+1	8,15190E-10
1,25668E+1	8,30820E-10
1,25754E+1	9,14510E-10
1,25841E+1	9,38990E-10
1,25927E+1	9,03010E-10
1,26014E+1	8,08450E-10
1,26101E+1	9,44440E-10
1,26187E+1	8,26380E-10
1,26274E+1	9,28960E-10
1,26361E+1	8,66460E-10
1,26447E+1	9,74420E-10
1,26534E+1	9,27320E-10
1,26620E+1	1,04218E-9
1,26707E+1	1,00822E-9
1,26794E+1	8,98270E-10
1,26880E+1	1,09276E-9
1,26967E+1	9,91130E-10
1,27053E+1	9,99360E-10
1,27140E+1	9,36930E-10
1,27227E+1	8,77520E-10
1,27313E+1	1,00632E-9
1,27400E+1	1,05528E-9
1,27486E+1	1,12815E-9
1,27573E+1	9,40200E-10
1,27660E+1	1,07701E-9
1,27746E+1	1,06798E-9
1,27833E+1	1,10592E-9
1,27919E+1	1,10752E-9
1,28006E+1	1,05915E-9
1,28093E+1	1,15794E-9
1,28179E+1	1,03962E-9
1,28266E+1	1,04757E-9
1,28353E+1	9,40170E-10
1,28439E+1	9,81400E-10
1,28526E+1	1,12848E-9
1,28612E+1	1,04428E-9
1,28699E+1	1,04602E-9
1,28786E+1	1,11805E-9
1,28872E+1	1,17254E-9
1,28959E+1	1,10188E-9
1,29045E+1	1,30218E-9
1,29132E+1	1,12315E-9
1,29219E+1	1,28404E-9
1,29305E+1	1,11723E-9
1,29392E+1	1,19135E-9
1,29478E+1	1,16819E-9
1,29565E+1	1,26535E-9
1,29652E+1	1,10617E-9
1,29738E+1	1,17314E-9
1,29825E+1	1,23180E-9
1,29911E+1	1,17674E-9
1,29998E+1	1,32071E-9
1,30085E+1	1,22470E-9
1,30171E+1	1,25169E-9
1,30258E+1	1,47537E-9
1,30344E+1	1,28705E-9
1,30431E+1	1,27687E-9
1,30518E+1	1,30792E-9
1,30604E+1	1,39488E-9
1,30691E+1	1,40383E-9
1,30778E+1	1,28267E-9
1,30864E+1	1,36490E-9
1,30951E+1	1,49632E-9
1,31037E+1	1,61214E-9
1,31124E+1	1,35395E-9
1,31211E+1	1,36803E-9
1,31297E+1	1,61068E-9
1,31384E+1	1,60494E-9
1,31470E+1	1,50957E-9
1,31557E+1	1,51234E-9
1,31644E+1	1,80988E-9
1,31730E+1	1,52740E-9
1,31817E+1	1,87716E-9
1,31903E+1	1,66800E-9
1,31990E+1	1,73862E-9
1,32077E+1	1,63124E-9
1,32163E+1	1,75324E-9
1,32250E+1	2,12200E-9
1,32336E+1	1,88470E-9
1,32423E+1	1,96852E-9
1,32510E+1	1,99668E-9
1,32596E+1	2,31910E-9
1,32683E+1	2,17780E-9
1,32770E+1	2,50570E-9
1,32856E+1	2,50160E-9
1,32943E+1	2,70280E-9
1,33029E+1	2,62400E-9
1,33116E+1	2,59410E-9
1,33203E+1	2,72530E-9
1,33289E+1	2,87340E-9
1,33376E+1	2,95320E-9
1,33462E+1	2,99290E-9
1,33549E+1	3,05150E-9
1,33636E+1	3,37590E-9
1,33722E+1	2,99390E-9
1,33809E+1	3,14040E-9
1,33895E+1	3,39150E-9
1,33982E+1	3,23250E-9
1,34069E+1	3,37430E-9
1,34155E+1	3,41930E-9
1,34242E+1	3,44880E-9
1,34328E+1	3,33510E-9
1,34415E+1	3,44870E-9
1,34502E+1	3,89310E-9
1,34588E+1	3,51790E-9
1,34675E+1	3,47150E-9
1,34761E+1	3,25230E-9
1,34848E+1	3,52830E-9
1,34935E+1	3,14020E-9
1,35021E+1	3,28600E-9
1,35108E+1	2,95230E-9
1,35195E+1	3,08910E-9
1,35281E+1	2,70550E-9
1,35368E+1	2,84850E-9
1,35454E+1	2,72460E-9
1,35541E+1	2,77800E-9
1,35628E+1	2,97590E-9
1,35714E+1	2,83790E-9
1,35801E+1	2,54690E-9
1,35887E+1	2,66640E-9
1,35974E+1	2,60530E-9
1,36061E+1	2,47650E-9
1,36147E+1	2,56700E-9
1,36234E+1	2,30470E-9
1,36320E+1	2,43270E-9
1,36407E+1	2,46630E-9
1,36494E+1	2,33290E-9
1,36580E+1	2,26170E-9
1,36667E+1	2,37550E-9
1,36753E+1	2,37480E-9
1,36840E+1	2,28710E-9
1,36927E+1	2,51300E-9
1,37013E+1	2,18810E-9
1,37100E+1	2,46980E-9
1,37187E+1	2,47320E-9
1,37273E+1	2,20450E-9
1,37360E+1	2,15090E-9
1,37446E+1	2,09150E-9
1,37533E+1	2,07680E-9
1,37620E+1	2,15490E-9
1,37706E+1	2,38340E-9
1,37793E+1	2,25930E-9
1,37879E+1	2,26090E-9
1,37966E+1	2,28090E-9
1,38053E+1	2,14130E-9
1,38139E+1	2,10190E-9
1,38226E+1	2,10150E-9
1,38312E+1	2,14650E-9
1,38399E+1	2,07780E-9
1,38486E+1	2,00850E-9
1,38572E+1	2,07950E-9
1,38659E+1	2,01070E-9
1,38745E+1	2,17410E-9
1,38832E+1	2,04840E-9
1,38919E+1	2,12140E-9
1,39005E+1	2,04020E-9
1,39092E+1	1,86720E-9
1,39179E+1	2,25930E-9
1,39265E+1	2,18000E-9
1,39352E+1	2,00620E-9
1,39438E+1	2,03180E-9
1,39525E+1	2,18750E-9
1,39612E+1	2,00800E-9
1,39698E+1	2,14130E-9
1,39785E+1	2,09920E-9
1,39871E+1	2,08980E-9
1,39958E+1	2,10190E-9
1,40045E+1	2,24170E-9
1,40131E+1	2,25110E-9
1,40218E+1	2,25440E-9
1,40304E+1	2,53310E-9
1,40391E+1	2,70990E-9
1,40478E+1	2,75240E-9
1,40564E+1	2,91270E-9
1,40651E+1	2,71700E-9
1,40737E+1	2,84800E-9
1,40824E+1	3,23890E-9
1,40911E+1	2,97480E-9
1,40997E+1	3,39950E-9
1,41084E+1	3,59830E-9
1,41170E+1	3,45640E-9
1,41257E+1	3,83100E-9
1,41344E+1	4,09410E-9
1,41430E+1	4,16480E-9
1,41517E+1	4,03160E-9
1,41604E+1	4,20400E-9
1,41690E+1	4,26280E-9
1,41777E+1	4,41600E-9
1,41863E+1	4,20040E-9
1,41950E+1	4,42120E-9
1,42037E+1	4,10000E-9
1,42123E+1	4,47170E-9
1,42210E+1	4,40500E-9
1,42296E+1	4,10620E-9
1,42383E+1	3,93090E-9
1,42470E+1	3,89670E-9
1,42556E+1	3,98940E-9
1,42643E+1	3,89880E-9
1,42729E+1	3,88560E-9
1,42816E+1	3,41470E-9
1,42903E+1	3,39950E-9
1,42989E+1	3,35120E-9
1,43076E+1	2,89980E-9
1,43162E+1	2,91320E-9
1,43249E+1	2,94350E-9
1,43336E+1	2,84570E-9
1,43422E+1	2,64240E-9
1,43509E+1	2,39580E-9
1,43596E+1	2,45720E-9
1,43682E+1	2,54110E-9
1,43769E+1	2,67830E-9
1,43855E+1	2,60920E-9
1,43942E+1	2,02310E-9
1,44029E+1	2,23810E-9
1,44115E+1	2,27180E-9
1,44202E+1	2,24840E-9
1,44288E+1	2,20360E-9
1,44375E+1	2,35890E-9
1,44462E+1	2,24870E-9
1,44548E+1	2,46710E-9
1,44635E+1	2,09200E-9
1,44721E+1	2,20900E-9
1,44808E+1	2,02050E-9
1,44895E+1	2,03070E-9
1,44981E+1	2,05120E-9
1,45068E+1	2,07930E-9
1,45154E+1	1,84670E-9
1,45241E+1	1,80861E-9
1,45328E+1	1,97100E-9
1,45414E+1	1,72945E-9
1,45501E+1	1,63054E-9
1,45587E+1	1,65587E-9
1,45674E+1	1,70309E-9
1,45761E+1	1,31329E-9
1,45847E+1	1,53559E-9
1,45934E+1	1,43705E-9
1,46021E+1	1,40758E-9
1,46107E+1	1,35145E-9
1,46194E+1	1,21988E-9
1,46280E+1	1,04680E-9
1,46367E+1	1,07949E-9
1,46454E+1	9,89560E-10
1,46540E+1	1,00423E-9
1,46627E+1	7,71600E-10
1,46713E+1	6,91630E-10
1,46800E+1	8,01760E-10
1,46887E+1	5,62490E-10
1,46973E+1	6,71570E-10
1,47060E+1	6,05320E-10
1,47146E+1	4,62990E-10
1,47233E+1	4,54280E-10
1,47320E+1	4,06960E-10
1,47406E+1	3,74990E-10
1,47493E+1	3,10940E-10
1,47579E+1	2,49140E-10
1,47666E+1	2,26210E-10
1,47753E+1	2,77830E-10
1,47839E+1	2,10580E-10
1,47926E+1	1,37014E-10
1,48013E+1	1,42938E-10
1,48099E+1	1,26549E-10
1,48186E+1	1,03422E-10
1,48272E+1	8,85710E-11
1,48359E+1	7,58200E-11
1,48446E+1	5,86260E-11
1,48532E+1	4,78260E-11
1,48619E+1	4,18470E-11
1,48705E+1	4,04800E-11
1,48792E+1	3,43910E-11
1,48879E+1	2,95670E-11
1,48965E+1	2,80310E-11
1,49052E+1	2,54130E-11
1,49138E+1	1,38134E-11
1,49225E+1	1,38180E-11
1,49312E+1	8,22400E-12
1,49398E+1	1,30469E-11
1,49485E+1	8,25870E-12
1,49571E+1	7,52270E-12
1,49658E+1	5,48870E-12
1,49745E+1	5,46710E-12
1,49831E+1	2,80140E-12
