E, keV	I, A
3,00163E+0	2,92160E-12
3,01263E+0	2,29920E-12
3,02363E+0	3,53070E-12
3,03462E+0	3,68290E-12
3,04561E+0	2,95020E-12
3,05661E+0	1,33670E-12
3,06760E+0	1,88610E-12
3,07860E+0	5,23100E-12
3,08959E+0	2,10370E-12
3,10059E+0	6,77800E-13
3,11158E+0	2,89640E-12
3,12258E+0	2,46610E-12
3,13357E+0	3,47530E-12
3,14457E+0	1,77650E-12
3,15556E+0	1,28660E-12
3,16656E+0	2,97180E-12
3,17755E+0	3,38740E-12
3,18855E+0	2,54590E-12
3,19955E+0	1,00690E-12
3,21054E+0	2,51150E-12
3,22153E+0	3,36480E-12
3,23253E+0	1,44200E-12
3,24352E+0	2,60770E-12
3,25452E+0	3,40610E-12
3,26552E+0	2,40860E-12
3,27651E+0	3,61520E-12
3,28750E+0	2,54010E-12
3,29850E+0	9,56400E-13
3,30949E+0	1,57630E-12
3,32049E+0	4,39580E-12
3,33148E+0	4,02380E-12
3,34248E+0	2,81300E-13
3,35347E+0	2,69070E-12
3,36447E+0	6,24200E-12
3,37546E+0	5,31010E-12
3,38646E+0	6,98060E-12
3,39745E+0	5,06750E-12
3,40845E+0	4,56070E-12
3,41944E+0	4,78630E-12
3,43044E+0	2,18850E-12
3,44143E+0	7,70620E-12
3,45243E+0	8,34260E-12
3,46342E+0	9,66660E-12
3,47442E+0	5,17550E-12
3,48541E+0	3,29650E-12
3,49641E+0	4,39630E-12
3,50740E+0	3,08390E-12
3,51840E+0	3,42400E-12
3,52939E+0	8,49340E-12
3,54039E+0	9,42730E-12
3,55138E+0	6,48420E-12
3,56238E+0	1,03971E-11
3,57337E+0	7,38470E-12
3,58437E+0	5,19930E-12
3,59536E+0	1,03876E-11
3,60636E+0	1,22832E-11
3,61735E+0	6,30430E-12
3,62835E+0	1,16168E-11
3,63934E+0	8,07750E-12
3,65034E+0	6,57120E-12
3,66133E+0	7,91400E-12
3,67233E+0	7,28400E-12
3,68332E+0	4,07460E-12
3,69432E+0	5,29120E-12
3,70531E+0	6,04260E-12
3,71631E+0	8,90410E-12
3,72730E+0	7,89700E-12
3,73830E+0	7,02070E-12
3,74930E+0	8,99210E-12
3,76029E+0	6,02150E-12
3,77128E+0	6,40710E-12
3,78228E+0	7,72960E-12
3,79327E+0	8,37610E-12
3,80427E+0	8,30720E-12
3,81527E+0	5,31970E-12
3,82626E+0	9,57030E-12
3,83725E+0	6,91110E-12
3,84825E+0	7,70720E-12
3,85924E+0	5,61830E-12
3,87024E+0	8,35780E-12
3,88123E+0	8,74100E-12
3,89223E+0	8,43030E-12
3,90322E+0	6,19500E-12
3,91422E+0	4,05930E-12
3,92521E+0	4,06580E-12
3,93621E+0	5,02390E-12
3,94720E+0	7,26780E-12
3,95820E+0	5,99180E-12
3,96919E+0	5,21700E-12
3,98019E+0	5,86450E-12
3,99118E+0	5,24980E-12
4,00218E+0	2,76040E-12
4,01317E+0	5,37750E-12
4,02417E+0	4,48130E-12
4,03516E+0	5,24830E-12
4,04616E+0	8,45000E-12
4,05715E+0	6,35160E-12
4,06815E+0	6,05150E-12
4,07914E+0	4,31780E-12
4,09014E+0	5,06460E-12
4,10113E+0	3,96940E-12
4,11213E+0	3,26740E-12
4,12312E+0	8,33040E-12
4,13412E+0	3,59700E-12
4,14511E+0	5,50510E-12
4,15611E+0	1,08996E-11
4,16710E+0	6,68550E-12
4,17810E+0	5,43020E-12
4,18910E+0	6,59030E-12
4,20009E+0	6,30600E-12
4,21108E+0	6,10270E-12
4,22208E+0	8,38150E-12
4,23307E+0	4,91010E-12
4,24407E+0	6,25380E-12
4,25507E+0	4,83350E-12
4,26606E+0	6,25800E-12
4,27705E+0	8,03930E-12
4,28805E+0	6,73800E-12
4,29904E+0	1,04243E-11
4,31004E+0	6,94330E-12
4,32104E+0	7,21260E-12
4,33203E+0	3,81660E-12
4,34302E+0	6,49600E-12
4,35402E+0	7,58790E-12
4,36501E+0	7,59820E-12
4,37601E+0	9,34960E-12
4,38701E+0	7,74820E-12
4,39800E+0	9,01270E-12
4,40899E+0	6,87320E-12
4,41999E+0	7,92260E-12
4,43098E+0	8,55080E-12
4,44198E+0	9,85740E-12
4,45297E+0	9,27220E-12
4,46397E+0	4,99470E-12
4,47497E+0	8,24810E-12
4,48596E+0	5,04780E-12
4,49695E+0	1,04847E-11
4,50795E+0	7,00170E-12
4,51895E+0	1,35730E-11
4,52994E+0	9,65650E-12
4,54093E+0	6,26670E-12
4,55193E+0	4,16740E-12
4,56292E+0	5,25750E-12
4,57392E+0	6,67720E-12
4,58491E+0	1,13739E-11
4,59591E+0	7,52380E-12
4,60691E+0	8,62140E-12
4,61790E+0	8,03480E-12
4,62889E+0	1,15352E-11
4,63989E+0	1,04230E-11
4,65088E+0	1,16709E-11
4,66188E+0	7,57940E-12
4,67287E+0	9,28910E-12
4,68387E+0	1,16307E-11
4,69486E+0	1,63387E-11
4,70586E+0	1,15841E-11
4,71685E+0	1,69260E-11
4,72785E+0	2,09220E-11
4,73884E+0	2,46410E-11
4,74984E+0	1,57773E-11
4,76084E+0	2,01282E-11
4,77183E+0	1,37746E-11
4,78282E+0	1,49898E-11
4,79382E+0	2,00056E-11
4,80481E+0	1,39234E-11
4,81581E+0	9,31560E-12
4,82680E+0	1,37034E-11
4,83780E+0	1,32250E-11
4,84879E+0	9,95230E-12
4,85979E+0	8,94690E-12
4,87078E+0	1,54869E-11
4,88178E+0	1,55766E-11
4,89277E+0	1,27077E-11
4,90377E+0	1,30484E-11
4,91476E+0	1,05055E-11
4,92576E+0	1,28214E-11
4,93675E+0	1,15937E-11
4,94775E+0	1,41511E-11
4,95874E+0	1,19855E-11
4,96974E+0	1,22712E-11
4,98074E+0	1,44618E-11
4,99173E+0	1,19530E-11
5,00272E+0	1,57794E-11
5,01372E+0	9,56210E-12
5,02471E+0	9,77110E-12
5,03571E+0	1,74327E-11
5,04670E+0	1,59024E-11
5,05770E+0	1,43104E-11
5,06869E+0	1,18094E-11
5,07969E+0	1,12519E-11
5,09068E+0	1,09342E-11
5,10168E+0	9,88630E-12
5,11268E+0	1,24715E-11
5,12367E+0	1,50702E-11
5,13466E+0	1,82965E-11
5,14566E+0	1,93530E-11
5,15665E+0	2,22840E-11
5,16765E+0	2,16770E-11
5,17864E+0	3,41340E-11
5,18964E+0	2,76250E-11
5,20064E+0	2,01260E-11
5,21163E+0	1,53083E-11
5,22262E+0	1,39850E-11
5,23362E+0	2,01650E-11
5,24461E+0	2,02378E-11
5,25561E+0	2,39260E-11
5,26660E+0	2,02970E-11
5,27760E+0	2,19800E-11
5,28859E+0	2,01010E-11
5,29959E+0	2,69370E-11
5,31058E+0	1,66897E-11
5,32158E+0	2,00060E-11
5,33257E+0	1,66103E-11
5,34357E+0	2,12140E-11
5,35457E+0	1,80714E-11
5,36556E+0	1,94526E-11
5,37655E+0	1,42240E-11
5,38755E+0	1,52183E-11
5,39854E+0	1,79478E-11
5,40954E+0	1,71992E-11
5,42053E+0	1,62773E-11
5,43153E+0	2,14970E-11
5,44252E+0	2,08812E-11
5,45352E+0	1,90726E-11
5,46451E+0	1,83950E-11
5,47551E+0	2,24530E-11
5,48651E+0	2,26080E-11
5,49750E+0	2,12210E-11
5,50849E+0	2,14330E-11
5,51949E+0	2,29080E-11
5,53048E+0	2,32760E-11
5,54148E+0	2,25540E-11
5,55247E+0	2,04520E-11
5,56347E+0	2,07135E-11
5,57447E+0	1,83873E-11
5,58546E+0	2,33790E-11
5,59645E+0	2,50130E-11
5,60745E+0	2,05420E-11
5,61845E+0	2,05930E-11
5,62944E+0	2,26820E-11
5,64043E+0	2,87410E-11
5,65143E+0	2,68570E-11
5,66242E+0	3,11860E-11
5,67342E+0	2,65990E-11
5,68441E+0	2,29240E-11
5,69541E+0	2,27410E-11
5,70641E+0	2,39740E-11
5,71740E+0	2,36220E-11
5,72839E+0	2,45520E-11
5,73939E+0	2,09850E-11
5,75038E+0	3,13250E-11
5,76138E+0	3,19590E-11
5,77237E+0	3,45830E-11
5,78337E+0	1,78571E-11
5,79436E+0	2,58580E-11
5,80536E+0	2,70370E-11
5,81635E+0	2,35840E-11
5,82735E+0	2,90560E-11
5,83834E+0	3,51860E-11
5,84934E+0	2,37100E-11
5,86034E+0	3,11780E-11
5,87133E+0	2,92700E-11
5,88232E+0	3,09080E-11
5,89332E+0	3,16710E-11
5,90431E+0	2,47660E-11
5,91531E+0	2,32830E-11
5,92630E+0	2,94060E-11
5,93730E+0	2,31180E-11
5,94829E+0	2,84970E-11
5,95929E+0	2,62020E-11
5,97028E+0	3,02890E-11
5,98128E+0	3,34290E-11
5,99227E+0	3,69540E-11
6,00327E+0	2,26420E-11
6,01426E+0	2,72820E-11
6,02526E+0	2,09320E-11
6,03625E+0	2,97020E-11
6,04725E+0	3,37930E-11
6,05824E+0	2,71500E-11
6,06924E+0	3,18840E-11
6,08024E+0	3,04690E-11
6,09123E+0	3,37610E-11
6,10222E+0	3,32340E-11
6,11322E+0	2,59320E-11
6,12421E+0	2,92480E-11
6,13521E+0	3,18340E-11
6,14620E+0	3,22830E-11
6,15720E+0	2,19060E-11
6,16819E+0	2,82860E-11
6,17919E+0	3,44360E-11
6,19018E+0	3,46660E-11
6,20118E+0	2,75570E-11
6,21218E+0	2,60280E-11
6,22317E+0	3,10080E-11
6,23416E+0	2,82220E-11
6,24516E+0	3,64790E-11
6,25615E+0	3,05380E-11
6,26715E+0	3,31750E-11
6,27814E+0	3,13080E-11
6,28914E+0	3,43730E-11
6,30014E+0	2,87720E-11
6,31113E+0	2,84750E-11
6,32212E+0	2,41450E-11
6,33312E+0	2,34800E-11
6,34411E+0	2,38470E-11
6,35511E+0	2,72790E-11
6,36610E+0	3,01610E-11
6,37710E+0	2,80000E-11
6,38809E+0	2,54830E-11
6,39909E+0	3,07410E-11
6,41008E+0	2,49040E-11
6,42108E+0	2,95640E-11
6,43207E+0	2,96020E-11
6,44307E+0	2,65040E-11
6,45406E+0	3,64110E-11
6,46506E+0	3,97810E-11
6,47605E+0	2,74960E-11
6,48705E+0	3,72160E-11
6,49804E+0	3,42520E-11
6,50904E+0	4,06070E-11
6,52003E+0	2,80570E-11
6,53103E+0	3,46920E-11
6,54202E+0	4,39130E-11
6,55302E+0	4,07060E-11
6,56401E+0	3,92520E-11
6,57501E+0	4,34540E-11
6,58601E+0	3,35520E-11
6,59700E+0	4,23750E-11
6,60799E+0	3,39890E-11
6,61899E+0	2,95930E-11
6,62998E+0	3,45420E-11
6,64098E+0	4,49520E-11
6,65197E+0	4,06790E-11
6,66297E+0	3,49740E-11
6,67396E+0	3,71610E-11
6,68496E+0	5,31650E-11
6,69595E+0	4,88660E-11
6,70695E+0	6,11580E-11
6,71795E+0	4,49500E-11
6,72894E+0	5,17230E-11
6,73993E+0	5,46770E-11
6,75093E+0	5,06660E-11
6,76192E+0	5,87220E-11
6,77292E+0	4,90380E-11
6,78391E+0	4,29900E-11
6,79491E+0	5,09620E-11
6,80591E+0	4,85120E-11
6,81690E+0	3,59110E-11
6,82789E+0	3,65080E-11
6,83889E+0	4,59090E-11
6,84988E+0	4,61390E-11
6,86088E+0	4,53050E-11
6,87187E+0	4,85790E-11
6,88287E+0	4,64050E-11
6,89386E+0	4,45430E-11
6,90486E+0	4,49270E-11
6,91585E+0	4,86420E-11
6,92685E+0	4,25860E-11
6,93784E+0	4,37460E-11
6,94884E+0	4,13230E-11
6,95983E+0	5,35540E-11
6,97083E+0	5,61350E-11
6,98182E+0	6,37450E-11
6,99282E+0	6,81490E-11
7,00381E+0	6,84440E-11
7,01481E+0	7,71600E-11
7,02580E+0	6,85660E-11
7,03680E+0	6,83970E-11
7,04779E+0	7,38970E-11
7,05879E+0	6,11420E-11
7,06978E+0	6,52500E-11
7,08078E+0	6,71420E-11
7,09177E+0	6,36770E-11
7,10277E+0	6,73510E-11
7,11376E+0	5,88570E-11
7,12476E+0	5,83540E-11
7,13575E+0	5,38200E-11
7,14675E+0	6,22420E-11
7,15774E+0	7,05190E-11
7,16874E+0	8,96960E-11
7,17973E+0	6,99460E-11
7,19073E+0	7,81630E-11
7,20172E+0	8,58210E-11
7,21272E+0	8,58820E-11
7,22371E+0	8,94360E-11
7,23471E+0	8,93570E-11
7,24570E+0	9,53910E-11
7,25670E+0	8,77250E-11
7,26769E+0	8,70450E-11
7,27869E+0	6,71140E-11
7,28968E+0	7,70050E-11
7,30068E+0	6,64350E-11
7,31168E+0	7,39090E-11
7,32267E+0	6,39220E-11
7,33366E+0	7,10570E-11
7,34466E+0	7,90590E-11
7,35565E+0	6,38840E-11
7,36665E+0	8,11780E-11
7,37764E+0	7,04740E-11
7,38864E+0	6,94580E-11
7,39963E+0	5,76370E-11
7,41063E+0	5,53120E-11
7,42162E+0	7,10180E-11
7,43262E+0	6,84490E-11
7,44361E+0	7,39780E-11
7,45461E+0	7,49010E-11
7,46560E+0	5,91930E-11
7,47660E+0	6,46200E-11
7,48759E+0	6,07800E-11
7,49859E+0	5,56430E-11
7,50958E+0	6,25960E-11
7,52058E+0	6,37190E-11
7,53157E+0	5,82390E-11
7,54257E+0	5,45320E-11
7,55356E+0	5,62200E-11
7,56456E+0	6,13270E-11
7,57555E+0	7,04580E-11
7,58655E+0	6,42010E-11
7,59754E+0	4,83930E-11
7,60854E+0	5,41560E-11
7,61953E+0	6,19440E-11
7,63053E+0	5,75120E-11
7,64152E+0	6,30430E-11
7,65252E+0	6,09820E-11
7,66351E+0	5,11440E-11
7,67451E+0	5,98770E-11
7,68551E+0	4,93860E-11
7,69650E+0	5,65990E-11
7,70749E+0	6,71080E-11
7,71849E+0	6,14630E-11
7,72948E+0	5,79740E-11
7,74048E+0	5,02860E-11
7,75147E+0	6,30440E-11
7,76247E+0	5,87870E-11
7,77346E+0	6,16310E-11
7,78446E+0	5,67760E-11
7,79545E+0	7,66050E-11
7,80645E+0	5,64770E-11
7,81745E+0	4,99800E-11
7,82844E+0	5,98750E-11
7,83943E+0	5,08810E-11
7,85043E+0	6,33520E-11
7,86142E+0	4,97820E-11
7,87242E+0	6,15230E-11
7,88341E+0	5,99870E-11
7,89441E+0	5,05920E-11
7,90541E+0	4,62330E-11
7,91640E+0	6,00590E-11
7,92739E+0	5,70600E-11
7,93839E+0	5,72390E-11
7,94938E+0	6,22120E-11
7,96038E+0	5,11850E-11
7,97137E+0	4,81240E-11
7,98237E+0	5,90110E-11
7,99336E+0	4,94960E-11
8,00436E+0	5,15380E-11
8,01535E+0	5,36650E-11
8,02635E+0	6,13250E-11
8,03734E+0	5,54970E-11
8,04834E+0	5,96690E-11
8,05933E+0	5,66470E-11
8,07033E+0	5,80170E-11
8,08132E+0	4,43900E-11
8,09232E+0	4,65090E-11
8,10332E+0	4,13340E-11
8,11431E+0	5,04910E-11
8,12530E+0	5,49820E-11
8,13630E+0	5,32870E-11
8,14729E+0	5,35990E-11
8,15829E+0	5,90340E-11
8,16928E+0	5,99180E-11
8,18028E+0	5,38990E-11
8,19127E+0	5,47340E-11
8,20227E+0	5,07600E-11
8,21326E+0	5,45130E-11
8,22426E+0	7,13580E-11
8,23526E+0	6,14820E-11
8,24625E+0	4,77940E-11
8,25724E+0	6,20170E-11
8,26824E+0	4,89480E-11
8,27923E+0	5,37440E-11
8,29023E+0	5,14400E-11
8,30122E+0	5,32960E-11
8,31222E+0	5,72300E-11
8,32321E+0	5,52920E-11
8,33421E+0	5,09120E-11
8,34520E+0	6,03270E-11
8,35620E+0	4,95440E-11
8,36720E+0	5,78250E-11
8,37819E+0	5,31190E-11
8,38918E+0	5,32790E-11
8,40018E+0	6,33050E-11
8,41118E+0	5,67360E-11
8,42217E+0	7,64360E-11
8,43316E+0	5,61190E-11
8,44416E+0	6,27170E-11
8,45515E+0	6,36910E-11
8,46615E+0	5,85770E-11
8,47715E+0	4,96410E-11
8,48814E+0	6,56520E-11
8,49913E+0	5,71340E-11
8,51013E+0	6,32560E-11
8,52112E+0	6,32510E-11
8,53212E+0	5,60750E-11
8,54311E+0	6,16240E-11
8,55411E+0	6,99070E-11
8,56510E+0	6,19770E-11
8,57610E+0	5,00590E-11
8,58709E+0	7,81810E-11
8,59809E+0	6,87100E-11
8,60909E+0	5,29390E-11
8,62008E+0	5,89220E-11
8,63107E+0	6,05800E-11
8,64207E+0	5,59710E-11
8,65306E+0	6,60730E-11
8,66406E+0	6,38030E-11
8,67505E+0	7,35410E-11
8,68605E+0	7,74230E-11
8,69704E+0	6,85600E-11
8,70804E+0	6,49360E-11
8,71903E+0	6,77180E-11
8,73003E+0	7,45360E-11
8,74102E+0	8,07710E-11
8,75202E+0	6,44440E-11
8,76301E+0	5,91350E-11
8,77401E+0	7,09480E-11
8,78500E+0	6,96880E-11
8,79600E+0	7,01010E-11
8,80699E+0	7,01430E-11
8,81799E+0	6,01660E-11
8,82898E+0	7,07270E-11
8,83998E+0	6,49390E-11
8,85098E+0	7,53100E-11
8,86197E+0	7,35310E-11
8,87296E+0	6,50050E-11
8,88396E+0	7,17460E-11
8,89495E+0	7,20630E-11
8,90595E+0	7,94650E-11
8,91694E+0	7,53860E-11
8,92794E+0	7,76500E-11
8,93894E+0	8,01900E-11
8,94993E+0	8,45740E-11
8,96092E+0	7,73730E-11
8,97192E+0	7,16000E-11
8,98291E+0	7,06150E-11
8,99391E+0	7,91340E-11
9,00490E+0	6,44010E-11
9,01590E+0	8,67630E-11
9,02689E+0	6,29200E-11
9,03789E+0	7,40000E-11
9,04889E+0	7,76460E-11
9,05988E+0	8,24350E-11
9,07087E+0	7,35970E-11
9,08187E+0	7,03040E-11
9,09286E+0	8,39930E-11
9,10386E+0	8,37100E-11
9,11485E+0	8,03270E-11
9,12585E+0	8,59350E-11
9,13684E+0	9,52200E-11
9,14784E+0	7,47090E-11
9,15883E+0	8,69110E-11
9,16983E+0	7,92650E-11
9,18082E+0	8,31890E-11
9,19182E+0	7,58920E-11
9,20281E+0	8,21650E-11
9,21381E+0	8,58700E-11
9,22480E+0	8,68940E-11
9,23580E+0	8,75090E-11
9,24679E+0	8,55190E-11
9,25779E+0	8,21930E-11
9,26878E+0	9,32890E-11
9,27978E+0	1,00986E-10
9,29077E+0	1,06234E-10
9,30177E+0	8,59920E-11
9,31277E+0	9,63150E-11
9,32376E+0	1,01080E-10
9,33475E+0	1,14516E-10
9,34575E+0	9,74640E-11
9,35674E+0	9,93710E-11
9,36774E+0	1,10250E-10
9,37873E+0	1,04878E-10
9,38973E+0	1,17814E-10
9,40072E+0	1,08886E-10
9,41172E+0	1,15822E-10
9,42272E+0	1,40199E-10
9,43371E+0	1,25933E-10
9,44470E+0	1,47813E-10
9,45570E+0	1,40895E-10
9,46669E+0	1,52097E-10
9,47769E+0	1,63175E-10
9,48869E+0	1,62332E-10
9,49968E+0	1,66883E-10
9,51067E+0	1,69589E-10
9,52167E+0	1,57373E-10
9,53266E+0	1,75410E-10
9,54366E+0	1,90236E-10
9,55465E+0	1,78878E-10
9,56565E+0	1,95818E-10
9,57665E+0	1,98609E-10
9,58764E+0	2,20130E-10
9,59863E+0	1,86081E-10
9,60963E+0	2,06010E-10
9,62062E+0	2,20400E-10
9,62210E+0	2,03638E-10
9,63076E+0	2,12720E-10
9,63942E+0	2,24940E-10
9,64808E+0	2,42410E-10
9,65674E+0	2,38630E-10
9,66540E+0	2,27270E-10
9,67406E+0	2,06950E-10
9,68272E+0	2,48690E-10
9,69138E+0	1,93963E-10
9,70004E+0	1,98430E-10
9,70870E+0	2,01080E-10
9,71737E+0	2,01482E-10
9,72603E+0	2,01863E-10
9,73469E+0	2,41580E-10
9,74335E+0	2,09721E-10
9,75201E+0	2,00600E-10
9,76067E+0	2,20750E-10
9,76933E+0	1,77103E-10
9,77799E+0	1,78571E-10
9,78665E+0	1,69488E-10
9,79531E+0	1,56902E-10
9,80397E+0	1,71793E-10
9,81263E+0	1,78955E-10
9,82130E+0	1,78589E-10
9,82996E+0	1,65295E-10
9,83862E+0	1,60654E-10
9,84728E+0	1,47368E-10
9,85594E+0	1,50968E-10
9,86460E+0	1,79522E-10
9,87326E+0	1,70421E-10
9,88192E+0	1,58612E-10
9,89058E+0	1,70562E-10
9,89924E+0	1,58588E-10
9,90790E+0	1,57778E-10
9,91656E+0	1,50168E-10
9,92522E+0	1,61244E-10
9,93389E+0	1,61790E-10
9,94255E+0	1,61150E-10
9,95121E+0	1,45673E-10
9,95987E+0	1,44683E-10
9,96853E+0	1,49801E-10
9,97719E+0	1,61654E-10
9,98585E+0	1,50577E-10
9,99451E+0	1,52995E-10
1,00032E+1	1,63465E-10
1,00118E+1	1,50264E-10
1,00205E+1	1,52548E-10
1,00292E+1	1,54880E-10
1,00378E+1	1,55264E-10
1,00465E+1	1,50209E-10
1,00551E+1	1,54117E-10
1,00638E+1	1,50795E-10
1,00725E+1	1,57693E-10
1,00811E+1	1,61621E-10
1,00898E+1	1,65282E-10
1,00984E+1	1,73305E-10
1,01071E+1	1,62795E-10
1,01158E+1	1,50283E-10
1,01244E+1	1,35629E-10
1,01331E+1	1,59624E-10
1,01417E+1	1,38430E-10
1,01504E+1	1,47199E-10
1,01591E+1	1,70537E-10
1,01677E+1	1,53193E-10
1,01764E+1	1,77395E-10
1,01850E+1	1,70670E-10
1,01937E+1	1,67465E-10
1,02024E+1	1,55456E-10
1,02110E+1	1,65512E-10
1,02197E+1	1,61715E-10
1,02284E+1	1,53780E-10
1,02370E+1	1,41851E-10
1,02457E+1	1,64857E-10
1,02543E+1	1,61475E-10
1,02630E+1	1,59755E-10
1,02717E+1	1,69018E-10
1,02803E+1	1,71084E-10
1,02890E+1	1,58099E-10
1,02976E+1	1,67477E-10
1,03063E+1	1,70835E-10
1,03150E+1	1,70186E-10
1,03236E+1	1,83939E-10
1,03323E+1	1,51261E-10
1,03409E+1	1,43007E-10
1,03496E+1	1,62978E-10
1,03583E+1	1,66390E-10
1,03669E+1	1,74759E-10
1,03756E+1	1,70288E-10
1,03842E+1	1,68634E-10
1,03929E+1	1,60122E-10
1,04016E+1	1,58716E-10
1,04102E+1	1,57346E-10
1,04189E+1	1,97281E-10
1,04276E+1	1,94270E-10
1,04362E+1	1,87150E-10
1,04449E+1	1,91788E-10
1,04535E+1	1,87494E-10
1,04622E+1	1,98509E-10
1,04709E+1	1,80124E-10
1,04795E+1	2,05011E-10
1,04882E+1	1,72663E-10
1,04968E+1	1,97971E-10
1,05055E+1	2,09225E-10
1,05142E+1	1,83860E-10
1,05228E+1	1,69062E-10
1,05315E+1	2,08743E-10
1,05401E+1	1,95807E-10
1,05488E+1	2,03758E-10
1,05575E+1	1,82494E-10
1,05661E+1	1,91623E-10
1,05748E+1	2,08234E-10
1,05834E+1	2,20050E-10
1,05921E+1	2,05176E-10
1,06008E+1	2,06230E-10
1,06094E+1	1,84647E-10
1,06181E+1	1,80996E-10
1,06267E+1	2,07298E-10
1,06354E+1	1,90504E-10
1,06441E+1	1,99341E-10
1,06527E+1	2,00530E-10
1,06614E+1	1,12120E-10
1,06701E+1	2,02649E-10
1,06787E+1	1,77905E-10
1,06874E+1	2,00930E-10
1,06960E+1	2,01886E-10
1,07047E+1	1,99868E-10
1,07134E+1	2,02892E-10
1,07220E+1	2,04502E-10
1,07307E+1	1,95819E-10
1,07393E+1	3,00590E-10
1,07480E+1	1,97438E-10
1,07567E+1	1,91081E-10
1,07653E+1	1,94714E-10
1,07740E+1	2,01447E-10
1,07826E+1	2,05377E-10
1,07913E+1	2,21020E-10
1,08000E+1	2,34690E-10
1,08086E+1	2,02735E-10
1,08173E+1	1,94305E-10
1,08259E+1	1,99277E-10
1,08346E+1	2,38450E-10
1,08433E+1	2,10520E-10
1,08519E+1	2,06908E-10
1,08606E+1	2,19730E-10
1,08693E+1	2,50620E-10
1,08779E+1	2,44830E-10
1,08866E+1	2,12160E-10
1,08952E+1	2,07570E-10
1,09039E+1	2,21300E-10
1,09126E+1	2,26430E-10
1,09212E+1	2,00880E-10
1,09299E+1	2,70710E-10
1,09385E+1	2,44930E-10
1,09472E+1	2,13770E-10
1,09559E+1	2,24370E-10
1,09645E+1	2,31770E-10
1,09732E+1	2,00507E-10
1,09818E+1	2,28950E-10
1,09905E+1	2,19840E-10
1,09992E+1	2,50720E-10
1,10078E+1	2,29320E-10
1,10165E+1	3,20960E-10
1,10251E+1	2,17390E-10
1,10338E+1	2,55300E-10
1,10425E+1	3,15400E-10
1,10511E+1	2,48980E-10
1,10598E+1	2,12350E-10
1,10684E+1	2,30120E-10
1,10771E+1	2,66510E-10
1,10858E+1	2,01680E-10
1,10944E+1	2,36480E-10
1,11031E+1	2,36610E-10
1,11118E+1	2,34970E-10
1,11204E+1	3,09210E-10
1,11291E+1	2,99070E-10
1,11377E+1	3,00130E-10
1,11464E+1	2,98290E-10
1,11551E+1	2,06810E-10
1,11637E+1	2,47040E-10
1,11724E+1	2,47360E-10
1,11810E+1	2,56230E-10
1,11897E+1	2,33200E-10
1,11984E+1	3,06070E-10
1,12070E+1	3,18400E-10
1,12157E+1	2,63220E-10
1,12243E+1	3,18500E-10
1,12330E+1	3,14260E-10
1,12417E+1	2,99560E-10
1,12503E+1	3,77110E-10
1,12590E+1	2,19790E-10
1,12676E+1	3,28290E-10
1,12763E+1	3,14450E-10
1,12850E+1	2,13530E-10
1,12936E+1	2,34540E-10
1,13023E+1	2,30940E-10
1,13110E+1	2,96460E-10
1,13196E+1	2,99950E-10
1,13283E+1	2,83310E-10
1,13369E+1	2,78740E-10
1,13456E+1	3,34160E-10
1,13543E+1	2,45410E-10
1,13629E+1	3,15820E-10
1,13716E+1	2,71210E-10
1,13802E+1	2,68760E-10
1,13889E+1	2,50800E-10
1,13976E+1	3,59240E-10
1,14062E+1	2,68840E-10
1,14149E+1	3,19490E-10
1,14235E+1	3,35900E-10
1,14322E+1	2,80010E-10
1,14409E+1	3,15170E-10
1,14495E+1	3,16960E-10
1,14582E+1	3,44790E-10
1,14668E+1	3,39270E-10
1,14755E+1	3,31350E-10
1,14842E+1	3,54810E-10
1,14928E+1	2,56080E-10
1,15015E+1	2,31550E-10
1,15101E+1	2,72040E-10
1,15188E+1	2,92950E-10
1,15275E+1	3,68360E-10
1,15361E+1	3,49830E-10
1,15448E+1	3,20820E-10
1,15535E+1	2,73540E-10
1,15621E+1	2,96460E-10
1,15708E+1	3,60390E-10
1,15794E+1	3,57290E-10
1,15881E+1	3,35690E-10
1,15968E+1	3,23370E-10
1,16054E+1	4,17200E-10
1,16141E+1	2,62290E-10
1,16227E+1	3,27120E-10
1,16314E+1	4,45960E-10
1,16401E+1	2,78340E-10
1,16487E+1	3,85200E-10
1,16574E+1	3,50360E-10
1,16660E+1	3,69260E-10
1,16747E+1	4,20410E-10
1,16834E+1	3,80820E-10
1,16920E+1	3,09690E-10
1,17007E+1	3,80380E-10
1,17093E+1	3,02040E-10
1,17180E+1	4,57800E-10
1,17267E+1	4,22470E-10
1,17353E+1	4,60440E-10
1,17440E+1	4,56490E-10
1,17527E+1	2,78200E-10
1,17613E+1	3,82520E-10
1,17700E+1	4,37750E-10
1,17786E+1	3,60870E-10
1,17873E+1	4,40380E-10
1,17960E+1	3,75210E-10
1,18046E+1	4,38200E-10
1,18133E+1	4,08340E-10
1,18219E+1	4,16830E-10
1,18306E+1	4,26880E-10
1,18393E+1	4,06210E-10
1,18479E+1	3,61290E-10
1,18566E+1	3,97290E-10
1,18652E+1	4,82610E-10
1,18739E+1	3,63760E-10
1,18826E+1	3,83450E-10
1,18912E+1	3,85730E-10
1,18999E+1	4,10420E-10
1,19085E+1	4,80390E-10
1,19172E+1	4,38460E-10
1,19259E+1	4,31140E-10
1,19345E+1	4,45330E-10
1,19432E+1	5,35460E-10
1,19519E+1	4,36560E-10
1,19605E+1	4,52680E-10
1,19692E+1	3,54150E-10
1,19778E+1	4,23520E-10
1,19865E+1	4,76840E-10
1,19952E+1	4,46420E-10
1,20038E+1	4,72990E-10
1,20125E+1	4,51930E-10
1,20211E+1	5,42590E-10
1,20298E+1	5,03220E-10
1,20385E+1	4,24970E-10
1,20471E+1	4,48540E-10
1,20558E+1	4,00030E-10
1,20644E+1	4,34950E-10
1,20731E+1	5,00780E-10
1,20818E+1	4,81070E-10
1,20904E+1	4,90380E-10
1,20991E+1	4,76770E-10
1,21077E+1	4,69300E-10
1,21164E+1	5,23480E-10
1,21251E+1	4,52340E-10
1,21337E+1	5,14860E-10
1,21424E+1	4,43490E-10
1,21510E+1	4,59250E-10
1,21597E+1	5,03560E-10
1,21684E+1	5,42520E-10
1,21770E+1	4,89060E-10
1,21857E+1	4,23700E-10
1,21944E+1	5,03760E-10
1,22030E+1	4,44070E-10
1,22117E+1	5,43520E-10
1,22203E+1	5,45170E-10
1,22290E+1	5,43560E-10
1,22377E+1	5,01620E-10
1,22463E+1	4,23220E-10
1,22550E+1	5,07360E-10
1,22636E+1	5,69390E-10
1,22723E+1	5,34110E-10
1,22810E+1	6,04190E-10
1,22896E+1	6,15200E-10
1,22983E+1	5,63170E-10
1,23069E+1	5,70950E-10
1,23156E+1	6,02960E-10
1,23243E+1	5,07470E-10
1,23329E+1	5,00830E-10
1,23416E+1	5,24890E-10
1,23502E+1	5,96820E-10
1,23589E+1	5,62410E-10
1,23676E+1	5,18230E-10
1,23762E+1	6,68800E-10
1,23849E+1	5,29370E-10
1,23936E+1	4,79440E-10
1,24022E+1	5,74830E-10
1,24109E+1	6,91350E-10
1,24195E+1	5,94510E-10
1,24282E+1	5,93710E-10
1,24369E+1	5,91010E-10
1,24455E+1	6,67160E-10
1,24542E+1	5,60130E-10
1,24628E+1	5,81860E-10
1,24715E+1	5,39250E-10
1,24802E+1	6,01480E-10
1,24888E+1	7,11210E-10
1,24975E+1	6,32950E-10
1,25061E+1	5,95760E-10
1,25148E+1	5,59390E-10
1,25235E+1	6,44550E-10
1,25321E+1	6,52500E-10
1,25408E+1	5,92850E-10
1,25494E+1	6,76920E-10
1,25581E+1	6,81790E-10
1,25668E+1	7,19510E-10
1,25754E+1	7,22000E-10
1,25841E+1	6,19620E-10
1,25927E+1	7,15550E-10
1,26014E+1	6,64770E-10
1,26101E+1	8,16540E-10
1,26187E+1	8,15210E-10
1,26274E+1	7,65850E-10
1,26361E+1	6,19640E-10
1,26447E+1	6,61250E-10
1,26534E+1	7,73030E-10
1,26620E+1	7,89850E-10
1,26707E+1	6,21920E-10
1,26794E+1	6,86000E-10
1,26880E+1	8,31180E-10
1,26967E+1	6,88250E-10
1,27053E+1	7,19060E-10
1,27140E+1	7,48300E-10
1,27227E+1	7,45860E-10
1,27313E+1	6,90670E-10
1,27400E+1	8,37010E-10
1,27486E+1	8,87930E-10
1,27573E+1	8,76060E-10
1,27660E+1	7,53090E-10
1,27746E+1	7,61060E-10
1,27833E+1	9,01370E-10
1,27919E+1	7,11680E-10
1,28006E+1	8,01420E-10
1,28093E+1	7,15260E-10
1,28179E+1	8,33150E-10
1,28266E+1	8,85040E-10
1,28353E+1	8,96650E-10
1,28439E+1	7,40120E-10
1,28526E+1	8,82590E-10
1,28612E+1	9,24720E-10
1,28699E+1	8,86890E-10
1,28786E+1	6,99870E-10
1,28872E+1	8,87090E-10
1,28959E+1	8,81990E-10
1,29045E+1	8,64070E-10
1,29132E+1	8,03950E-10
1,29219E+1	1,01023E-9
1,29305E+1	9,75650E-10
1,29392E+1	8,93540E-10
1,29478E+1	9,97410E-10
1,29565E+1	9,48120E-10
1,29652E+1	9,10230E-10
1,29738E+1	8,66010E-10
1,29825E+1	9,63010E-10
1,29911E+1	1,09474E-9
1,29998E+1	8,94730E-10
1,30085E+1	9,34360E-10
1,30171E+1	8,92340E-10
1,30258E+1	8,98150E-10
1,30344E+1	8,55130E-10
1,30431E+1	9,44010E-10
1,30518E+1	9,36400E-10
1,30604E+1	1,11143E-9
1,30691E+1	9,09360E-10
1,30778E+1	1,02926E-9
1,30864E+1	1,08141E-9
1,30951E+1	1,07521E-9
1,31037E+1	1,05423E-9
1,31124E+1	1,09312E-9
1,31211E+1	9,22730E-10
1,31297E+1	1,18437E-9
1,31384E+1	1,10314E-9
1,31470E+1	1,07143E-9
1,31557E+1	1,16199E-9
1,31644E+1	1,18234E-9
1,31730E+1	1,10037E-9
1,31817E+1	1,21270E-9
1,31903E+1	1,13987E-9
1,31990E+1	1,17663E-9
1,32077E+1	1,03563E-9
1,32163E+1	1,23677E-9
1,32250E+1	1,09474E-9
1,32336E+1	1,09747E-9
1,32423E+1	1,20486E-9
1,32510E+1	1,23602E-9
1,32596E+1	1,33067E-9
1,32683E+1	1,12611E-9
1,32770E+1	1,22865E-9
1,32856E+1	1,35192E-9
1,32943E+1	1,40596E-9
1,33029E+1	1,18420E-9
1,33116E+1	1,36506E-9
1,33203E+1	1,35722E-9
1,33289E+1	1,17896E-9
1,33376E+1	1,38303E-9
1,33462E+1	1,45780E-9
1,33549E+1	1,40413E-9
1,33636E+1	1,39746E-9
1,33722E+1	1,44865E-9
1,33809E+1	1,57686E-9
1,33895E+1	1,56239E-9
1,33982E+1	1,61370E-9
1,34069E+1	1,53951E-9
1,34155E+1	1,41910E-9
1,34242E+1	1,57248E-9
1,34328E+1	1,70145E-9
1,34415E+1	1,64240E-9
1,34502E+1	1,78359E-9
1,34588E+1	1,81710E-9
1,34675E+1	1,73291E-9
1,34761E+1	1,65699E-9
1,34848E+1	1,69646E-9
1,34935E+1	1,70987E-9
1,35021E+1	1,78880E-9
1,35108E+1	1,79605E-9
1,35195E+1	1,74677E-9
1,35281E+1	1,78539E-9
1,35368E+1	1,70776E-9
1,35454E+1	1,82139E-9
1,35541E+1	1,79198E-9
1,35628E+1	1,73712E-9
1,35714E+1	1,75990E-9
1,35801E+1	1,91475E-9
1,35887E+1	2,00620E-9
1,35974E+1	1,72990E-9
1,36061E+1	1,89260E-9
1,36147E+1	2,05300E-9
1,36234E+1	2,08680E-9
1,36320E+1	2,17250E-9
1,36407E+1	2,12930E-9
1,36494E+1	2,09370E-9
1,36580E+1	2,01749E-9
1,36667E+1	1,98040E-9
1,36753E+1	2,20490E-9
1,36840E+1	2,07950E-9
1,36927E+1	2,30640E-9
1,37013E+1	2,02950E-9
1,37100E+1	2,03040E-9
1,37187E+1	2,07700E-9
1,37273E+1	2,16900E-9
1,37360E+1	2,13990E-9
1,37446E+1	2,05100E-9
1,37533E+1	2,21390E-9
1,37620E+1	2,35530E-9
1,37706E+1	2,20980E-9
1,37793E+1	2,32940E-9
1,37879E+1	2,21590E-9
1,37966E+1	2,19150E-9
1,38053E+1	2,28000E-9
1,38139E+1	2,21860E-9
1,38226E+1	2,59400E-9
1,38312E+1	2,28460E-9
1,38399E+1	2,61550E-9
1,38486E+1	2,50500E-9
1,38572E+1	2,87690E-9
1,38659E+1	2,79580E-9
1,38745E+1	2,89670E-9
1,38832E+1	2,67430E-9
1,38919E+1	2,71340E-9
1,39005E+1	3,26630E-9
1,39092E+1	3,08070E-9
1,39179E+1	2,91950E-9
1,39265E+1	3,17170E-9
1,39352E+1	3,18170E-9
1,39438E+1	3,22170E-9
1,39525E+1	3,31530E-9
1,39612E+1	3,19530E-9
1,39698E+1	3,64030E-9
1,39785E+1	3,63950E-9
1,39871E+1	3,53350E-9
1,39958E+1	3,69730E-9
1,40045E+1	3,64850E-9
1,40131E+1	3,85270E-9
1,40218E+1	4,04150E-9
1,40304E+1	4,10330E-9
1,40391E+1	4,25340E-9
1,40478E+1	4,26250E-9
1,40564E+1	4,39420E-9
1,40651E+1	4,49940E-9
1,40737E+1	4,35710E-9
1,40824E+1	4,36210E-9
1,40911E+1	4,45520E-9
1,40997E+1	4,44850E-9
1,41084E+1	4,63690E-9
1,41170E+1	4,31930E-9
1,41257E+1	4,66140E-9
1,41344E+1	4,48580E-9
1,41430E+1	4,47680E-9
1,41517E+1	4,58040E-9
1,41604E+1	4,46460E-9
1,41690E+1	3,92670E-9
1,41777E+1	3,93830E-9
1,41863E+1	3,82830E-9
1,41950E+1	4,27740E-9
1,42037E+1	4,04320E-9
1,42123E+1	3,86250E-9
1,42210E+1	3,85740E-9
1,42296E+1	3,72800E-9
1,42383E+1	3,56930E-9
1,42470E+1	3,19440E-9
1,42556E+1	3,41940E-9
1,42643E+1	3,25930E-9
1,42729E+1	3,09020E-9
1,42816E+1	3,12530E-9
1,42903E+1	3,01810E-9
1,42989E+1	2,90550E-9
1,43076E+1	3,16630E-9
1,43162E+1	3,12660E-9
1,43249E+1	3,25440E-9
1,43336E+1	3,28440E-9
1,43422E+1	3,24020E-9
1,43509E+1	3,83680E-9
1,43596E+1	3,90790E-9
1,43682E+1	4,23300E-9
1,43769E+1	4,12820E-9
1,43855E+1	4,08890E-9
1,43942E+1	4,70380E-9
1,44029E+1	4,77610E-9
1,44115E+1	5,33540E-9
1,44202E+1	5,56020E-9
1,44288E+1	5,53900E-9
1,44375E+1	5,86170E-9
1,44462E+1	5,74090E-9
1,44548E+1	6,38490E-9
1,44635E+1	6,94310E-9
1,44721E+1	7,24260E-9
1,44808E+1	7,39050E-9
1,44895E+1	7,71110E-9
1,44981E+1	7,63600E-9
1,45068E+1	7,67700E-9
1,45154E+1	7,39930E-9
1,45241E+1	7,76850E-9
1,45328E+1	7,62300E-9
1,45414E+1	7,09200E-9
1,45501E+1	7,52570E-9
1,45587E+1	7,25710E-9
1,45674E+1	6,69810E-9
1,45761E+1	6,63810E-9
1,45847E+1	6,10290E-9
1,45934E+1	5,77940E-9
1,46021E+1	5,50110E-9
1,46107E+1	5,06800E-9
1,46194E+1	4,86630E-9
1,46280E+1	4,16100E-9
1,46367E+1	3,92030E-9
1,46454E+1	3,71160E-9
1,46540E+1	3,17340E-9
1,46627E+1	2,75580E-9
1,46713E+1	2,39810E-9
1,46800E+1	2,03510E-9
1,46887E+1	1,90600E-9
1,46973E+1	1,40237E-9
1,47060E+1	1,29657E-9
1,47146E+1	1,11520E-9
1,47233E+1	7,32030E-10
1,47320E+1	7,49360E-10
1,47406E+1	6,08180E-10
1,47493E+1	4,09630E-10
1,47579E+1	3,40990E-10
1,47666E+1	3,65990E-10
1,47753E+1	1,68467E-10
1,47839E+1	1,72398E-10
1,47926E+1	1,44529E-10
1,48013E+1	1,05477E-10
1,48099E+1	9,85340E-11
1,48186E+1	7,47930E-11
1,48272E+1	4,94040E-11
1,48359E+1	3,84250E-11
1,48446E+1	2,32780E-11
1,48532E+1	2,86570E-11
1,48619E+1	9,69990E-12
1,48705E+1	6,67080E-12
1,48792E+1	1,33714E-11
1,48879E+1	1,06296E-11
1,48965E+1	5,65140E-12
1,49052E+1	3,55950E-12
1,49138E+1	2,18800E-12
1,49225E+1	5,08050E-12
1,49312E+1	3,21840E-12
1,49398E+1	1,79320E-12
1,49485E+1	4,39210E-12
1,49571E+1	6,64050E-12
1,49658E+1	5,55900E-13
1,49745E+1	2,60490E-12
1,49831E+1	3,68700E-12
