E, keV	I, A
2,00109E+0	-1,11670E-12
2,01208E+0	1,13520E-12
2,02308E+0	2,88100E-13
2,03408E+0	8,21000E-13
2,04507E+0	1,18520E-12
2,05606E+0	7,22100E-13
2,06706E+0	2,20200E-13
2,07805E+0	7,71500E-13
2,08905E+0	8,28700E-13
2,10004E+0	1,25610E-12
2,11104E+0	1,06800E-13
2,12203E+0	-1,77900E-13
2,13303E+0	1,10400E-13
2,14402E+0	6,84300E-13
2,15502E+0	3,60100E-13
2,16601E+0	4,85700E-13
2,17701E+0	-1,91500E-13
2,18800E+0	-6,37800E-13
2,19900E+0	6,16500E-13
2,20999E+0	-2,03800E-13
2,22099E+0	-1,09960E-12
2,23198E+0	-1,39030E-12
2,24298E+0	-6,09100E-13
2,25397E+0	-7,00100E-13
2,26497E+0	-4,81600E-13
2,27596E+0	-1,16920E-12
2,28696E+0	-1,05100E-12
2,29795E+0	-1,12170E-12
2,30895E+0	-1,44690E-12
2,31994E+0	3,64100E-13
2,33094E+0	-5,18600E-13
2,34193E+0	-6,96000E-13
2,35293E+0	-1,00340E-12
2,36392E+0	-6,79400E-13
2,37492E+0	-1,21860E-12
2,38591E+0	-8,27700E-13
2,39691E+0	-1,49550E-12
2,40790E+0	-1,44900E-12
2,41890E+0	-1,81920E-12
2,42989E+0	-1,89730E-12
2,44089E+0	-1,78190E-12
2,45188E+0	-1,81270E-12
2,46288E+0	-9,78800E-13
2,47387E+0	-6,43100E-13
2,48487E+0	-1,20410E-12
2,49586E+0	-2,04500E-13
2,50686E+0	-8,08200E-13
2,51785E+0	-1,17210E-12
2,52885E+0	-1,28590E-12
2,53984E+0	-2,54700E-13
2,55084E+0	-1,16630E-12
2,56183E+0	-1,49310E-12
2,57283E+0	-1,47830E-12
2,58383E+0	-1,10960E-12
2,59482E+0	-9,04300E-13
2,60581E+0	-1,32940E-12
2,61681E+0	-2,51200E-13
2,62780E+0	-1,21440E-12
2,63880E+0	-1,41730E-12
2,64980E+0	-1,47180E-12
2,66079E+0	-1,18470E-12
2,67178E+0	-1,67060E-12
2,68278E+0	-1,21310E-12
2,69378E+0	-1,18600E-12
2,70477E+0	1,49200E-13
2,71577E+0	-1,02340E-12
2,72676E+0	-1,56890E-12
2,73775E+0	-1,61580E-12
2,74875E+0	-1,71710E-12
2,75974E+0	-8,44300E-13
2,77074E+0	-1,61660E-12
2,78173E+0	-1,73920E-12
2,79273E+0	-1,34080E-12
2,80372E+0	-1,41560E-12
2,81472E+0	-1,60080E-12
2,82571E+0	-1,50260E-12
2,83671E+0	-8,49600E-13
2,84770E+0	-1,14950E-12
2,85870E+0	-2,35400E-13
2,86969E+0	-1,79610E-12
2,88069E+0	-1,17730E-12
2,89168E+0	-1,20590E-12
2,90268E+0	-6,68600E-13
2,91367E+0	-9,07300E-13
2,92467E+0	-9,61900E-13
2,93566E+0	-1,29160E-12
2,94666E+0	-1,66060E-12
2,95765E+0	-1,91110E-12
2,96865E+0	-6,66300E-13
2,97964E+0	-1,73560E-12
2,99064E+0	-1,27140E-12
3,00163E+0	-8,35700E-13
3,01263E+0	-1,45370E-12
3,02363E+0	-1,33870E-12
3,03462E+0	-8,20000E-13
3,04561E+0	-7,00700E-13
3,05661E+0	-2,80600E-13
3,06760E+0	-6,25900E-13
3,07860E+0	1,82600E-13
3,08959E+0	-1,11000E-13
3,10059E+0	-7,33400E-13
3,11158E+0	-3,88500E-13
3,12258E+0	-1,51330E-12
3,13357E+0	-1,00340E-12
3,14457E+0	-1,20730E-12
3,15556E+0	-1,20820E-12
3,16656E+0	-1,15600E-13
3,17755E+0	-1,21750E-12
3,18855E+0	-1,75890E-12
3,19955E+0	-1,85630E-12
3,21054E+0	-3,76600E-13
3,22153E+0	-1,02130E-12
3,23253E+0	-1,71230E-12
3,24352E+0	-1,37460E-12
3,25452E+0	-1,14760E-12
3,26552E+0	-9,96000E-13
3,27651E+0	-1,15320E-12
3,28750E+0	-5,13800E-13
3,29850E+0	-4,92100E-13
3,30949E+0	-9,87400E-13
3,32049E+0	-8,39100E-13
3,33148E+0	-1,54110E-12
3,34248E+0	-1,29060E-12
3,35347E+0	-2,08070E-12
3,36447E+0	-1,64870E-12
3,37546E+0	-1,59880E-12
3,38646E+0	-1,06500E-13
3,39745E+0	-3,03800E-13
3,40845E+0	-4,18900E-13
3,41944E+0	-1,06720E-12
3,43044E+0	-1,84370E-12
3,44143E+0	-8,02800E-13
3,45243E+0	-1,05270E-12
3,46342E+0	-1,39140E-12
3,47442E+0	-6,40300E-13
3,48541E+0	-8,95200E-13
3,49641E+0	-3,54600E-13
3,50740E+0	3,66600E-13
3,51840E+0	-3,34200E-13
3,52939E+0	6,60300E-13
3,54039E+0	-5,98900E-13
3,55138E+0	-4,77900E-13
3,56238E+0	1,02500E-13
3,57337E+0	-1,47530E-12
3,58437E+0	-5,71900E-13
3,59536E+0	-1,03060E-12
3,60636E+0	-4,96900E-13
3,61735E+0	-4,68200E-13
3,62835E+0	-4,04000E-13
3,63934E+0	-1,25800E-13
3,65034E+0	-6,41700E-13
3,66133E+0	-4,12300E-13
3,67233E+0	-6,90000E-15
3,68332E+0	-2,36000E-14
3,69432E+0	-6,97600E-13
3,70531E+0	-2,50300E-13
3,71631E+0	-9,48100E-13
3,72730E+0	-1,07010E-12
3,73830E+0	-8,28000E-13
3,74930E+0	-8,34700E-13
3,76029E+0	-8,93700E-13
3,77128E+0	-7,29100E-13
3,78228E+0	-5,21200E-13
3,79327E+0	-9,11300E-13
3,80427E+0	-8,78000E-13
3,81527E+0	-8,82900E-13
3,82626E+0	-4,80700E-13
3,83725E+0	-7,86300E-13
3,84825E+0	-4,18700E-13
3,85924E+0	-2,46100E-13
3,87024E+0	-7,33400E-13
3,88123E+0	-1,34700E-12
3,89223E+0	-7,28800E-13
3,90322E+0	-3,48500E-13
3,91422E+0	-1,80600E-13
3,92521E+0	-8,35200E-13
3,93621E+0	-1,42670E-12
3,94720E+0	-6,00200E-13
3,95820E+0	-3,12100E-13
3,96919E+0	-9,60500E-13
3,98019E+0	-5,23500E-13
3,99118E+0	-1,02720E-12
4,00218E+0	-3,47000E-14
4,01317E+0	-9,53800E-13
4,02417E+0	-4,45200E-13
4,03516E+0	-5,98100E-13
4,04616E+0	-1,33130E-12
4,05715E+0	-5,10100E-13
4,06815E+0	-8,96000E-13
4,07914E+0	-5,99100E-13
4,09014E+0	-7,76300E-13
4,10113E+0	-5,75400E-13
4,11213E+0	-1,43300E-13
4,12312E+0	-1,04310E-12
4,13412E+0	-7,53600E-13
4,14511E+0	-5,44300E-13
4,15611E+0	1,94040E-12
4,16710E+0	-2,27600E-13
4,17810E+0	-6,43400E-13
4,18910E+0	-7,45300E-13
4,20009E+0	3,20800E-13
4,21108E+0	3,62000E-13
4,22208E+0	1,48930E-12
4,23307E+0	-2,49100E-13
4,24407E+0	-8,90000E-15
4,25507E+0	1,22160E-12
4,26606E+0	-8,33700E-13
4,27705E+0	-1,00700E-12
4,28805E+0	-1,15480E-12
4,29904E+0	-8,35000E-14
4,31004E+0	-5,12000E-14
4,32104E+0	-1,08200E-13
4,33203E+0	-1,06820E-12
4,34302E+0	2,68000E-13
4,35402E+0	1,02550E-12
4,36501E+0	-6,11300E-13
4,37601E+0	-4,65600E-13
4,38701E+0	-3,83000E-13
4,39800E+0	-5,66200E-13
4,40899E+0	1,37860E-12
4,41999E+0	-8,50000E-14
4,43098E+0	5,08300E-13
4,44198E+0	-3,35800E-13
4,45297E+0	7,44200E-13
4,46397E+0	8,56000E-13
4,47497E+0	-2,09400E-13
4,48596E+0	1,35400E-13
4,49695E+0	3,57300E-13
4,50795E+0	1,64900E-13
4,51895E+0	-9,37000E-14
4,52994E+0	7,42800E-13
4,54093E+0	-1,48900E-13
4,55193E+0	-3,51200E-13
4,56292E+0	3,21400E-13
4,57392E+0	-5,00000E-15
4,58491E+0	8,11100E-13
4,59591E+0	1,19220E-12
4,60691E+0	1,48640E-12
4,61790E+0	6,84900E-13
4,62889E+0	1,04070E-12
4,63989E+0	1,52460E-12
4,65088E+0	1,01430E-12
4,66188E+0	2,20800E-13
4,67287E+0	1,77030E-12
4,68387E+0	4,95500E-13
4,69486E+0	2,02850E-12
4,70586E+0	2,23720E-12
4,71685E+0	3,38100E-12
4,72785E+0	3,04280E-12
4,73884E+0	3,29760E-12
4,74984E+0	3,15810E-12
4,76084E+0	3,71900E-12
4,77183E+0	4,07170E-12
4,78282E+0	5,69880E-12
4,79382E+0	3,48410E-12
4,80481E+0	5,27210E-12
4,81581E+0	6,85100E-12
4,82680E+0	4,96650E-12
4,83780E+0	2,70620E-12
4,84879E+0	4,18590E-12
4,85979E+0	3,38070E-12
4,87078E+0	4,57380E-12
4,88178E+0	3,76570E-12
4,89277E+0	2,60130E-12
4,90377E+0	2,83080E-12
4,91476E+0	2,89020E-12
4,92576E+0	2,45270E-12
4,93675E+0	2,58550E-12
4,94775E+0	1,99760E-12
4,95874E+0	8,66900E-13
4,96974E+0	1,90400E-12
4,98074E+0	3,90380E-12
4,99173E+0	3,28680E-12
5,00272E+0	8,60800E-13
5,01372E+0	2,62570E-12
5,02471E+0	2,50190E-12
5,03571E+0	1,58670E-12
5,04670E+0	1,97700E-12
5,05770E+0	2,49190E-12
5,06869E+0	1,59450E-12
5,07969E+0	1,85290E-12
5,09068E+0	9,31100E-13
5,10168E+0	1,53240E-12
5,11268E+0	2,03330E-12
5,12367E+0	2,64760E-12
5,13466E+0	1,09140E-12
5,14566E+0	1,86760E-12
5,15665E+0	1,87040E-12
5,16765E+0	2,01410E-12
5,17864E+0	1,55580E-12
5,18964E+0	1,22280E-12
5,20064E+0	2,63990E-12
5,21163E+0	2,66180E-12
5,22262E+0	2,14530E-12
5,23362E+0	2,64850E-12
5,24461E+0	2,37560E-12
5,25561E+0	3,75550E-12
5,26660E+0	2,44350E-12
5,27760E+0	2,79080E-12
5,28859E+0	3,39640E-12
5,29959E+0	2,44710E-12
5,31058E+0	4,54720E-12
5,32158E+0	3,36330E-12
5,33257E+0	3,03400E-12
5,34357E+0	3,70830E-12
5,35457E+0	2,85050E-12
5,36556E+0	1,97230E-12
5,37655E+0	2,04410E-12
5,38755E+0	1,26340E-12
5,39854E+0	2,51240E-12
5,40954E+0	2,38170E-12
5,42053E+0	4,02370E-12
5,43153E+0	3,81700E-12
5,44252E+0	3,12760E-12
5,45352E+0	4,16610E-12
5,46451E+0	3,55460E-12
5,47551E+0	2,38050E-12
5,48651E+0	2,23640E-12
5,49750E+0	3,14020E-12
5,50849E+0	3,50100E-12
5,51949E+0	2,99900E-12
5,53048E+0	4,62800E-12
5,54148E+0	3,31310E-12
5,55247E+0	4,02770E-12
5,56347E+0	3,60300E-12
5,57447E+0	4,55160E-12
5,58546E+0	4,36000E-12
5,59645E+0	3,69550E-12
5,60745E+0	4,29930E-12
5,61845E+0	5,20410E-12
5,62944E+0	4,24050E-12
5,64043E+0	4,84680E-12
5,65143E+0	5,13400E-12
5,66242E+0	3,25980E-12
5,67342E+0	4,54140E-12
5,68441E+0	6,41290E-12
5,69541E+0	6,33580E-12
5,70641E+0	4,63180E-12
5,71740E+0	5,97640E-12
5,72839E+0	3,93560E-12
5,73939E+0	4,39030E-12
5,75038E+0	4,78800E-12
5,76138E+0	3,38010E-12
5,77237E+0	4,91840E-12
5,78337E+0	6,08380E-12
5,79436E+0	4,94740E-12
5,80536E+0	5,74260E-12
5,81635E+0	4,49330E-12
5,82735E+0	5,28880E-12
5,83834E+0	5,81400E-12
5,84934E+0	5,34060E-12
5,86034E+0	5,02040E-12
5,87133E+0	3,14100E-12
5,88232E+0	5,59910E-12
5,89332E+0	4,15010E-12
5,90431E+0	4,28270E-12
5,91531E+0	4,48950E-12
5,92630E+0	5,09290E-12
5,93730E+0	6,52120E-12
5,94829E+0	7,02670E-12
5,95929E+0	5,72190E-12
5,97028E+0	6,82820E-12
5,98128E+0	7,22300E-12
5,99227E+0	7,63250E-12
6,00327E+0	6,64810E-12
6,01426E+0	4,94410E-12
6,02526E+0	4,61330E-12
6,03625E+0	4,56330E-12
6,04725E+0	3,34150E-12
6,05824E+0	6,25450E-12
6,06924E+0	3,45720E-12
6,08024E+0	5,96920E-12
6,09123E+0	4,24680E-12
6,10222E+0	6,45270E-12
6,11322E+0	5,14010E-12
6,12421E+0	6,10080E-12
6,13521E+0	6,10450E-12
6,14620E+0	4,88460E-12
6,15720E+0	6,39440E-12
6,16819E+0	4,16510E-12
6,17919E+0	4,16850E-12
6,19018E+0	4,39980E-12
6,20118E+0	5,61600E-12
6,21218E+0	7,07860E-12
6,22317E+0	8,20090E-12
6,23416E+0	6,71240E-12
6,24516E+0	5,09640E-12
6,25615E+0	4,03630E-12
6,26715E+0	9,54520E-12
6,27814E+0	1,05005E-11
6,28914E+0	7,94400E-12
6,30014E+0	6,39220E-12
6,31113E+0	7,62380E-12
6,32212E+0	9,24650E-12
6,33312E+0	8,91260E-12
6,34411E+0	9,32330E-12
6,35511E+0	8,59870E-12
6,36610E+0	7,59380E-12
6,37710E+0	4,35140E-12
6,38809E+0	7,07400E-12
6,39909E+0	3,64610E-12
6,41008E+0	8,74170E-12
6,42108E+0	6,26450E-12
6,43207E+0	5,91090E-12
6,44307E+0	3,33850E-12
6,45406E+0	5,04100E-12
6,46506E+0	5,91410E-12
6,47605E+0	4,32270E-12
6,48705E+0	4,39060E-12
6,49804E+0	6,46900E-12
6,50904E+0	5,98170E-12
6,52003E+0	5,04810E-12
6,53103E+0	5,28790E-12
6,54202E+0	5,17550E-12
6,55302E+0	6,16160E-12
6,56401E+0	7,25290E-12
6,57501E+0	4,64370E-12
6,58601E+0	3,86680E-12
6,59700E+0	6,50170E-12
6,60799E+0	4,94540E-12
6,61899E+0	5,98290E-12
6,62998E+0	8,24140E-12
6,64098E+0	7,71290E-12
6,65197E+0	8,09430E-12
6,66297E+0	7,22510E-12
6,67396E+0	9,18200E-12
6,68496E+0	1,20352E-11
6,69595E+0	7,02600E-12
6,70695E+0	8,87580E-12
6,71795E+0	7,02080E-12
6,72894E+0	6,50680E-12
6,73993E+0	6,22240E-12
6,75093E+0	5,88790E-12
6,76192E+0	4,78010E-12
6,77292E+0	4,16770E-12
6,78391E+0	7,50070E-12
6,79491E+0	9,00030E-12
6,80591E+0	5,24130E-12
6,81690E+0	9,18910E-12
6,82789E+0	5,28960E-12
6,83889E+0	5,29250E-12
6,84988E+0	6,36920E-12
6,86088E+0	4,38150E-12
6,87187E+0	4,15890E-12
6,88287E+0	7,81610E-12
6,89386E+0	5,78970E-12
6,90486E+0	6,67120E-12
6,91585E+0	9,78890E-12
6,92685E+0	5,76290E-12
6,93784E+0	6,19160E-12
6,94884E+0	1,02538E-11
6,95983E+0	6,41920E-12
6,97083E+0	7,26660E-12
6,98182E+0	6,31190E-12
6,99282E+0	4,97490E-12
7,00381E+0	8,88370E-12
7,01481E+0	8,91040E-12
7,02580E+0	6,36420E-12
7,03680E+0	8,43850E-12
7,04779E+0	8,19680E-12
7,05879E+0	7,16880E-12
7,06978E+0	9,19640E-12
7,08078E+0	7,58500E-12
7,09177E+0	8,08620E-12
7,10277E+0	5,03940E-12
7,11376E+0	4,88420E-12
7,12476E+0	7,12210E-12
7,13575E+0	8,52600E-12
7,14675E+0	8,42160E-12
7,15774E+0	7,69590E-12
7,16874E+0	6,17750E-12
7,17973E+0	6,80320E-12
7,19073E+0	1,05393E-11
7,20172E+0	8,73330E-12
7,21272E+0	6,90070E-12
7,22371E+0	5,88390E-12
7,23471E+0	5,61630E-12
7,24570E+0	7,67280E-12
7,25670E+0	8,31710E-12
7,26769E+0	9,33090E-12
7,27869E+0	8,75760E-12
7,28968E+0	6,36840E-12
7,30068E+0	7,57650E-12
7,31168E+0	7,58090E-12
7,32267E+0	6,48790E-12
7,33366E+0	5,90970E-12
7,34466E+0	3,59160E-12
7,35565E+0	7,02240E-12
7,36665E+0	7,49040E-12
7,37764E+0	8,54670E-12
7,38864E+0	6,29550E-12
7,39963E+0	7,76690E-12
7,41063E+0	7,26540E-12
7,42162E+0	7,26510E-12
7,43262E+0	7,40220E-12
7,44361E+0	7,06680E-12
7,45461E+0	7,34200E-12
7,46560E+0	6,69280E-12
7,47660E+0	7,51600E-12
7,48759E+0	7,25310E-12
7,49859E+0	6,11640E-12
7,50958E+0	6,41460E-12
7,52058E+0	7,64270E-12
7,53157E+0	7,66450E-12
7,54257E+0	7,47660E-12
7,55356E+0	6,23050E-12
7,56456E+0	9,47790E-12
7,57555E+0	1,06108E-11
7,58655E+0	8,66750E-12
7,59754E+0	5,62380E-12
7,60854E+0	4,69220E-12
7,61953E+0	5,08630E-12
7,63053E+0	9,01400E-12
7,64152E+0	8,79050E-12
7,65252E+0	6,08570E-12
7,66351E+0	7,48710E-12
7,67451E+0	5,15750E-12
7,68551E+0	6,75400E-12
7,69650E+0	7,11540E-12
7,70749E+0	8,74060E-12
7,71849E+0	8,55810E-12
7,72948E+0	8,69740E-12
7,74048E+0	8,81870E-12
7,75147E+0	7,51360E-12
7,76247E+0	7,37450E-12
7,77346E+0	6,66510E-12
7,78446E+0	6,17710E-12
7,79545E+0	6,26790E-12
7,80645E+0	5,47900E-12
7,81745E+0	7,80610E-12
7,82844E+0	8,67450E-12
7,83943E+0	4,77680E-12
7,85043E+0	7,69520E-12
7,86142E+0	8,32680E-12
7,87242E+0	5,94720E-12
7,88341E+0	3,75700E-12
7,89441E+0	6,81040E-12
7,90541E+0	8,82120E-12
7,91640E+0	6,91540E-12
7,92739E+0	8,41700E-12
7,93839E+0	5,55540E-12
7,94938E+0	8,76460E-12
7,96038E+0	6,85000E-12
7,97137E+0	7,36360E-12
7,98237E+0	7,95830E-12
7,99336E+0	8,98670E-12
8,00436E+0	6,08410E-12
8,01535E+0	5,31760E-12
8,02635E+0	8,02170E-12
8,03734E+0	8,63040E-12
8,04834E+0	9,86970E-12
8,05933E+0	8,13640E-12
8,07033E+0	6,00150E-12
8,08132E+0	7,00000E-12
8,09232E+0	1,13330E-11
8,10332E+0	7,95420E-12
8,11431E+0	6,98870E-12
8,12530E+0	5,87800E-12
8,13630E+0	8,74570E-12
8,14729E+0	7,78820E-12
8,15829E+0	7,23330E-12
8,16928E+0	8,89040E-12
8,18028E+0	9,42750E-12
8,19127E+0	8,73490E-12
8,20227E+0	9,60120E-12
8,21326E+0	8,38390E-12
8,22426E+0	8,44590E-12
8,23526E+0	9,86680E-12
8,24625E+0	1,22413E-11
8,25724E+0	9,03530E-12
8,26824E+0	9,24140E-12
8,27923E+0	9,70670E-12
8,29023E+0	9,02600E-12
8,30122E+0	9,07640E-12
8,31222E+0	5,54830E-12
8,32321E+0	1,07287E-11
8,33421E+0	1,24504E-11
8,34520E+0	8,11640E-12
8,35620E+0	8,13080E-12
8,36720E+0	1,21734E-11
8,37819E+0	7,69110E-12
8,38918E+0	1,07911E-11
8,40018E+0	7,92670E-12
8,41118E+0	9,53980E-12
8,42217E+0	8,64850E-12
8,43316E+0	8,47640E-12
8,44416E+0	8,10610E-12
8,45515E+0	1,00742E-11
8,46615E+0	9,25030E-12
8,47715E+0	8,57740E-12
8,48814E+0	8,34130E-12
8,49913E+0	7,20840E-12
8,51013E+0	9,97150E-12
8,52112E+0	1,14920E-11
8,53212E+0	9,77030E-12
8,54311E+0	9,93610E-12
8,55411E+0	9,60920E-12
8,56510E+0	9,82950E-12
8,57610E+0	9,20330E-12
8,58709E+0	7,63150E-12
8,59809E+0	9,51760E-12
8,60909E+0	1,01095E-11
8,62008E+0	9,38380E-12
8,63107E+0	7,65220E-12
8,64207E+0	9,78640E-12
8,65306E+0	9,05120E-12
8,66406E+0	8,94430E-12
8,67505E+0	1,10008E-11
8,68605E+0	1,10093E-11
8,69704E+0	8,48600E-12
8,70804E+0	7,03830E-12
8,71903E+0	1,08320E-11
8,73003E+0	1,24751E-11
8,74102E+0	1,31829E-11
8,75202E+0	1,29254E-11
8,76301E+0	1,13220E-11
8,77401E+0	1,26946E-11
8,78500E+0	9,80920E-12
8,79600E+0	1,23415E-11
8,80699E+0	1,40817E-11
8,81799E+0	1,04367E-11
8,82898E+0	1,24981E-11
8,83998E+0	1,28779E-11
8,85098E+0	9,86810E-12
8,86197E+0	1,23605E-11
8,87296E+0	1,03193E-11
8,88396E+0	1,13957E-11
8,89495E+0	1,44428E-11
8,90595E+0	1,15707E-11
8,91694E+0	1,14797E-11
8,92794E+0	1,22651E-11
8,93894E+0	1,50888E-11
8,94993E+0	1,45909E-11
8,96092E+0	1,16059E-11
8,97192E+0	1,03978E-11
8,98291E+0	1,30388E-11
8,99391E+0	1,14078E-11
9,00490E+0	1,22353E-11
9,01590E+0	1,15324E-11
9,02689E+0	1,00747E-11
9,03789E+0	9,51890E-12
9,04889E+0	1,31825E-11
9,05988E+0	1,45736E-11
9,07087E+0	1,60447E-11
9,08187E+0	1,52686E-11
9,09286E+0	1,41514E-11
9,10386E+0	1,00819E-11
9,11485E+0	1,24255E-11
9,12585E+0	1,47823E-11
9,13684E+0	1,22024E-11
9,14784E+0	1,50013E-11
9,15883E+0	1,05851E-11
9,16983E+0	1,32777E-11
9,18082E+0	1,40694E-11
9,19182E+0	1,51732E-11
9,20281E+0	1,55204E-11
9,21381E+0	1,35294E-11
9,22480E+0	1,50943E-11
9,23580E+0	1,63630E-11
9,24679E+0	1,71030E-11
9,25779E+0	1,41621E-11
9,26878E+0	1,47136E-11
9,27978E+0	1,67082E-11
9,29077E+0	1,50691E-11
9,30177E+0	1,28548E-11
9,31277E+0	1,67717E-11
9,32376E+0	1,67290E-11
9,33475E+0	1,67652E-11
9,34575E+0	1,60574E-11
9,35674E+0	1,64694E-11
9,36774E+0	1,70446E-11
9,37873E+0	1,77938E-11
9,38973E+0	1,95580E-11
9,40072E+0	1,73922E-11
9,41172E+0	1,69290E-11
9,42272E+0	1,60801E-11
9,43371E+0	1,93719E-11
9,44470E+0	1,75312E-11
9,45570E+0	1,73601E-11
9,46669E+0	1,89395E-11
9,47769E+0	2,00539E-11
9,48869E+0	2,08580E-11
9,49968E+0	2,12990E-11
9,51067E+0	2,19700E-11
9,52167E+0	1,82890E-11
9,53266E+0	2,14230E-11
9,54366E+0	3,05690E-11
9,55465E+0	2,81840E-11
9,56565E+0	2,77150E-11
9,57665E+0	2,39530E-11
9,58764E+0	2,96440E-11
9,59863E+0	3,00790E-11
9,60963E+0	2,80030E-11
9,62062E+0	3,20340E-11
9,62210E+0	3,76310E-11
9,63076E+0	3,54380E-11
9,63942E+0	4,13050E-11
9,64808E+0	3,88240E-11
9,65674E+0	4,08080E-11
9,66540E+0	3,67930E-11
9,67406E+0	3,83590E-11
9,68272E+0	4,03600E-11
9,69138E+0	4,76500E-11
9,70004E+0	4,59350E-11
9,70870E+0	4,73350E-11
9,71737E+0	5,10350E-11
9,72603E+0	5,41860E-11
9,73469E+0	5,34730E-11
9,74335E+0	4,55460E-11
9,75201E+0	5,08190E-11
9,76067E+0	4,65790E-11
9,76933E+0	5,17550E-11
9,77799E+0	4,95840E-11
9,78665E+0	5,11460E-11
9,79531E+0	5,47330E-11
9,80397E+0	6,33610E-11
9,81263E+0	5,51820E-11
9,82130E+0	4,82520E-11
9,82996E+0	5,33720E-11
9,83862E+0	4,21640E-11
9,84728E+0	4,62140E-11
9,85594E+0	4,53830E-11
9,86460E+0	4,87750E-11
9,87326E+0	4,21840E-11
9,88192E+0	4,36900E-11
9,89058E+0	5,17470E-11
9,89924E+0	4,18490E-11
9,90790E+0	4,03100E-11
9,91656E+0	3,99040E-11
9,92522E+0	3,55850E-11
9,93389E+0	3,71460E-11
9,94255E+0	3,56710E-11
9,95121E+0	4,10550E-11
9,95987E+0	3,42360E-11
9,96853E+0	3,77190E-11
9,97719E+0	3,92680E-11
9,98585E+0	4,00500E-11
9,99451E+0	3,70410E-11
1,00032E+1	3,54960E-11
1,00118E+1	4,38340E-11
1,00205E+1	3,72580E-11
1,00292E+1	3,68890E-11
1,00378E+1	3,75260E-11
1,00465E+1	3,78880E-11
1,00551E+1	3,45240E-11
1,00638E+1	3,22260E-11
1,00725E+1	3,15000E-11
1,00811E+1	3,36320E-11
1,00898E+1	3,93080E-11
1,00984E+1	3,06240E-11
1,01071E+1	3,04800E-11
1,01158E+1	3,22460E-11
1,01244E+1	3,32000E-11
1,01331E+1	3,63980E-11
1,01417E+1	3,19840E-11
1,01504E+1	3,37390E-11
1,01591E+1	3,09340E-11
1,01677E+1	3,50390E-11
1,01764E+1	3,27000E-11
1,01850E+1	3,08430E-11
1,01937E+1	3,94280E-11
1,02024E+1	3,18470E-11
1,02110E+1	3,28710E-11
1,02197E+1	3,54210E-11
1,02284E+1	3,71290E-11
1,02370E+1	3,44450E-11
1,02457E+1	3,39870E-11
1,02543E+1	2,85590E-11
1,02630E+1	2,64350E-11
1,02717E+1	3,37970E-11
1,02803E+1	3,58500E-11
1,02890E+1	3,41540E-11
1,02976E+1	3,55260E-11
1,03063E+1	3,68000E-11
1,03150E+1	3,37570E-11
1,03236E+1	3,50510E-11
1,03323E+1	3,01880E-11
1,03409E+1	3,88460E-11
1,03496E+1	3,34140E-11
1,03583E+1	3,01870E-11
1,03669E+1	3,08390E-11
1,03756E+1	3,36450E-11
1,03842E+1	3,60530E-11
1,03929E+1	3,43620E-11
1,04016E+1	3,31380E-11
1,04102E+1	3,84660E-11
1,04189E+1	3,43990E-11
1,04276E+1	3,46330E-11
1,04362E+1	3,94570E-11
1,04449E+1	4,11300E-11
1,04535E+1	3,99420E-11
1,04622E+1	3,57490E-11
1,04709E+1	4,09770E-11
1,04795E+1	3,80800E-11
1,04882E+1	3,76600E-11
1,04968E+1	3,50030E-11
1,05055E+1	3,82370E-11
1,05142E+1	3,56160E-11
1,05228E+1	3,81790E-11
1,05315E+1	3,84850E-11
1,05401E+1	3,87210E-11
1,05488E+1	4,26320E-11
1,05575E+1	3,71520E-11
1,05661E+1	4,15760E-11
1,05748E+1	4,52270E-11
1,05834E+1	3,85140E-11
1,05921E+1	3,83750E-11
1,06008E+1	4,58340E-11
1,06094E+1	4,32400E-11
1,06181E+1	4,70140E-11
1,06267E+1	4,59710E-11
1,06354E+1	4,25370E-11
1,06441E+1	4,34000E-11
1,06527E+1	4,00900E-11
1,06614E+1	4,64240E-11
1,06701E+1	4,26630E-11
1,06787E+1	4,07720E-11
1,06874E+1	4,54020E-11
1,06960E+1	4,95530E-11
1,07047E+1	4,81180E-11
1,07134E+1	5,14730E-11
1,07220E+1	4,94470E-11
1,07307E+1	4,59200E-11
1,07393E+1	5,03030E-11
1,07480E+1	4,70830E-11
1,07567E+1	4,66600E-11
1,07653E+1	4,46570E-11
1,07740E+1	4,94540E-11
1,07826E+1	4,36260E-11
1,07913E+1	4,54080E-11
1,08000E+1	5,14500E-11
1,08086E+1	5,14340E-11
1,08173E+1	4,61500E-11
1,08259E+1	4,19640E-11
1,08346E+1	4,14300E-11
1,08433E+1	4,76310E-11
1,08519E+1	4,82880E-11
1,08606E+1	4,25250E-11
1,08693E+1	4,27180E-11
1,08779E+1	4,39270E-11
1,08866E+1	4,31770E-11
1,08952E+1	4,32250E-11
1,09039E+1	4,45410E-11
1,09126E+1	4,74680E-11
1,09212E+1	5,89080E-11
1,09299E+1	4,98700E-11
1,09385E+1	5,48690E-11
1,09472E+1	4,66120E-11
1,09559E+1	4,30640E-11
1,09645E+1	5,16890E-11
1,09732E+1	4,61910E-11
1,09818E+1	5,10700E-11
1,09905E+1	4,69070E-11
1,09992E+1	4,77310E-11
1,10078E+1	4,96460E-11
1,10165E+1	4,53750E-11
1,10251E+1	4,56370E-11
1,10338E+1	4,89780E-11
1,10425E+1	4,51040E-11
1,10511E+1	4,94380E-11
1,10598E+1	5,50750E-11
1,10684E+1	5,77610E-11
1,10771E+1	5,29700E-11
1,10858E+1	4,95990E-11
1,10944E+1	4,45610E-11
1,11031E+1	4,58380E-11
1,11118E+1	5,65990E-11
1,11204E+1	5,09960E-11
1,11291E+1	4,41600E-11
1,11377E+1	4,55500E-11
1,11464E+1	5,03040E-11
1,11551E+1	4,91300E-11
1,11637E+1	5,35340E-11
1,11724E+1	5,48180E-11
1,11810E+1	4,93980E-11
1,11897E+1	5,16160E-11
1,11984E+1	4,87430E-11
1,12070E+1	4,93410E-11
1,12157E+1	5,83260E-11
1,12243E+1	5,23500E-11
1,12330E+1	5,32550E-11
1,12417E+1	5,74730E-11
1,12503E+1	5,34060E-11
1,12590E+1	5,41730E-11
1,12676E+1	5,02320E-11
1,12763E+1	6,13770E-11
1,12850E+1	5,28640E-11
1,12936E+1	5,29930E-11
1,13023E+1	5,54260E-11
1,13110E+1	5,69490E-11
1,13196E+1	5,97970E-11
1,13283E+1	5,90570E-11
1,13369E+1	5,86660E-11
1,13456E+1	5,50630E-11
1,13543E+1	5,62740E-11
1,13629E+1	6,95790E-11
1,13716E+1	6,13590E-11
1,13802E+1	5,46870E-11
1,13889E+1	5,09480E-11
1,13976E+1	5,72440E-11
1,14062E+1	5,35620E-11
1,14149E+1	5,14290E-11
1,14235E+1	5,34820E-11
1,14322E+1	5,92480E-11
1,14409E+1	6,58360E-11
1,14495E+1	6,51440E-11
1,14582E+1	6,76290E-11
1,14668E+1	5,58940E-11
1,14755E+1	5,97290E-11
1,14842E+1	6,15470E-11
1,14928E+1	5,82190E-11
1,15015E+1	6,29000E-11
1,15101E+1	6,62670E-11
1,15188E+1	6,41240E-11
1,15275E+1	6,32400E-11
1,15361E+1	6,20960E-11
1,15448E+1	6,18440E-11
1,15535E+1	6,84640E-11
1,15621E+1	7,09990E-11
1,15708E+1	6,55160E-11
1,15794E+1	6,66430E-11
1,15881E+1	7,09870E-11
1,15968E+1	7,52880E-11
1,16054E+1	6,72510E-11
1,16141E+1	6,86530E-11
1,16227E+1	6,07200E-11
1,16314E+1	7,10130E-11
1,16401E+1	6,83270E-11
1,16487E+1	6,95600E-11
1,16574E+1	6,96160E-11
1,16660E+1	6,50370E-11
1,16747E+1	6,05390E-11
1,16834E+1	6,78830E-11
1,16920E+1	6,80960E-11
1,17007E+1	6,94310E-11
1,17093E+1	7,07080E-11
1,17180E+1	6,48690E-11
1,17267E+1	6,23320E-11
1,17353E+1	6,68940E-11
1,17440E+1	7,07970E-11
1,17527E+1	6,41330E-11
1,17613E+1	8,00330E-11
1,17700E+1	8,21340E-11
1,17786E+1	7,95910E-11
1,17873E+1	6,66030E-11
1,17960E+1	7,68380E-11
1,18046E+1	7,73070E-11
1,18133E+1	7,37440E-11
1,18219E+1	7,47500E-11
1,18306E+1	7,57620E-11
1,18393E+1	7,62500E-11
1,18479E+1	7,45160E-11
1,18566E+1	7,22120E-11
1,18652E+1	7,07880E-11
1,18739E+1	7,65250E-11
1,18826E+1	8,14260E-11
1,18912E+1	8,14560E-11
1,18999E+1	8,32310E-11
1,19085E+1	7,99050E-11
1,19172E+1	8,13070E-11
1,19259E+1	7,99380E-11
1,19345E+1	8,65160E-11
1,19432E+1	7,73140E-11
1,19519E+1	8,40960E-11
1,19605E+1	8,44390E-11
1,19692E+1	7,88780E-11
1,19778E+1	7,85730E-11
1,19865E+1	8,61650E-11
1,19952E+1	8,41870E-11
1,20038E+1	8,55620E-11
1,20125E+1	8,81730E-11
1,20211E+1	8,24130E-11
1,20298E+1	8,52270E-11
1,20385E+1	8,06660E-11
1,20471E+1	7,81320E-11
1,20558E+1	8,35510E-11
1,20644E+1	8,49750E-11
1,20731E+1	9,24940E-11
1,20818E+1	9,17350E-11
1,20904E+1	9,35920E-11
1,20991E+1	8,85090E-11
1,21077E+1	8,20780E-11
1,21164E+1	8,28920E-11
1,21251E+1	7,99700E-11
1,21337E+1	8,81420E-11
1,21424E+1	9,73770E-11
1,21510E+1	9,36970E-11
1,21597E+1	9,35550E-11
1,21684E+1	9,22360E-11
1,21770E+1	9,47880E-11
1,21857E+1	8,80440E-11
1,21944E+1	8,47680E-11
1,22030E+1	8,85290E-11
1,22117E+1	9,44910E-11
1,22203E+1	9,67280E-11
1,22290E+1	1,02700E-10
1,22377E+1	9,02870E-11
1,22463E+1	9,16160E-11
1,22550E+1	8,09170E-11
1,22636E+1	1,02903E-10
1,22723E+1	9,30150E-11
1,22810E+1	9,37920E-11
1,22896E+1	9,31260E-11
1,22983E+1	1,00272E-10
1,23069E+1	1,03128E-10
1,23156E+1	9,87790E-11
1,23243E+1	9,98370E-11
1,23329E+1	9,20960E-11
1,23416E+1	9,28320E-11
1,23502E+1	1,03791E-10
1,23589E+1	1,01642E-10
1,23676E+1	9,84910E-11
1,23762E+1	9,96850E-11
1,23849E+1	9,97420E-11
1,23936E+1	1,00337E-10
1,24022E+1	1,03543E-10
1,24109E+1	1,01517E-10
1,24195E+1	9,90250E-11
1,24282E+1	1,03148E-10
1,24369E+1	1,05024E-10
1,24455E+1	1,09771E-10
1,24542E+1	1,09762E-10
1,24628E+1	1,09604E-10
1,24715E+1	1,12272E-10
1,24802E+1	1,12896E-10
1,24888E+1	1,04539E-10
1,24975E+1	1,01401E-10
1,25061E+1	1,11587E-10
1,25148E+1	1,04321E-10
1,25235E+1	1,01523E-10
1,25321E+1	1,10853E-10
1,25408E+1	1,07516E-10
1,25494E+1	1,20582E-10
1,25581E+1	1,16960E-10
1,25668E+1	1,08678E-10
1,25754E+1	1,11855E-10
1,25841E+1	1,16688E-10
1,25927E+1	1,15620E-10
1,26014E+1	1,08912E-10
1,26101E+1	1,15461E-10
1,26187E+1	1,23937E-10
1,26274E+1	1,26333E-10
1,26361E+1	1,16585E-10
1,26447E+1	1,20518E-10
1,26534E+1	1,29429E-10
1,26620E+1	1,25706E-10
1,26707E+1	1,22430E-10
1,26794E+1	1,19026E-10
1,26880E+1	1,22655E-10
1,26967E+1	1,28738E-10
1,27053E+1	1,19581E-10
1,27140E+1	1,26517E-10
1,27227E+1	1,23494E-10
1,27313E+1	1,30083E-10
1,27400E+1	1,24607E-10
1,27486E+1	1,27934E-10
1,27573E+1	1,21916E-10
1,27660E+1	1,21809E-10
1,27746E+1	1,24901E-10
1,27833E+1	1,26140E-10
1,27919E+1	1,37539E-10
1,28006E+1	1,34144E-10
1,28093E+1	1,34636E-10
1,28179E+1	1,31108E-10
1,28266E+1	1,34712E-10
1,28353E+1	1,33965E-10
1,28439E+1	1,34349E-10
1,28526E+1	1,51643E-10
1,28612E+1	1,39439E-10
1,28699E+1	1,38682E-10
1,28786E+1	1,35316E-10
1,28872E+1	1,42384E-10
1,28959E+1	1,45256E-10
1,29045E+1	1,45266E-10
1,29132E+1	1,33501E-10
1,29219E+1	1,38400E-10
1,29305E+1	1,47183E-10
1,29392E+1	1,55016E-10
1,29478E+1	1,37302E-10
1,29565E+1	1,46204E-10
1,29652E+1	1,39475E-10
1,29738E+1	1,44675E-10
1,29825E+1	1,58901E-10
1,29911E+1	1,68155E-10
1,29998E+1	1,62817E-10
1,30085E+1	1,47744E-10
1,30171E+1	1,37169E-10
1,30258E+1	1,45285E-10
1,30344E+1	1,48225E-10
1,30431E+1	1,54009E-10
1,30518E+1	1,50211E-10
1,30604E+1	1,57181E-10
1,30691E+1	1,60459E-10
1,30778E+1	1,65945E-10
1,30864E+1	1,59611E-10
1,30951E+1	1,68238E-10
1,31037E+1	1,51821E-10
1,31124E+1	1,64598E-10
1,31211E+1	1,82914E-10
1,31297E+1	1,61852E-10
1,31384E+1	1,63299E-10
1,31470E+1	1,74901E-10
1,31557E+1	1,71094E-10
1,31644E+1	1,82738E-10
1,31730E+1	1,79831E-10
1,31817E+1	1,70262E-10
1,31903E+1	1,80512E-10
1,31990E+1	1,81441E-10
1,32077E+1	1,90902E-10
1,32163E+1	1,82658E-10
1,32250E+1	1,78009E-10
1,32336E+1	1,87437E-10
1,32423E+1	1,89070E-10
1,32510E+1	1,94188E-10
1,32596E+1	1,85118E-10
1,32683E+1	2,07696E-10
1,32770E+1	1,91526E-10
1,32856E+1	2,00315E-10
1,32943E+1	1,97924E-10
1,33029E+1	1,96925E-10
1,33116E+1	2,20550E-10
1,33203E+1	1,26257E-10
1,33289E+1	1,92770E-10
1,33376E+1	2,01981E-10
1,33462E+1	2,03438E-10
1,33549E+1	2,09196E-10
1,33636E+1	2,04829E-10
1,33722E+1	2,05704E-10
1,33809E+1	2,26860E-10
1,33895E+1	1,24989E-10
1,33982E+1	2,05073E-10
1,34069E+1	2,00596E-10
1,34155E+1	2,05330E-10
1,34242E+1	2,03502E-10
1,34328E+1	2,00496E-10
1,34415E+1	2,20160E-10
1,34502E+1	2,09610E-10
1,34588E+1	2,14590E-10
1,34675E+1	2,17240E-10
1,34761E+1	2,10650E-10
1,34848E+1	2,04810E-10
1,34935E+1	2,18410E-10
1,35021E+1	2,09630E-10
1,35108E+1	2,06120E-10
1,35195E+1	2,16290E-10
1,35281E+1	2,23830E-10
1,35368E+1	1,23636E-10
1,35454E+1	1,79882E-10
1,35541E+1	1,95202E-10
1,35628E+1	2,06439E-10
1,35714E+1	2,06112E-10
1,35801E+1	2,04690E-10
1,35887E+1	1,95343E-10
1,35974E+1	2,03719E-10
1,36061E+1	1,95528E-10
1,36147E+1	2,00767E-10
1,36234E+1	1,95462E-10
1,36320E+1	1,96482E-10
1,36407E+1	1,99705E-10
1,36494E+1	1,98409E-10
1,36580E+1	1,98307E-10
1,36667E+1	2,03687E-10
1,36753E+1	2,07076E-10
1,36840E+1	2,22810E-10
1,36927E+1	2,09410E-10
1,37013E+1	2,12340E-10
1,37100E+1	2,16930E-10
1,37187E+1	1,26248E-10
1,37273E+1	1,93998E-10
1,37360E+1	2,04679E-10
1,37446E+1	2,00639E-10
1,37533E+1	2,39630E-10
1,37620E+1	1,32861E-10
1,37706E+1	1,95459E-10
1,37793E+1	2,04837E-10
1,37879E+1	2,05136E-10
1,37966E+1	1,89740E-10
1,38053E+1	2,26880E-10
1,38139E+1	2,34530E-10
1,38226E+1	2,52340E-10
1,38312E+1	2,30340E-10
1,38399E+1	2,37160E-10
1,38486E+1	2,75790E-10
1,38572E+1	2,44430E-10
1,38659E+1	2,45340E-10
1,38745E+1	2,39380E-10
1,38832E+1	2,34720E-10
1,38919E+1	2,91160E-10
1,39005E+1	2,66340E-10
1,39092E+1	2,29410E-10
1,39179E+1	2,25720E-10
1,39265E+1	3,24700E-10
1,39352E+1	2,64640E-10
1,39438E+1	2,55420E-10
1,39525E+1	2,71950E-10
1,39612E+1	2,74100E-10
1,39698E+1	2,56590E-10
1,39785E+1	2,81540E-10
1,39871E+1	3,17130E-10
1,39958E+1	2,89080E-10
1,40045E+1	3,11310E-10
1,40131E+1	3,05560E-10
1,40218E+1	3,02210E-10
1,40304E+1	3,34460E-10
1,40391E+1	2,67740E-10
1,40478E+1	2,99960E-10
1,40564E+1	2,89590E-10
1,40651E+1	2,88690E-10
1,40737E+1	2,58500E-10
1,40824E+1	2,86110E-10
1,40911E+1	2,94180E-10
1,40997E+1	3,18110E-10
1,41084E+1	3,17950E-10
1,41170E+1	2,60040E-10
1,41257E+1	2,92740E-10
1,41344E+1	2,79900E-10
1,41430E+1	3,11720E-10
1,41517E+1	2,83580E-10
1,41604E+1	2,53420E-10
1,41690E+1	3,08870E-10
1,41777E+1	3,03630E-10
1,41863E+1	2,45910E-10
1,41950E+1	2,39640E-10
1,42037E+1	2,12500E-10
1,42123E+1	2,45930E-10
1,42210E+1	2,58270E-10
1,42296E+1	1,34257E-10
1,42383E+1	2,03850E-10
1,42470E+1	2,14740E-10
1,42556E+1	2,19220E-10
1,42643E+1	1,21022E-10
1,42729E+1	2,04466E-10
1,42816E+1	2,00066E-10
1,42903E+1	2,05344E-10
1,42989E+1	1,98550E-10
1,43076E+1	2,02485E-10
1,43162E+1	2,06594E-10
1,43249E+1	2,04460E-10
1,43336E+1	2,32140E-10
1,43422E+1	2,29680E-10
1,43509E+1	2,07740E-10
1,43596E+1	2,18790E-10
1,43682E+1	2,50220E-10
1,43769E+1	2,59030E-10
1,43855E+1	2,27570E-10
1,43942E+1	2,72760E-10
1,44029E+1	2,89650E-10
1,44115E+1	3,31000E-10
1,44202E+1	3,57170E-10
1,44288E+1	3,20320E-10
1,44375E+1	3,21010E-10
1,44462E+1	4,19640E-10
1,44548E+1	3,86480E-10
1,44635E+1	4,48560E-10
1,44721E+1	4,43810E-10
1,44808E+1	4,33750E-10
1,44895E+1	4,32800E-10
1,44981E+1	4,45700E-10
1,45068E+1	4,26820E-10
1,45154E+1	4,50090E-10
1,45241E+1	4,92300E-10
1,45328E+1	4,82870E-10
1,45414E+1	5,40180E-10
1,45501E+1	4,20110E-10
1,45587E+1	4,81630E-10
1,45674E+1	4,48340E-10
1,45761E+1	4,02590E-10
1,45847E+1	3,96960E-10
1,45934E+1	3,54300E-10
1,46021E+1	3,04490E-10
1,46107E+1	2,94900E-10
1,46194E+1	2,96660E-10
1,46280E+1	2,09870E-10
1,46367E+1	2,42040E-10
1,46454E+1	1,15354E-10
1,46540E+1	1,59881E-10
1,46627E+1	1,58670E-10
1,46713E+1	1,35205E-10
1,46800E+1	1,10333E-10
1,46887E+1	8,66690E-11
1,46973E+1	7,92610E-11
1,47060E+1	6,92380E-11
1,47146E+1	6,04790E-11
1,47233E+1	4,85860E-11
1,47320E+1	4,64860E-11
1,47406E+1	3,57770E-11
1,47493E+1	2,82100E-11
1,47579E+1	2,76960E-11
1,47666E+1	2,14250E-11
1,47753E+1	1,51520E-11
1,47839E+1	1,33522E-11
1,47926E+1	9,21000E-12
1,48013E+1	1,17432E-11
1,48099E+1	6,04000E-12
1,48186E+1	6,11460E-12
1,48272E+1	5,17410E-12
1,48359E+1	3,67960E-12
1,48446E+1	4,89930E-12
1,48532E+1	2,26670E-12
1,48619E+1	4,63230E-12
1,48705E+1	2,85840E-12
1,48792E+1	1,37550E-12
1,48879E+1	2,98790E-12
1,48965E+1	2,94170E-12
1,49052E+1	2,74350E-12
1,49138E+1	1,09680E-12
1,49225E+1	2,90200E-13
1,49312E+1	1,54440E-12
1,49398E+1	6,71000E-14
1,49485E+1	1,07900E-13
1,49571E+1	1,17400E-13
1,49658E+1	1,10810E-12
1,49745E+1	-1,56900E-13
1,49831E+1	3,27000E-14
1,49918E+1	3,57200E-13
1,50004E+1	-1,11480E-12
1,50091E+1	-3,55000E-13
1,50178E+1	-3,90700E-13
1,50264E+1	-7,55300E-13
1,50351E+1	-1,37920E-12
1,50438E+1	-1,29060E-12
1,50524E+1	-1,44400E-12
1,50611E+1	-1,62940E-12
1,50697E+1	-1,45910E-12
1,50784E+1	-1,45150E-12
1,50871E+1	-1,31720E-12
1,50957E+1	-1,10330E-12
1,51044E+1	-1,64310E-12
1,51130E+1	-2,14430E-12
1,51217E+1	-2,06150E-12
1,51304E+1	-1,57770E-12
1,51390E+1	-1,97590E-12
1,51477E+1	-1,68650E-12
1,51563E+1	-1,80380E-12
1,51650E+1	-1,43320E-12
1,51737E+1	-1,86640E-12
1,51823E+1	-1,73280E-12
1,51910E+1	-1,89050E-12
1,51996E+1	-1,76290E-12
1,52083E+1	-9,62400E-13
1,52170E+1	-1,83010E-12
1,52256E+1	-2,19610E-12
1,52343E+1	-1,84210E-12
1,52430E+1	-1,73360E-12
1,52516E+1	-1,65640E-12
1,52603E+1	-2,01910E-12
1,52689E+1	-1,74800E-12
1,52776E+1	-1,51430E-12
1,52863E+1	-1,47710E-12
1,52949E+1	-1,80260E-12
1,53036E+1	-2,21570E-12
1,53122E+1	-2,33800E-12
1,53209E+1	-2,12330E-12
1,53296E+1	-1,75440E-12
1,53382E+1	-2,01190E-12
1,53469E+1	-1,69610E-12
1,53555E+1	-2,14680E-12
1,53642E+1	-2,04710E-12
1,53729E+1	-1,96730E-12
1,53815E+1	-2,14120E-12
1,53902E+1	-2,05150E-12
1,53988E+1	-2,23860E-12
1,54075E+1	-2,08620E-12
1,54162E+1	-1,06450E-12
1,54248E+1	-1,92410E-12
1,54335E+1	-1,31980E-12
1,54421E+1	-2,06260E-12
1,54508E+1	-1,33360E-12
1,54595E+1	-1,39310E-12
1,54681E+1	-1,92430E-12
1,54768E+1	-1,76560E-12
1,54855E+1	-1,92980E-12
