E, keV	I, A
2,00109E+0	5,79000E-13
2,01208E+0	-3,95400E-13
2,02308E+0	-3,54500E-13
2,03408E+0	-4,24000E-14
2,04507E+0	8,63900E-13
2,05606E+0	8,34600E-13
2,06706E+0	2,90000E-14
2,07805E+0	-3,20000E-15
2,08905E+0	-1,34040E-12
2,10004E+0	-5,96000E-13
2,11104E+0	-7,53000E-13
2,12203E+0	-5,89100E-13
2,13303E+0	-1,25980E-12
2,14402E+0	-1,39780E-12
2,15502E+0	-6,67200E-13
2,16601E+0	-7,30500E-13
2,17701E+0	-7,80900E-13
2,18800E+0	-1,05570E-12
2,19900E+0	-1,29830E-12
2,20999E+0	-1,49580E-12
2,22099E+0	-1,51230E-12
2,23198E+0	-9,06800E-13
2,24298E+0	-1,51900E-13
2,25397E+0	-7,37300E-13
2,26497E+0	-2,44500E-13
2,27596E+0	-1,07440E-12
2,28696E+0	-1,67250E-12
2,29795E+0	-9,41200E-13
2,30895E+0	-1,26200E-12
2,31994E+0	-3,46900E-13
2,33094E+0	-1,27550E-12
2,34193E+0	-1,29170E-12
2,35293E+0	-1,71680E-12
2,36392E+0	-1,59930E-12
2,37492E+0	-1,45470E-12
2,38591E+0	-1,23880E-12
2,39691E+0	-1,87090E-12
2,40790E+0	-9,62400E-13
2,41890E+0	-1,73290E-12
2,42989E+0	-1,47640E-12
2,44089E+0	-1,67390E-12
2,45188E+0	-1,46320E-12
2,46288E+0	-7,16700E-13
2,47387E+0	-7,32200E-13
2,48487E+0	-1,47210E-12
2,49586E+0	-1,44770E-12
2,50686E+0	-7,60400E-13
2,51785E+0	-1,23540E-12
2,52885E+0	-1,25310E-12
2,53984E+0	-1,90220E-12
2,55084E+0	-9,75100E-13
2,56183E+0	-1,58960E-12
2,57283E+0	5,44000E-13
2,58383E+0	-1,18420E-12
2,59482E+0	-1,46240E-12
2,60581E+0	-8,53900E-13
2,61681E+0	-1,56730E-12
2,62780E+0	-1,52240E-12
2,63880E+0	-1,25290E-12
2,64980E+0	-1,47240E-12
2,66079E+0	-6,89700E-13
2,67178E+0	-5,99600E-13
2,68278E+0	-1,03190E-12
2,69378E+0	-1,09800E-12
2,70477E+0	-2,96200E-13
2,71577E+0	-1,48860E-12
2,72676E+0	-8,63300E-13
2,73775E+0	-1,10640E-12
2,74875E+0	-1,30400E-12
2,75974E+0	-1,12900E-12
2,77074E+0	-9,59300E-13
2,78173E+0	-5,31800E-13
2,79273E+0	-1,51920E-12
2,80372E+0	1,47800E-13
2,81472E+0	-8,94200E-13
2,82571E+0	-1,54450E-12
2,83671E+0	-1,28740E-12
2,84770E+0	2,06400E-13
2,85870E+0	-5,15400E-13
2,86969E+0	-5,06500E-13
2,88069E+0	-5,88500E-13
2,89168E+0	-8,30100E-13
2,90268E+0	-8,22600E-13
2,91367E+0	-9,65500E-13
2,92467E+0	-6,37800E-13
2,93566E+0	-5,06200E-13
2,94666E+0	-5,22600E-13
2,95765E+0	-5,48400E-13
2,96865E+0	-9,41300E-13
2,97964E+0	-4,69100E-13
2,99064E+0	-2,91000E-14
3,00163E+0	-9,94000E-14
3,01263E+0	-2,55100E-13
3,02363E+0	-4,61900E-13
3,03462E+0	-1,13930E-12
3,04561E+0	-5,12700E-13
3,05661E+0	3,65000E-14
3,06760E+0	-2,87000E-14
3,07860E+0	4,43300E-13
3,08959E+0	-1,11300E-13
3,10059E+0	-1,36300E-13
3,11158E+0	1,72600E-13
3,12258E+0	-1,13500E-13
3,13357E+0	1,64060E-12
3,14457E+0	3,68300E-13
3,15556E+0	8,30400E-13
3,16656E+0	3,89100E-13
3,17755E+0	-8,31500E-13
3,18855E+0	-5,35300E-13
3,19955E+0	-2,50700E-13
3,21054E+0	-6,15300E-13
3,22153E+0	-4,86500E-13
3,23253E+0	1,04390E-12
3,24352E+0	1,36110E-12
3,25452E+0	6,16000E-13
3,26552E+0	6,24000E-14
3,27651E+0	1,50740E-12
3,28750E+0	1,14420E-12
3,29850E+0	2,03000E-13
3,30949E+0	9,00600E-13
3,32049E+0	1,19740E-12
3,33148E+0	-6,62200E-13
3,34248E+0	-4,29400E-13
3,35347E+0	1,25780E-12
3,36447E+0	1,18200E-13
3,37546E+0	2,34970E-12
3,38646E+0	2,16130E-12
3,39745E+0	6,19700E-13
3,40845E+0	1,30320E-12
3,41944E+0	1,90630E-12
3,43044E+0	2,62850E-12
3,44143E+0	2,18180E-12
3,45243E+0	6,76200E-13
3,46342E+0	2,45240E-12
3,47442E+0	2,35710E-12
3,48541E+0	2,12930E-12
3,49641E+0	1,47360E-12
3,50740E+0	1,53460E-12
3,51840E+0	1,29130E-12
3,52939E+0	2,10520E-12
3,54039E+0	4,54500E-13
3,55138E+0	7,18800E-13
3,56238E+0	1,03750E-12
3,57337E+0	1,57920E-12
3,58437E+0	9,21700E-13
3,59536E+0	3,00720E-12
3,60636E+0	2,22560E-12
3,61735E+0	7,09500E-13
3,62835E+0	3,84100E-13
3,63934E+0	1,31700E-12
3,65034E+0	9,17300E-13
3,66133E+0	1,27420E-12
3,67233E+0	9,28600E-13
3,68332E+0	1,75690E-12
3,69432E+0	3,47600E-13
3,70531E+0	1,07140E-12
3,71631E+0	1,82390E-12
3,72730E+0	1,14030E-12
3,73830E+0	1,81620E-12
3,74930E+0	1,77950E-12
3,76029E+0	8,99200E-13
3,77128E+0	4,67700E-13
3,78228E+0	8,02400E-13
3,79327E+0	3,95500E-13
3,80427E+0	1,11600E-12
3,81527E+0	2,03870E-12
3,82626E+0	5,80800E-13
3,83725E+0	1,42260E-12
3,84825E+0	1,64480E-12
3,85924E+0	1,52350E-12
3,87024E+0	1,85080E-12
3,88123E+0	3,84200E-13
3,89223E+0	2,30900E-13
3,90322E+0	4,23700E-13
3,91422E+0	6,40300E-13
3,92521E+0	6,20500E-13
3,93621E+0	5,58600E-13
3,94720E+0	9,81600E-13
3,95820E+0	1,14620E-12
3,96919E+0	1,65640E-12
3,98019E+0	1,21600E-12
3,99118E+0	7,88600E-13
4,00218E+0	5,06300E-13
4,01317E+0	1,86240E-12
4,02417E+0	2,69980E-12
4,03516E+0	1,85390E-12
4,04616E+0	-1,20700E-13
4,05715E+0	1,99860E-12
4,06815E+0	1,56600E-12
4,07914E+0	2,37520E-12
4,09014E+0	2,59230E-12
4,10113E+0	2,81760E-12
4,11213E+0	3,25300E-12
4,12312E+0	1,43470E-12
4,13412E+0	2,23190E-12
4,14511E+0	3,93170E-12
4,15611E+0	3,24820E-12
4,16710E+0	2,48730E-12
4,17810E+0	2,82750E-12
4,18910E+0	2,61290E-12
4,20009E+0	3,04860E-12
4,21108E+0	1,34350E-12
4,22208E+0	2,53040E-12
4,23307E+0	1,80030E-12
4,24407E+0	2,78700E-12
4,25507E+0	5,28120E-12
4,26606E+0	2,09790E-12
4,27705E+0	2,12020E-12
4,28805E+0	2,26510E-12
4,29904E+0	3,49250E-12
4,31004E+0	3,56860E-12
4,32104E+0	1,26400E-12
4,33203E+0	2,84240E-12
4,34302E+0	3,07620E-12
4,35402E+0	2,09400E-12
4,36501E+0	1,03430E-12
4,37601E+0	2,11240E-12
4,38701E+0	2,39630E-12
4,39800E+0	3,52090E-12
4,40899E+0	3,18850E-12
4,41999E+0	1,73450E-12
4,43098E+0	1,44300E-12
4,44198E+0	1,47290E-12
4,45297E+0	3,81070E-12
4,46397E+0	2,36340E-12
4,47497E+0	2,85870E-12
4,48596E+0	2,12500E-12
4,49695E+0	2,98150E-12
4,50795E+0	2,90010E-12
4,51895E+0	2,35080E-12
4,52994E+0	3,54920E-12
4,54093E+0	3,12050E-12
4,55193E+0	3,33180E-12
4,56292E+0	2,41610E-12
4,57392E+0	4,82870E-12
4,58491E+0	2,69730E-12
4,59591E+0	4,20330E-12
4,60691E+0	3,69760E-12
4,61790E+0	2,92160E-12
4,62889E+0	3,76140E-12
4,63989E+0	2,35010E-12
4,65088E+0	5,12910E-12
4,66188E+0	5,70230E-12
4,67287E+0	4,25090E-12
4,68387E+0	4,55800E-12
4,69486E+0	2,07660E-12
4,70586E+0	3,20510E-12
4,71685E+0	3,14310E-12
4,72785E+0	3,15100E-12
4,73884E+0	2,28800E-12
4,74984E+0	3,84930E-12
4,76084E+0	4,14240E-12
4,77183E+0	3,52370E-12
4,78282E+0	4,14070E-12
4,79382E+0	3,40630E-12
4,80481E+0	2,67580E-12
4,81581E+0	1,85830E-12
4,82680E+0	2,54330E-12
4,83780E+0	7,05380E-12
4,84879E+0	3,99320E-12
4,85979E+0	4,69980E-12
4,87078E+0	2,92210E-12
4,88178E+0	5,92990E-12
4,89277E+0	4,92000E-12
4,90377E+0	3,75020E-12
4,91476E+0	4,41390E-12
4,92576E+0	4,59480E-12
4,93675E+0	6,54220E-12
4,94775E+0	4,78450E-12
4,95874E+0	4,33580E-12
4,96974E+0	4,75330E-12
4,98074E+0	5,61940E-12
4,99173E+0	6,78110E-12
5,00272E+0	6,82720E-12
5,01372E+0	4,36190E-12
5,02471E+0	5,30830E-12
5,03571E+0	3,97880E-12
5,04670E+0	4,30940E-12
5,05770E+0	3,55110E-12
5,06869E+0	2,78380E-12
5,07969E+0	2,40110E-12
5,09068E+0	3,80260E-12
5,10168E+0	5,26940E-12
5,11268E+0	5,18770E-12
5,12367E+0	4,82240E-12
5,13466E+0	3,36500E-12
5,14566E+0	6,00540E-12
5,15665E+0	4,79390E-12
5,16765E+0	4,51770E-12
5,17864E+0	4,23590E-12
5,18964E+0	4,28410E-12
5,20064E+0	4,82550E-12
5,21163E+0	4,88220E-12
5,22262E+0	3,12840E-12
5,23362E+0	4,94070E-12
5,24461E+0	4,46340E-12
5,25561E+0	5,88570E-12
5,26660E+0	5,01700E-12
5,27760E+0	3,20630E-12
5,28859E+0	3,73410E-12
5,29959E+0	3,61680E-12
5,31058E+0	4,46950E-12
5,32158E+0	4,82450E-12
5,33257E+0	4,45020E-12
5,34357E+0	5,75710E-12
5,35457E+0	3,81430E-12
5,36556E+0	3,49250E-12
5,37655E+0	4,41860E-12
5,38755E+0	3,64560E-12
5,39854E+0	4,48900E-12
5,40954E+0	4,43700E-12
5,42053E+0	5,03840E-12
5,43153E+0	4,81970E-12
5,44252E+0	3,85700E-12
5,45352E+0	6,44930E-12
5,46451E+0	4,66620E-12
5,47551E+0	5,09070E-12
5,48651E+0	5,71960E-12
5,49750E+0	4,17550E-12
5,50849E+0	4,36320E-12
5,51949E+0	5,31370E-12
5,53048E+0	3,92250E-12
5,54148E+0	4,42480E-12
5,55247E+0	6,87200E-12
5,56347E+0	6,49260E-12
5,57447E+0	5,82850E-12
5,58546E+0	4,64030E-12
5,59645E+0	5,11140E-12
5,60745E+0	6,39030E-12
5,61845E+0	3,97100E-12
5,62944E+0	4,67800E-12
5,64043E+0	6,40620E-12
5,65143E+0	6,24080E-12
5,66242E+0	3,92910E-12
5,67342E+0	3,15870E-12
5,68441E+0	5,89130E-12
5,69541E+0	6,50190E-12
5,70641E+0	6,12040E-12
5,71740E+0	6,51370E-12
5,72839E+0	5,06260E-12
5,73939E+0	5,65960E-12
5,75038E+0	5,48710E-12
5,76138E+0	4,91140E-12
5,77237E+0	5,47760E-12
5,78337E+0	5,24590E-12
5,79436E+0	5,54610E-12
5,80536E+0	6,19400E-12
5,81635E+0	5,06010E-12
5,82735E+0	4,28430E-12
5,83834E+0	6,01370E-12
5,84934E+0	5,61110E-12
5,86034E+0	6,55590E-12
5,87133E+0	7,03660E-12
5,88232E+0	5,63040E-12
5,89332E+0	4,76070E-12
5,90431E+0	8,26760E-12
5,91531E+0	7,83320E-12
5,92630E+0	6,31380E-12
5,93730E+0	6,14990E-12
5,94829E+0	9,40680E-12
5,95929E+0	6,85330E-12
5,97028E+0	7,48780E-12
5,98128E+0	9,47510E-12
5,99227E+0	6,60830E-12
6,00327E+0	7,41820E-12
6,01426E+0	8,51090E-12
6,02526E+0	7,44210E-12
6,03625E+0	7,13750E-12
6,04725E+0	7,19280E-12
6,05824E+0	7,45510E-12
6,06924E+0	7,04240E-12
6,08024E+0	7,84100E-12
6,09123E+0	6,34740E-12
6,10222E+0	7,01180E-12
6,11322E+0	8,69840E-12
6,12421E+0	8,24280E-12
6,13521E+0	1,05082E-11
6,14620E+0	9,01660E-12
6,15720E+0	7,63560E-12
6,16819E+0	5,53550E-12
6,17919E+0	8,55310E-12
6,19018E+0	8,18470E-12
6,20118E+0	9,46760E-12
6,21218E+0	8,65180E-12
6,22317E+0	8,10650E-12
6,23416E+0	7,23320E-12
6,24516E+0	8,13920E-12
6,25615E+0	7,17330E-12
6,26715E+0	7,87240E-12
6,27814E+0	8,76300E-12
6,28914E+0	7,22660E-12
6,30014E+0	9,42650E-12
6,31113E+0	8,52320E-12
6,32212E+0	7,47520E-12
6,33312E+0	1,02747E-11
6,34411E+0	8,77800E-12
6,35511E+0	8,97340E-12
6,36610E+0	8,46630E-12
6,37710E+0	1,15743E-11
6,38809E+0	7,54970E-12
6,39909E+0	9,17060E-12
6,41008E+0	8,23570E-12
6,42108E+0	1,04789E-11
6,43207E+0	1,06804E-11
6,44307E+0	9,07560E-12
6,45406E+0	8,91250E-12
6,46506E+0	9,93900E-12
6,47605E+0	7,74260E-12
6,48705E+0	7,72640E-12
6,49804E+0	1,10680E-11
6,50904E+0	1,08392E-11
6,52003E+0	1,02986E-11
6,53103E+0	9,38970E-12
6,54202E+0	1,09484E-11
6,55302E+0	9,67860E-12
6,56401E+0	8,76230E-12
6,57501E+0	9,80080E-12
6,58601E+0	9,66250E-12
6,59700E+0	1,08157E-11
6,60799E+0	1,09920E-11
6,61899E+0	1,01980E-11
6,62998E+0	1,07764E-11
6,64098E+0	1,09916E-11
6,65197E+0	1,32222E-11
6,66297E+0	1,00577E-11
6,67396E+0	9,65550E-12
6,68496E+0	1,05207E-11
6,69595E+0	9,61070E-12
6,70695E+0	1,18032E-11
6,71795E+0	1,19947E-11
6,72894E+0	1,13144E-11
6,73993E+0	1,09126E-11
6,75093E+0	1,29053E-11
6,76192E+0	1,17729E-11
6,77292E+0	9,84830E-12
6,78391E+0	1,17063E-11
6,79491E+0	1,19346E-11
6,80591E+0	1,14721E-11
6,81690E+0	1,18687E-11
6,82789E+0	1,09463E-11
6,83889E+0	1,22750E-11
6,84988E+0	1,60889E-11
6,86088E+0	1,24619E-11
6,87187E+0	1,36556E-11
6,88287E+0	1,23991E-11
6,89386E+0	1,31202E-11
6,90486E+0	1,33199E-11
6,91585E+0	1,36384E-11
6,92685E+0	1,29819E-11
6,93784E+0	1,64934E-11
6,94884E+0	1,38250E-11
6,95983E+0	1,61708E-11
6,97083E+0	1,41931E-11
6,98182E+0	1,38657E-11
6,99282E+0	1,21587E-11
7,00381E+0	1,25891E-11
7,01481E+0	1,48448E-11
7,02580E+0	1,51517E-11
7,03680E+0	1,40509E-11
7,04779E+0	1,67380E-11
7,05879E+0	1,46859E-11
7,06978E+0	1,53559E-11
7,08078E+0	1,43900E-11
7,09177E+0	1,37275E-11
7,10277E+0	1,18561E-11
7,11376E+0	1,38408E-11
7,12476E+0	1,34470E-11
7,13575E+0	1,53495E-11
7,14675E+0	1,32449E-11
7,15774E+0	1,28967E-11
7,16874E+0	1,44493E-11
7,17973E+0	1,41423E-11
7,19073E+0	1,45076E-11
7,20172E+0	1,28002E-11
7,21272E+0	1,59577E-11
7,22371E+0	1,67104E-11
7,23471E+0	1,53750E-11
7,24570E+0	1,64542E-11
7,25670E+0	1,50759E-11
7,26769E+0	1,48198E-11
7,27869E+0	1,47325E-11
7,28968E+0	1,62543E-11
7,30068E+0	1,51069E-11
7,31168E+0	1,97294E-11
7,32267E+0	1,45954E-11
7,33366E+0	1,79571E-11
7,34466E+0	1,50237E-11
7,35565E+0	1,85082E-11
7,36665E+0	1,60419E-11
7,37764E+0	1,43851E-11
7,38864E+0	1,62308E-11
7,39963E+0	1,50072E-11
7,41063E+0	1,52243E-11
7,42162E+0	1,70431E-11
7,43262E+0	1,86497E-11
7,44361E+0	1,58852E-11
7,45461E+0	1,75744E-11
7,46560E+0	1,82961E-11
7,47660E+0	1,90636E-11
7,48759E+0	1,89519E-11
7,49859E+0	2,00540E-11
7,50958E+0	2,01181E-11
7,52058E+0	1,93001E-11
7,53157E+0	1,93382E-11
7,54257E+0	1,45170E-11
7,55356E+0	2,01650E-11
7,56456E+0	2,35660E-11
7,57555E+0	2,32190E-11
7,58655E+0	2,16070E-11
7,59754E+0	2,18420E-11
7,60854E+0	2,03520E-11
7,61953E+0	2,32230E-11
7,63053E+0	2,17270E-11
7,64152E+0	2,26120E-11
7,65252E+0	2,08090E-11
7,66351E+0	2,29040E-11
7,67451E+0	2,22530E-11
7,68551E+0	2,07370E-11
7,69650E+0	2,32750E-11
7,70749E+0	2,25290E-11
7,71849E+0	2,13550E-11
7,72948E+0	2,00440E-11
7,74048E+0	2,26300E-11
7,75147E+0	2,40130E-11
7,76247E+0	2,70820E-11
7,77346E+0	2,73910E-11
7,78446E+0	2,37910E-11
7,79545E+0	2,45860E-11
7,80645E+0	2,57170E-11
7,81745E+0	2,94150E-11
7,82844E+0	2,63110E-11
7,83943E+0	2,48390E-11
7,85043E+0	2,88440E-11
7,86142E+0	2,44210E-11
7,87242E+0	2,67930E-11
7,88341E+0	2,75740E-11
7,89441E+0	2,53050E-11
7,90541E+0	2,64890E-11
7,91640E+0	2,61430E-11
7,92739E+0	2,40500E-11
7,93839E+0	2,52730E-11
7,94938E+0	2,69820E-11
7,96038E+0	2,49800E-11
7,97137E+0	2,58090E-11
7,98237E+0	2,59830E-11
7,99336E+0	2,77230E-11
8,00436E+0	2,82940E-11
8,01535E+0	2,61520E-11
8,02635E+0	2,81800E-11
8,03734E+0	2,59960E-11
8,04834E+0	3,03270E-11
8,05933E+0	2,82990E-11
8,07033E+0	2,81780E-11
8,08132E+0	2,47060E-11
8,09232E+0	2,69610E-11
8,10332E+0	2,98380E-11
8,11431E+0	2,91130E-11
8,12530E+0	3,10210E-11
8,13630E+0	2,57860E-11
8,14729E+0	3,10360E-11
8,15829E+0	3,38050E-11
8,16928E+0	3,33770E-11
8,18028E+0	3,16770E-11
8,19127E+0	3,11510E-11
8,20227E+0	2,97200E-11
8,21326E+0	2,82760E-11
8,22426E+0	2,62600E-11
8,23526E+0	2,80780E-11
8,24625E+0	2,97700E-11
8,25724E+0	3,16650E-11
8,26824E+0	3,34870E-11
8,27923E+0	3,26110E-11
8,29023E+0	2,77930E-11
8,30122E+0	3,30700E-11
8,31222E+0	3,52380E-11
8,32321E+0	3,47670E-11
8,33421E+0	3,13600E-11
8,34520E+0	3,52690E-11
8,35620E+0	3,71780E-11
8,36720E+0	2,99180E-11
8,37819E+0	3,26820E-11
8,38918E+0	3,39010E-11
8,40018E+0	3,48430E-11
8,41118E+0	3,85760E-11
8,42217E+0	3,41150E-11
8,43316E+0	3,41720E-11
8,44416E+0	3,42710E-11
8,45515E+0	3,64860E-11
8,46615E+0	4,02620E-11
8,47715E+0	3,59910E-11
8,48814E+0	3,82390E-11
8,49913E+0	3,52660E-11
8,51013E+0	3,85910E-11
8,52112E+0	3,80210E-11
8,53212E+0	3,62350E-11
8,54311E+0	4,14000E-11
8,55411E+0	3,77640E-11
8,56510E+0	3,95320E-11
8,57610E+0	4,08230E-11
8,58709E+0	4,26230E-11
8,59809E+0	4,75080E-11
8,60909E+0	4,57170E-11
8,62008E+0	4,59180E-11
8,63107E+0	4,35990E-11
8,64207E+0	4,80600E-11
8,65306E+0	4,95650E-11
8,66406E+0	4,50930E-11
8,67505E+0	4,98430E-11
8,68605E+0	4,61660E-11
8,69704E+0	4,42920E-11
8,70804E+0	4,95610E-11
8,71903E+0	5,84810E-11
8,73003E+0	4,95800E-11
8,74102E+0	4,70530E-11
8,75202E+0	4,74580E-11
8,76301E+0	4,78750E-11
8,77401E+0	4,79590E-11
8,78500E+0	4,71700E-11
8,79600E+0	4,63160E-11
8,80699E+0	5,08850E-11
8,81799E+0	5,26310E-11
8,82898E+0	4,87580E-11
8,83998E+0	4,95730E-11
8,85098E+0	5,90540E-11
8,86197E+0	5,05850E-11
8,87296E+0	4,97580E-11
8,88396E+0	4,89930E-11
8,89495E+0	5,22560E-11
8,90595E+0	5,12960E-11
8,91694E+0	5,31950E-11
8,92794E+0	4,10390E-11
8,93894E+0	4,87310E-11
8,94993E+0	4,98520E-11
8,96092E+0	4,82470E-11
8,97192E+0	4,53910E-11
8,98291E+0	4,50940E-11
8,99391E+0	5,08340E-11
9,00490E+0	4,20710E-11
9,01590E+0	4,30080E-11
9,02689E+0	5,04640E-11
9,03789E+0	4,74110E-11
9,04889E+0	4,75860E-11
9,05988E+0	4,55010E-11
9,07087E+0	4,51910E-11
9,08187E+0	4,75260E-11
9,09286E+0	4,85130E-11
9,10386E+0	4,82940E-11
9,11485E+0	4,85880E-11
9,12585E+0	4,32120E-11
9,13684E+0	4,92620E-11
9,14784E+0	5,01780E-11
9,15883E+0	4,62710E-11
9,16983E+0	4,47290E-11
9,18082E+0	4,52270E-11
9,19182E+0	4,06160E-11
9,20281E+0	4,21590E-11
9,21381E+0	4,11090E-11
9,22480E+0	4,43130E-11
9,23580E+0	4,13470E-11
9,24679E+0	4,74080E-11
9,25779E+0	4,56660E-11
9,26878E+0	4,24480E-11
9,27978E+0	4,80190E-11
9,29077E+0	4,90780E-11
9,30177E+0	4,75810E-11
9,31277E+0	4,34120E-11
9,32376E+0	4,66520E-11
9,33475E+0	4,10870E-11
9,34575E+0	4,72510E-11
9,35674E+0	4,62550E-11
9,36774E+0	4,04440E-11
9,37873E+0	4,24870E-11
9,38973E+0	4,54350E-11
9,40072E+0	4,80660E-11
9,41172E+0	4,55490E-11
9,42272E+0	4,10770E-11
9,43371E+0	4,06460E-11
9,44470E+0	4,06210E-11
9,45570E+0	4,40540E-11
9,46669E+0	4,09140E-11
9,47769E+0	5,04580E-11
9,48869E+0	4,32090E-11
9,49968E+0	4,29750E-11
9,51067E+0	4,04310E-11
9,52167E+0	4,26280E-11
9,53266E+0	4,31100E-11
9,54366E+0	4,30500E-11
9,55465E+0	4,50630E-11
9,56565E+0	4,70890E-11
9,57665E+0	4,30220E-11
9,58764E+0	5,27910E-11
9,59863E+0	4,40770E-11
9,60963E+0	4,43220E-11
9,62062E+0	4,37040E-11
9,62210E+0	4,30420E-11
9,63076E+0	4,52460E-11
9,63942E+0	4,20610E-11
9,64808E+0	4,38590E-11
9,65674E+0	4,58940E-11
9,66540E+0	4,78930E-11
9,67406E+0	4,91010E-11
9,68272E+0	4,78970E-11
9,69138E+0	4,73140E-11
9,70004E+0	4,35230E-11
9,70870E+0	4,67100E-11
9,71737E+0	4,94580E-11
9,72603E+0	4,66380E-11
9,73469E+0	4,87330E-11
9,74335E+0	4,68020E-11
9,75201E+0	4,70040E-11
9,76067E+0	5,17950E-11
9,76933E+0	5,64350E-11
9,77799E+0	5,59440E-11
9,78665E+0	5,80510E-11
9,79531E+0	6,50120E-11
9,80397E+0	5,73480E-11
9,81263E+0	5,89860E-11
9,82130E+0	5,90140E-11
9,82996E+0	6,39090E-11
9,83862E+0	7,01730E-11
9,84728E+0	7,00780E-11
9,85594E+0	6,03970E-11
9,86460E+0	6,63690E-11
9,87326E+0	6,41590E-11
9,88192E+0	6,58700E-11
9,89058E+0	6,98910E-11
9,89924E+0	6,47440E-11
9,90790E+0	6,33280E-11
9,91656E+0	6,25790E-11
9,92522E+0	5,78580E-11
9,93389E+0	6,16630E-11
9,94255E+0	6,42290E-11
9,95121E+0	5,57760E-11
9,95987E+0	5,85630E-11
9,96853E+0	6,32050E-11
9,97719E+0	5,69350E-11
9,98585E+0	5,77600E-11
9,99451E+0	6,61650E-11
1,00032E+1	6,05800E-11
1,00118E+1	5,72370E-11
1,00205E+1	5,35560E-11
1,00292E+1	5,26130E-11
1,00378E+1	5,71040E-11
1,00465E+1	5,54000E-11
1,00551E+1	5,35880E-11
1,00638E+1	5,05300E-11
1,00725E+1	5,20430E-11
1,00811E+1	5,66240E-11
1,00898E+1	5,21270E-11
1,00984E+1	5,27070E-11
1,01071E+1	4,95060E-11
1,01158E+1	5,67830E-11
1,01244E+1	5,38450E-11
1,01331E+1	5,44570E-11
1,01417E+1	5,03770E-11
1,01504E+1	4,98630E-11
1,01591E+1	4,88150E-11
1,01677E+1	4,99060E-11
1,01764E+1	5,33080E-11
1,01850E+1	4,56630E-11
1,01937E+1	4,78090E-11
1,02024E+1	4,84730E-11
1,02110E+1	4,30110E-11
1,02197E+1	5,52290E-11
1,02284E+1	5,29560E-11
1,02370E+1	4,24960E-11
1,02457E+1	5,06950E-11
1,02543E+1	4,53060E-11
1,02630E+1	4,75870E-11
1,02717E+1	4,93270E-11
1,02803E+1	4,92810E-11
1,02890E+1	4,27540E-11
1,02976E+1	4,63850E-11
1,03063E+1	4,72430E-11
1,03150E+1	4,34220E-11
1,03236E+1	5,07050E-11
1,03323E+1	4,76530E-11
1,03409E+1	4,54530E-11
1,03496E+1	4,45960E-11
1,03583E+1	4,54880E-11
1,03669E+1	4,43550E-11
1,03756E+1	3,95670E-11
1,03842E+1	3,80310E-11
1,03929E+1	4,25380E-11
1,04016E+1	3,87740E-11
1,04102E+1	4,10210E-11
1,04189E+1	4,04680E-11
1,04276E+1	3,81450E-11
1,04362E+1	4,08720E-11
1,04449E+1	3,82380E-11
1,04535E+1	3,91020E-11
1,04622E+1	3,34460E-11
1,04709E+1	3,80610E-11
1,04795E+1	3,80970E-11
1,04882E+1	4,02020E-11
1,04968E+1	3,22380E-11
1,05055E+1	2,80700E-11
1,05142E+1	2,60650E-11
1,05228E+1	2,49720E-11
1,05315E+1	2,67650E-11
1,05401E+1	2,55890E-11
1,05488E+1	2,60060E-11
1,05575E+1	2,31870E-11
1,05661E+1	2,28640E-11
1,05748E+1	1,88083E-11
1,05834E+1	1,78090E-11
1,05921E+1	2,25410E-11
1,06008E+1	1,62327E-11
1,06094E+1	1,64055E-11
1,06181E+1	1,40855E-11
1,06267E+1	1,38140E-11
1,06354E+1	1,02066E-11
1,06441E+1	1,27772E-11
1,06527E+1	1,36037E-11
1,06614E+1	9,48510E-12
1,06701E+1	1,12579E-11
1,06787E+1	1,13603E-11
1,06874E+1	9,33240E-12
1,06960E+1	9,12490E-12
1,07047E+1	8,91450E-12
1,07134E+1	5,66230E-12
1,07220E+1	4,12740E-12
1,07307E+1	4,11100E-12
1,07393E+1	3,10210E-12
1,07480E+1	4,06530E-12
1,07567E+1	5,85560E-12
1,07653E+1	4,42480E-12
1,07740E+1	2,51670E-12
1,07826E+1	1,76130E-12
1,07913E+1	2,06060E-12
1,08000E+1	1,18880E-12
1,08086E+1	7,37700E-13
1,08173E+1	8,03600E-13
1,08259E+1	-7,51100E-13
1,08346E+1	-7,10800E-13
1,08433E+1	5,91600E-13
1,08519E+1	-2,55400E-13
1,08606E+1	-9,60900E-13
1,08693E+1	-1,02810E-12
1,08779E+1	-1,36340E-12
1,08866E+1	-1,37460E-12
1,08952E+1	-1,15900E-12
1,09039E+1	-1,61130E-12
1,09126E+1	-1,44940E-12
1,09212E+1	-1,93210E-12
1,09299E+1	-1,87270E-12
1,09385E+1	-1,76050E-12
1,09472E+1	-2,01130E-12
1,09559E+1	-1,84190E-12
1,09645E+1	-1,79060E-12
1,09732E+1	-2,22080E-12
1,09818E+1	-2,21280E-12
1,09905E+1	-1,94250E-12
1,09992E+1	-2,16860E-12
1,10078E+1	-2,25710E-12
1,10165E+1	-2,42650E-12
1,10251E+1	-2,22790E-12
1,10338E+1	-2,29570E-12
1,10425E+1	-1,99440E-12
1,10511E+1	-2,37600E-12
1,10598E+1	-2,48000E-12
1,10684E+1	-2,14740E-12
1,10771E+1	-2,20840E-12
1,10858E+1	-2,33040E-12
1,10944E+1	-2,33870E-12
1,11031E+1	-2,26170E-12
1,11118E+1	-2,39890E-12
1,11204E+1	-2,52600E-12
1,11291E+1	-2,44280E-12
1,11377E+1	-2,25960E-12
1,11464E+1	-2,51030E-12
1,11551E+1	-2,24670E-12
1,11637E+1	-2,42370E-12
1,11724E+1	-2,45440E-12
1,11810E+1	-2,46710E-12
1,11897E+1	-2,52230E-12
1,11984E+1	-2,31600E-12
1,12070E+1	-2,46890E-12
1,12157E+1	-2,42880E-12
1,12243E+1	-2,47250E-12
1,12330E+1	-2,53360E-12
1,12417E+1	-2,48160E-12
1,12503E+1	-2,51390E-12
1,12590E+1	-2,38460E-12
1,12676E+1	-2,46280E-12
1,12763E+1	-2,48470E-12
1,12850E+1	-2,29920E-12
1,12936E+1	-2,28570E-12
1,13023E+1	-2,45770E-12
1,13110E+1	-2,47620E-12
1,13196E+1	-2,44520E-12
1,13283E+1	-2,43070E-12
1,13369E+1	-2,49780E-12
1,13456E+1	-2,48320E-12
1,13543E+1	-2,49990E-12
1,13629E+1	-2,50420E-12
1,13716E+1	-2,47300E-12
1,13802E+1	-2,46540E-12
1,13889E+1	-2,42610E-12
1,13976E+1	-2,33440E-12
1,14062E+1	-2,40120E-12
1,14149E+1	-2,46950E-12
1,14235E+1	-2,45440E-12
1,14322E+1	-2,55200E-12
1,14409E+1	-2,50150E-12
1,14495E+1	-2,55210E-12
1,14582E+1	-2,52260E-12
1,14668E+1	-2,49260E-12
1,14755E+1	-2,51440E-12
1,14842E+1	-2,45730E-12
