E, keV	I, A
2,00109E+0	-1,21940E-12
2,01208E+0	8,42000E-14
2,02308E+0	1,81500E-13
2,03408E+0	9,94800E-13
2,04507E+0	3,80000E-15
2,05606E+0	1,22880E-12
2,06706E+0	-2,32700E-13
2,07805E+0	-4,57000E-14
2,08905E+0	5,51400E-13
2,10004E+0	3,87700E-13
2,11104E+0	-2,84100E-13
2,12203E+0	-2,41300E-13
2,13303E+0	5,24400E-13
2,14402E+0	-1,36800E-13
2,15502E+0	3,04200E-13
2,16601E+0	-4,67700E-13
2,17701E+0	-1,14100E-13
2,18800E+0	-3,71300E-13
2,19900E+0	-8,93800E-13
2,20999E+0	-1,03110E-12
2,22099E+0	-1,03210E-12
2,23198E+0	4,30000E-14
2,24298E+0	-7,39900E-13
2,25397E+0	-8,98000E-13
2,26497E+0	-9,87600E-13
2,27596E+0	-4,45000E-13
2,28696E+0	-1,11370E-12
2,29795E+0	-1,21610E-12
2,30895E+0	-1,59240E-12
2,31994E+0	-4,99000E-13
2,33094E+0	-9,04600E-13
2,34193E+0	-5,95000E-13
2,35293E+0	-8,99100E-13
2,36392E+0	-7,40800E-13
2,37492E+0	-1,17220E-12
2,38591E+0	-1,80140E-12
2,39691E+0	-1,50140E-12
2,40790E+0	-1,00470E-12
2,41890E+0	-1,43580E-12
2,42989E+0	-1,78480E-12
2,44089E+0	-1,80200E-12
2,45188E+0	-1,79540E-12
2,46288E+0	-1,56200E-12
2,47387E+0	-1,36450E-12
2,48487E+0	-1,20770E-12
2,49586E+0	-7,88200E-13
2,50686E+0	-1,90750E-12
2,51785E+0	-2,00030E-12
2,52885E+0	-1,64720E-12
2,53984E+0	-1,41550E-12
2,55084E+0	-2,12890E-12
2,56183E+0	-1,92130E-12
2,57283E+0	-1,64350E-12
2,58383E+0	-2,11020E-12
2,59482E+0	-1,43000E-12
2,60581E+0	-1,87830E-12
2,61681E+0	-1,24470E-12
2,62780E+0	-1,96320E-12
2,63880E+0	-2,05390E-12
2,64980E+0	-1,89110E-12
2,66079E+0	-1,97250E-12
2,67178E+0	-1,17100E-12
2,68278E+0	-1,33240E-12
2,69378E+0	-1,62470E-12
2,70477E+0	-1,40110E-12
2,71577E+0	-1,62520E-12
2,72676E+0	-1,71200E-12
2,73775E+0	-2,09950E-12
2,74875E+0	-2,22780E-12
2,75974E+0	-2,23590E-12
2,77074E+0	-2,23600E-12
2,78173E+0	-1,71220E-12
2,79273E+0	-1,27160E-12
2,80372E+0	-1,94570E-12
2,81472E+0	-1,54090E-12
2,82571E+0	-1,55080E-12
2,83671E+0	-1,70700E-12
2,84770E+0	-2,07120E-12
2,85870E+0	-1,38140E-12
2,86969E+0	-1,44710E-12
2,88069E+0	-1,99140E-12
2,89168E+0	-1,29870E-12
2,90268E+0	-1,57040E-12
2,91367E+0	-1,92870E-12
2,92467E+0	-2,04150E-12
2,93566E+0	-1,83890E-12
2,94666E+0	-1,43790E-12
2,95765E+0	-1,38130E-12
2,96865E+0	-1,72940E-12
2,97964E+0	-1,31570E-12
2,99064E+0	-1,68630E-12
3,00163E+0	-8,23000E-13
3,01263E+0	-1,85280E-12
3,02363E+0	-1,44620E-12
3,03462E+0	-9,05600E-13
3,04561E+0	-1,64750E-12
3,05661E+0	-1,77980E-12
3,06760E+0	-2,05300E-12
3,07860E+0	-2,04250E-12
3,08959E+0	-1,88040E-12
3,10059E+0	-2,02870E-12
3,11158E+0	-1,16960E-12
3,12258E+0	-1,65190E-12
3,13357E+0	-1,92640E-12
3,14457E+0	-1,34120E-12
3,15556E+0	-1,87070E-12
3,16656E+0	-2,18130E-12
3,17755E+0	-1,67520E-12
3,18855E+0	-1,76240E-12
3,19955E+0	-1,63270E-12
3,21054E+0	-1,95880E-12
3,22153E+0	-2,05350E-12
3,23253E+0	-2,04380E-12
3,24352E+0	-1,54550E-12
3,25452E+0	-1,79560E-12
3,26552E+0	-1,34440E-12
3,27651E+0	-1,46550E-12
3,28750E+0	-1,27870E-12
3,29850E+0	-1,60890E-12
3,30949E+0	-9,63500E-13
3,32049E+0	-1,62330E-12
3,33148E+0	-1,50700E-12
3,34248E+0	-1,36790E-12
3,35347E+0	-1,09760E-12
3,36447E+0	-1,23360E-12
3,37546E+0	-1,46230E-12
3,38646E+0	-1,85570E-12
3,39745E+0	-1,46630E-12
3,40845E+0	-1,63100E-12
3,41944E+0	-1,80880E-12
3,43044E+0	-1,76000E-12
3,44143E+0	-1,88930E-12
3,45243E+0	-1,78300E-12
3,46342E+0	-1,31260E-12
3,47442E+0	-1,31630E-12
3,48541E+0	-1,60810E-12
3,49641E+0	-1,62520E-12
3,50740E+0	-1,19880E-12
3,51840E+0	-1,57190E-12
3,52939E+0	-1,45100E-12
3,54039E+0	-1,56210E-12
3,55138E+0	-1,93260E-12
3,56238E+0	-1,65450E-12
3,57337E+0	-1,66960E-12
3,58437E+0	-1,87200E-12
3,59536E+0	-2,16380E-12
3,60636E+0	-1,59300E-12
3,61735E+0	-1,65870E-12
3,62835E+0	-1,54140E-12
3,63934E+0	-8,79000E-13
3,65034E+0	-1,22330E-12
3,66133E+0	-9,08600E-13
3,67233E+0	-9,96700E-13
3,68332E+0	-1,54990E-12
3,69432E+0	-1,14090E-12
3,70531E+0	-1,39890E-12
3,71631E+0	-1,50070E-12
3,72730E+0	-1,69580E-12
3,73830E+0	-1,33510E-12
3,74930E+0	-1,97420E-12
3,76029E+0	-8,55100E-13
3,77128E+0	-1,51910E-12
3,78228E+0	-1,60170E-12
3,79327E+0	-9,59900E-13
3,80427E+0	-1,64030E-12
3,81527E+0	-1,96410E-12
3,82626E+0	-1,71280E-12
3,83725E+0	-1,94410E-12
3,84825E+0	-1,55670E-12
3,85924E+0	-1,43990E-12
3,87024E+0	-1,44870E-12
3,88123E+0	-6,42600E-13
3,89223E+0	-9,36900E-13
3,90322E+0	-1,14640E-12
3,91422E+0	-1,43530E-12
3,92521E+0	-1,57390E-12
3,93621E+0	-1,72070E-12
3,94720E+0	-1,26330E-12
3,95820E+0	-5,78700E-13
3,96919E+0	-1,41580E-12
3,98019E+0	-1,46910E-12
3,99118E+0	-1,62770E-12
4,00218E+0	-1,13090E-12
4,01317E+0	-9,82200E-13
4,02417E+0	-1,47530E-12
4,03516E+0	-5,35600E-13
4,04616E+0	-3,59700E-13
4,05715E+0	-1,24040E-12
4,06815E+0	-6,02700E-13
4,07914E+0	-1,34380E-12
4,09014E+0	-1,27690E-12
4,10113E+0	-1,51540E-12
4,11213E+0	-1,70680E-12
4,12312E+0	-1,73290E-12
4,13412E+0	-1,23450E-12
4,14511E+0	-1,66450E-12
4,15611E+0	-1,26130E-12
4,16710E+0	-1,43900E-12
4,17810E+0	-1,16780E-12
4,18910E+0	-1,54400E-12
4,20009E+0	-1,45020E-12
4,21108E+0	-1,35890E-12
4,22208E+0	-9,47600E-13
4,23307E+0	-1,42480E-12
4,24407E+0	-8,14700E-13
4,25507E+0	-1,43690E-12
4,26606E+0	-1,11370E-12
4,27705E+0	-1,48050E-12
4,28805E+0	-1,28700E-12
4,29904E+0	-1,28820E-12
4,31004E+0	-1,13170E-12
4,32104E+0	-2,04750E-12
4,33203E+0	-1,45290E-12
4,34302E+0	-7,46300E-13
4,35402E+0	-1,59210E-12
4,36501E+0	-1,69830E-12
4,37601E+0	-1,18980E-12
4,38701E+0	-2,02430E-12
4,39800E+0	-1,04210E-12
4,40899E+0	-1,41240E-12
4,41999E+0	-1,14440E-12
4,43098E+0	-7,43600E-13
4,44198E+0	-1,15580E-12
4,45297E+0	-9,97000E-13
4,46397E+0	-7,29000E-13
4,47497E+0	-1,61800E-12
4,48596E+0	-1,01870E-12
4,49695E+0	-1,66150E-12
4,50795E+0	-1,38810E-12
4,51895E+0	-8,96300E-13
4,52994E+0	-1,58500E-12
4,54093E+0	-3,89000E-13
4,55193E+0	-5,66600E-13
4,56292E+0	5,63300E-13
4,57392E+0	2,58600E-13
4,58491E+0	-6,49500E-13
4,59591E+0	-1,21700E-12
4,60691E+0	2,46100E-13
4,61790E+0	-1,02280E-12
4,62889E+0	-1,33430E-12
4,63989E+0	-5,45000E-13
4,65088E+0	-1,17990E-12
4,66188E+0	-1,38940E-12
4,67287E+0	-5,91200E-13
4,68387E+0	6,93800E-13
4,69486E+0	3,87200E-13
4,70586E+0	5,93300E-13
4,71685E+0	6,38100E-13
4,72785E+0	1,07400E-13
4,73884E+0	7,00900E-13
4,74984E+0	-2,79900E-13
4,76084E+0	-3,90900E-13
4,77183E+0	2,57280E-12
4,78282E+0	4,80300E-13
4,79382E+0	1,43220E-12
4,80481E+0	1,33100E-12
4,81581E+0	1,40940E-12
4,82680E+0	7,56300E-13
4,83780E+0	1,40100E-12
4,84879E+0	-8,15200E-13
4,85979E+0	2,56800E-13
4,87078E+0	1,97340E-12
4,88178E+0	7,87800E-13
4,89277E+0	3,98700E-13
4,90377E+0	2,09000E-13
4,91476E+0	-8,35700E-13
4,92576E+0	-1,41930E-12
4,93675E+0	1,27400E-13
4,94775E+0	4,34700E-13
4,95874E+0	-6,75300E-13
4,96974E+0	7,45400E-13
4,98074E+0	-3,01100E-13
4,99173E+0	-6,55700E-13
5,00272E+0	-2,66400E-13
5,01372E+0	3,03000E-13
5,02471E+0	-5,04400E-13
5,03571E+0	1,65800E-13
5,04670E+0	7,20000E-15
5,05770E+0	1,62810E-12
5,06869E+0	3,77500E-13
5,07969E+0	6,06600E-13
5,09068E+0	-1,05460E-12
5,10168E+0	-6,79100E-13
5,11268E+0	-3,98000E-13
5,12367E+0	-6,15200E-13
5,13466E+0	-5,65100E-13
5,14566E+0	9,45000E-14
5,15665E+0	8,93000E-14
5,16765E+0	-1,29320E-12
5,17864E+0	-2,09000E-14
5,18964E+0	-4,61500E-13
5,20064E+0	4,62000E-13
5,21163E+0	1,10220E-12
5,22262E+0	-5,04300E-13
5,23362E+0	1,15620E-12
5,24461E+0	1,76990E-12
5,25561E+0	9,99600E-13
5,26660E+0	2,85840E-12
5,27760E+0	1,96720E-12
5,28859E+0	1,40880E-12
5,29959E+0	9,70400E-13
5,31058E+0	-1,28300E-13
5,32158E+0	2,37700E-13
5,33257E+0	6,20000E-13
5,34357E+0	-3,29300E-13
5,35457E+0	2,49500E-13
5,36556E+0	1,47590E-12
5,37655E+0	7,89200E-13
5,38755E+0	8,29000E-13
5,39854E+0	8,14800E-13
5,40954E+0	7,57700E-13
5,42053E+0	6,94000E-14
5,43153E+0	5,43700E-13
5,44252E+0	1,18520E-12
5,45352E+0	6,76600E-13
5,46451E+0	1,11230E-12
5,47551E+0	6,36800E-13
5,48651E+0	-8,30000E-15
5,49750E+0	2,35300E-13
5,50849E+0	1,77020E-12
5,51949E+0	1,38400E-13
5,53048E+0	6,77900E-13
5,54148E+0	9,47000E-14
5,55247E+0	8,58500E-13
5,56347E+0	1,20940E-12
5,57447E+0	7,30000E-13
5,58546E+0	-1,98100E-13
5,59645E+0	1,70210E-12
5,60745E+0	5,21000E-14
5,61845E+0	1,17360E-12
5,62944E+0	1,89660E-12
5,64043E+0	1,76690E-12
5,65143E+0	4,89700E-13
5,66242E+0	1,62960E-12
5,67342E+0	1,50100E-12
5,68441E+0	9,67300E-13
5,69541E+0	4,44800E-13
5,70641E+0	2,61780E-12
5,71740E+0	1,81310E-12
5,72839E+0	1,07980E-12
5,73939E+0	8,50400E-13
5,75038E+0	2,29710E-12
5,76138E+0	8,37900E-13
5,77237E+0	1,06060E-12
5,78337E+0	4,31600E-13
5,79436E+0	1,85510E-12
5,80536E+0	-2,15800E-13
5,81635E+0	2,82070E-12
5,82735E+0	2,40110E-12
5,83834E+0	1,63370E-12
5,84934E+0	2,04950E-12
5,86034E+0	2,36100E-12
5,87133E+0	1,73520E-12
5,88232E+0	1,67330E-12
5,89332E+0	2,87660E-12
5,90431E+0	3,10390E-12
5,91531E+0	3,43150E-12
5,92630E+0	2,14420E-12
5,93730E+0	1,33850E-12
5,94829E+0	1,84610E-12
5,95929E+0	1,08970E-12
5,97028E+0	2,62570E-12
5,98128E+0	2,14060E-12
5,99227E+0	2,70460E-12
6,00327E+0	2,62330E-12
6,01426E+0	2,72770E-12
6,02526E+0	1,44360E-12
6,03625E+0	8,40900E-13
6,04725E+0	1,17710E-12
6,05824E+0	2,40090E-12
6,06924E+0	1,96080E-12
6,08024E+0	2,63810E-12
6,09123E+0	3,21340E-12
6,10222E+0	2,94740E-12
6,11322E+0	5,38600E-13
6,12421E+0	6,26400E-13
6,13521E+0	9,22000E-13
6,14620E+0	2,88160E-12
6,15720E+0	3,99430E-12
6,16819E+0	4,05150E-12
6,17919E+0	2,23510E-12
6,19018E+0	1,79170E-12
6,20118E+0	2,43010E-12
6,21218E+0	3,00160E-12
6,22317E+0	3,15210E-12
6,23416E+0	2,01840E-12
6,24516E+0	4,53230E-12
6,25615E+0	4,29560E-12
6,26715E+0	2,99360E-12
6,27814E+0	3,08980E-12
6,28914E+0	1,55190E-12
6,30014E+0	1,97680E-12
6,31113E+0	1,90360E-12
6,32212E+0	2,09230E-12
6,33312E+0	3,43510E-12
6,34411E+0	2,55780E-12
6,35511E+0	1,49410E-12
6,36610E+0	1,87120E-12
6,37710E+0	2,92770E-12
6,38809E+0	3,09930E-12
6,39909E+0	2,32720E-12
6,41008E+0	1,57740E-12
6,42108E+0	1,90540E-12
6,43207E+0	3,69920E-12
6,44307E+0	1,20260E-12
6,45406E+0	2,37380E-12
6,46506E+0	2,77180E-12
6,47605E+0	2,54430E-12
6,48705E+0	1,49970E-12
6,49804E+0	1,11370E-12
6,50904E+0	2,53860E-12
6,52003E+0	3,00930E-12
6,53103E+0	2,85290E-12
6,54202E+0	3,30350E-12
6,55302E+0	2,77450E-12
6,56401E+0	2,83420E-12
6,57501E+0	3,24320E-12
6,58601E+0	2,77530E-12
6,59700E+0	4,98240E-12
6,60799E+0	3,12900E-12
6,61899E+0	4,82000E-12
6,62998E+0	2,63540E-12
6,64098E+0	2,50850E-12
6,65197E+0	1,94850E-12
6,66297E+0	4,57450E-12
6,67396E+0	1,56270E-12
6,68496E+0	3,04320E-12
6,69595E+0	4,82870E-12
6,70695E+0	1,82860E-12
6,71795E+0	3,77020E-12
6,72894E+0	3,18360E-12
6,73993E+0	2,37820E-12
6,75093E+0	2,55720E-12
6,76192E+0	2,16680E-12
6,77292E+0	3,92140E-12
6,78391E+0	1,90990E-12
6,79491E+0	1,96420E-12
6,80591E+0	2,18150E-12
6,81690E+0	2,38200E-12
6,82789E+0	2,47180E-12
6,83889E+0	3,43130E-12
6,84988E+0	3,08000E-12
6,86088E+0	1,26670E-12
6,87187E+0	3,26800E-12
6,88287E+0	4,46840E-12
6,89386E+0	3,36390E-12
6,90486E+0	1,39080E-12
6,91585E+0	2,93990E-12
6,92685E+0	4,60130E-12
6,93784E+0	3,64520E-12
6,94884E+0	4,44690E-12
6,95983E+0	5,35970E-12
6,97083E+0	5,90210E-12
6,98182E+0	3,47190E-12
6,99282E+0	2,81840E-12
7,00381E+0	4,77180E-12
7,01481E+0	5,47540E-12
7,02580E+0	3,72130E-12
7,03680E+0	3,01490E-12
7,04779E+0	3,26090E-12
7,05879E+0	2,64800E-12
7,06978E+0	4,37140E-12
7,08078E+0	2,79320E-12
7,09177E+0	4,95040E-12
7,10277E+0	3,53190E-12
7,11376E+0	3,76270E-12
7,12476E+0	1,96940E-12
7,13575E+0	3,53810E-12
7,14675E+0	5,42920E-12
7,15774E+0	3,23730E-12
7,16874E+0	3,16160E-12
7,17973E+0	5,01330E-12
7,19073E+0	3,08770E-12
7,20172E+0	4,80030E-12
7,21272E+0	6,54030E-12
7,22371E+0	4,20030E-12
7,23471E+0	6,16450E-12
7,24570E+0	3,77350E-12
7,25670E+0	4,89650E-12
7,26769E+0	3,52360E-12
7,27869E+0	3,15970E-12
7,28968E+0	1,31070E-12
7,30068E+0	2,80580E-12
7,31168E+0	3,24040E-12
7,32267E+0	1,46170E-12
7,33366E+0	1,76800E-12
7,34466E+0	5,07440E-12
7,35565E+0	2,80750E-12
7,36665E+0	5,03860E-12
7,37764E+0	4,19480E-12
7,38864E+0	5,45540E-12
7,39963E+0	4,38720E-12
7,41063E+0	2,30200E-12
7,42162E+0	3,45280E-12
7,43262E+0	2,68510E-12
7,44361E+0	3,74620E-12
7,45461E+0	4,90730E-12
7,46560E+0	1,74130E-12
7,47660E+0	1,47120E-12
7,48759E+0	2,44820E-12
7,49859E+0	2,59990E-12
7,50958E+0	3,31830E-12
7,52058E+0	3,46850E-12
7,53157E+0	3,96950E-12
7,54257E+0	2,45260E-12
7,55356E+0	2,46610E-12
7,56456E+0	3,34950E-12
7,57555E+0	3,82740E-12
7,58655E+0	4,62210E-12
7,59754E+0	1,61180E-12
7,60854E+0	3,40510E-12
7,61953E+0	3,28350E-12
7,63053E+0	3,64680E-12
7,64152E+0	4,83380E-12
7,65252E+0	3,78620E-12
7,66351E+0	4,45180E-12
7,67451E+0	2,42630E-12
7,68551E+0	1,44770E-12
7,69650E+0	3,09630E-12
7,70749E+0	3,01340E-12
7,71849E+0	3,43190E-12
7,72948E+0	2,36080E-12
7,74048E+0	3,57580E-12
7,75147E+0	2,77000E-12
7,76247E+0	1,68950E-12
7,77346E+0	2,86840E-12
7,78446E+0	3,91880E-12
7,79545E+0	3,75020E-12
7,80645E+0	4,79920E-12
7,81745E+0	5,85990E-12
7,82844E+0	4,63080E-12
7,83943E+0	4,48720E-12
7,85043E+0	3,71600E-12
7,86142E+0	3,40960E-12
7,87242E+0	3,48930E-12
7,88341E+0	4,24560E-12
7,89441E+0	4,02350E-12
7,90541E+0	4,84010E-12
7,91640E+0	4,49630E-12
7,92739E+0	3,66960E-12
7,93839E+0	2,65710E-12
7,94938E+0	5,00690E-12
7,96038E+0	3,44000E-12
7,97137E+0	2,18440E-12
7,98237E+0	1,97060E-12
7,99336E+0	6,96490E-12
8,00436E+0	4,52050E-12
8,01535E+0	2,96850E-12
8,02635E+0	3,26740E-12
8,03734E+0	4,95310E-12
8,04834E+0	4,01110E-12
8,05933E+0	2,03550E-12
8,07033E+0	3,18760E-12
8,08132E+0	4,80890E-12
8,09232E+0	3,82640E-12
8,10332E+0	3,16410E-12
8,11431E+0	4,47120E-12
8,12530E+0	3,63510E-12
8,13630E+0	3,91600E-12
8,14729E+0	4,63630E-12
8,15829E+0	6,77690E-12
8,16928E+0	4,66930E-12
8,18028E+0	5,15270E-12
8,19127E+0	4,68640E-12
8,20227E+0	6,05620E-12
8,21326E+0	3,92070E-12
8,22426E+0	5,89830E-12
8,23526E+0	5,29080E-12
8,24625E+0	5,45190E-12
8,25724E+0	4,62660E-12
8,26824E+0	4,10590E-12
8,27923E+0	6,47840E-12
8,29023E+0	5,54670E-12
8,30122E+0	6,01410E-12
8,31222E+0	4,12770E-12
8,32321E+0	3,83240E-12
8,33421E+0	3,52050E-12
8,34520E+0	3,18480E-12
8,35620E+0	4,76480E-12
8,36720E+0	4,62550E-12
8,37819E+0	3,71140E-12
8,38918E+0	2,57540E-12
8,40018E+0	2,85150E-12
8,41118E+0	2,69020E-12
8,42217E+0	3,19660E-12
8,43316E+0	3,50520E-12
8,44416E+0	2,65210E-12
8,45515E+0	3,99360E-12
8,46615E+0	5,46480E-12
8,47715E+0	6,01060E-12
8,48814E+0	6,42600E-12
8,49913E+0	5,19410E-12
8,51013E+0	7,75590E-12
8,52112E+0	4,34040E-12
8,53212E+0	6,67750E-12
8,54311E+0	5,15460E-12
8,55411E+0	5,67390E-12
8,56510E+0	5,40680E-12
8,57610E+0	4,49420E-12
8,58709E+0	6,48400E-12
8,59809E+0	8,15270E-12
8,60909E+0	4,66500E-12
8,62008E+0	5,93920E-12
8,63107E+0	6,86370E-12
8,64207E+0	5,44890E-12
8,65306E+0	5,05510E-12
8,66406E+0	4,22190E-12
8,67505E+0	5,45460E-12
8,68605E+0	2,87640E-12
8,69704E+0	5,65050E-12
8,70804E+0	4,79360E-12
8,71903E+0	4,55670E-12
8,73003E+0	6,07990E-12
8,74102E+0	6,87980E-12
8,75202E+0	5,79670E-12
8,76301E+0	6,12060E-12
8,77401E+0	5,29680E-12
8,78500E+0	6,69340E-12
8,79600E+0	7,23440E-12
8,80699E+0	4,05460E-12
8,81799E+0	4,87760E-12
8,82898E+0	5,94390E-12
8,83998E+0	5,32220E-12
8,85098E+0	5,27300E-12
8,86197E+0	6,00080E-12
8,87296E+0	5,59460E-12
8,88396E+0	6,76650E-12
8,89495E+0	7,47950E-12
8,90595E+0	6,69630E-12
8,91694E+0	7,57540E-12
8,92794E+0	5,25700E-12
8,93894E+0	4,98450E-12
8,94993E+0	7,81400E-12
8,96092E+0	8,24490E-12
8,97192E+0	7,12640E-12
8,98291E+0	7,32280E-12
8,99391E+0	8,24320E-12
9,00490E+0	6,54890E-12
9,01590E+0	7,15290E-12
9,02689E+0	6,32180E-12
9,03789E+0	7,72590E-12
9,04889E+0	7,67950E-12
9,05988E+0	5,57560E-12
9,07087E+0	8,56400E-12
9,08187E+0	8,36260E-12
9,09286E+0	7,00920E-12
9,10386E+0	8,45970E-12
9,11485E+0	9,79730E-12
9,12585E+0	9,66630E-12
9,13684E+0	1,07443E-11
9,14784E+0	1,15603E-11
9,15883E+0	1,16773E-11
9,16983E+0	9,61970E-12
9,18082E+0	1,01097E-11
9,19182E+0	8,56360E-12
9,20281E+0	1,06076E-11
9,21381E+0	9,83820E-12
9,22480E+0	8,69470E-12
9,23580E+0	8,23840E-12
9,24679E+0	7,94680E-12
9,25779E+0	5,78120E-12
9,26878E+0	1,10870E-11
9,27978E+0	9,84140E-12
9,29077E+0	1,06331E-11
9,30177E+0	8,73130E-12
9,31277E+0	7,42910E-12
9,32376E+0	1,50903E-11
9,33475E+0	8,78360E-12
9,34575E+0	8,34970E-12
9,35674E+0	1,02283E-11
9,36774E+0	1,34941E-11
9,37873E+0	1,48265E-11
9,38973E+0	1,32858E-11
9,40072E+0	1,13630E-11
9,41172E+0	1,30008E-11
9,42272E+0	9,50960E-12
9,43371E+0	1,25913E-11
9,44470E+0	1,33073E-11
9,45570E+0	1,09982E-11
9,46669E+0	1,14144E-11
9,47769E+0	1,38393E-11
9,48869E+0	1,45665E-11
9,49968E+0	1,53521E-11
9,51067E+0	1,28430E-11
9,52167E+0	1,36845E-11
9,53266E+0	1,37303E-11
9,54366E+0	1,59370E-11
9,55465E+0	1,68013E-11
9,56565E+0	1,87776E-11
9,57665E+0	1,79577E-11
9,58764E+0	2,21690E-11
9,59863E+0	2,06949E-11
9,60963E+0	2,06380E-11
9,62062E+0	2,23050E-11
9,62210E+0	2,18850E-11
9,63076E+0	2,38910E-11
9,63942E+0	2,16850E-11
9,64808E+0	2,53150E-11
9,65674E+0	2,42560E-11
9,66540E+0	2,38880E-11
9,67406E+0	3,01900E-11
9,68272E+0	2,81970E-11
9,69138E+0	2,90350E-11
9,70004E+0	2,71470E-11
9,70870E+0	2,56140E-11
9,71737E+0	2,23590E-11
9,72603E+0	2,98750E-11
9,73469E+0	2,87250E-11
9,74335E+0	3,51980E-11
9,75201E+0	3,12060E-11
9,76067E+0	3,01140E-11
9,76933E+0	2,95980E-11
9,77799E+0	2,47390E-11
9,78665E+0	2,29470E-11
9,79531E+0	2,87350E-11
9,80397E+0	3,00120E-11
9,81263E+0	2,89600E-11
9,82130E+0	3,09290E-11
9,82996E+0	2,27030E-11
9,83862E+0	2,29990E-11
9,84728E+0	2,33390E-11
9,85594E+0	2,05980E-11
9,86460E+0	2,07160E-11
9,87326E+0	2,13470E-11
9,88192E+0	2,46600E-11
9,89058E+0	2,12180E-11
9,89924E+0	2,05709E-11
9,90790E+0	2,04339E-11
9,91656E+0	2,05112E-11
9,92522E+0	2,00662E-11
9,93389E+0	2,01616E-11
9,94255E+0	2,16920E-11
9,95121E+0	2,19610E-11
9,95987E+0	1,98488E-11
9,96853E+0	1,96840E-11
9,97719E+0	1,64066E-11
9,98585E+0	1,94181E-11
9,99451E+0	2,38460E-11
1,00032E+1	2,08130E-11
1,00118E+1	1,96960E-11
1,00205E+1	2,09808E-11
1,00292E+1	1,72081E-11
1,00378E+1	1,57420E-11
1,00465E+1	2,02322E-11
1,00551E+1	1,81755E-11
1,00638E+1	1,69849E-11
1,00725E+1	1,66870E-11
1,00811E+1	1,93962E-11
1,00898E+1	1,98028E-11
1,00984E+1	2,14220E-11
1,01071E+1	2,34230E-11
1,01158E+1	1,77507E-11
1,01244E+1	1,61850E-11
1,01331E+1	1,94190E-11
1,01417E+1	1,98525E-11
1,01504E+1	1,88757E-11
1,01591E+1	2,38990E-11
1,01677E+1	1,83849E-11
1,01764E+1	2,08563E-11
1,01850E+1	1,94090E-11
1,01937E+1	1,58719E-11
1,02024E+1	1,85514E-11
1,02110E+1	2,00199E-11
1,02197E+1	1,91948E-11
1,02284E+1	1,61309E-11
1,02370E+1	1,61520E-11
1,02457E+1	1,74575E-11
1,02543E+1	1,96146E-11
1,02630E+1	1,85690E-11
1,02717E+1	1,93277E-11
1,02803E+1	2,00860E-11
1,02890E+1	2,52980E-11
1,02976E+1	2,07310E-11
1,03063E+1	2,36160E-11
1,03150E+1	2,04740E-11
1,03236E+1	2,07270E-11
1,03323E+1	1,87106E-11
1,03409E+1	2,42720E-11
1,03496E+1	1,92934E-11
1,03583E+1	1,95162E-11
1,03669E+1	1,99351E-11
1,03756E+1	2,03110E-11
1,03842E+1	2,11000E-11
1,03929E+1	2,25350E-11
1,04016E+1	2,27980E-11
1,04102E+1	2,14130E-11
1,04189E+1	2,66850E-11
1,04276E+1	2,11150E-11
1,04362E+1	2,17120E-11
1,04449E+1	2,11600E-11
1,04535E+1	2,06380E-11
1,04622E+1	2,15670E-11
1,04709E+1	2,10180E-11
1,04795E+1	2,14940E-11
1,04882E+1	2,22580E-11
1,04968E+1	2,30950E-11
1,05055E+1	2,64340E-11
1,05142E+1	2,39130E-11
1,05228E+1	2,20390E-11
1,05315E+1	2,21500E-11
1,05401E+1	2,60020E-11
1,05488E+1	2,76770E-11
1,05575E+1	2,89450E-11
1,05661E+1	2,06760E-11
1,05748E+1	2,42100E-11
1,05834E+1	2,62200E-11
1,05921E+1	2,80350E-11
1,06008E+1	2,57600E-11
1,06094E+1	2,68800E-11
1,06181E+1	2,70450E-11
1,06267E+1	2,46960E-11
1,06354E+1	2,49760E-11
1,06441E+1	2,23930E-11
1,06527E+1	2,73690E-11
1,06614E+1	2,49850E-11
1,06701E+1	2,58980E-11
1,06787E+1	2,68350E-11
1,06874E+1	2,41760E-11
1,06960E+1	2,79700E-11
1,07047E+1	2,82060E-11
1,07134E+1	2,64160E-11
1,07220E+1	2,32290E-11
1,07307E+1	2,72600E-11
1,07393E+1	2,32740E-11
1,07480E+1	2,32400E-11
1,07567E+1	2,93500E-11
1,07653E+1	2,18840E-11
1,07740E+1	2,94510E-11
1,07826E+1	2,67570E-11
1,07913E+1	2,62170E-11
1,08000E+1	2,80250E-11
1,08086E+1	2,65970E-11
1,08173E+1	2,57140E-11
1,08259E+1	2,57880E-11
1,08346E+1	2,56310E-11
1,08433E+1	2,27990E-11
1,08519E+1	2,77030E-11
1,08606E+1	3,28720E-11
1,08693E+1	2,25750E-11
1,08779E+1	2,27120E-11
1,08866E+1	2,34540E-11
1,08952E+1	2,76820E-11
1,09039E+1	2,76680E-11
1,09126E+1	2,67360E-11
1,09212E+1	2,95430E-11
1,09299E+1	3,26510E-11
1,09385E+1	2,47280E-11
1,09472E+1	2,63330E-11
1,09559E+1	2,78730E-11
1,09645E+1	2,54270E-11
1,09732E+1	2,83270E-11
1,09818E+1	2,39000E-11
1,09905E+1	2,60780E-11
1,09992E+1	3,00190E-11
1,10078E+1	2,76820E-11
1,10165E+1	3,30420E-11
1,10251E+1	3,43800E-11
1,10338E+1	3,10990E-11
1,10425E+1	2,53570E-11
1,10511E+1	2,48650E-11
1,10598E+1	3,48270E-11
1,10684E+1	3,36090E-11
1,10771E+1	2,90840E-11
1,10858E+1	3,26740E-11
1,10944E+1	2,83930E-11
1,11031E+1	3,17680E-11
1,11118E+1	3,18710E-11
1,11204E+1	3,15180E-11
1,11291E+1	3,47890E-11
1,11377E+1	3,09950E-11
1,11464E+1	3,37660E-11
1,11551E+1	3,30400E-11
1,11637E+1	2,86610E-11
1,11724E+1	2,45790E-11
1,11810E+1	2,97530E-11
1,11897E+1	3,09740E-11
1,11984E+1	3,07420E-11
1,12070E+1	2,85340E-11
1,12157E+1	3,21660E-11
1,12243E+1	3,69850E-11
1,12330E+1	3,38800E-11
1,12417E+1	3,31830E-11
1,12503E+1	3,54550E-11
1,12590E+1	4,02290E-11
1,12676E+1	2,90630E-11
1,12763E+1	3,13430E-11
1,12850E+1	3,33950E-11
1,12936E+1	3,46260E-11
1,13023E+1	3,10480E-11
1,13110E+1	3,38080E-11
1,13196E+1	3,73340E-11
1,13283E+1	3,71130E-11
1,13369E+1	3,44000E-11
1,13456E+1	3,60020E-11
1,13543E+1	3,24490E-11
1,13629E+1	3,30650E-11
1,13716E+1	2,96570E-11
1,13802E+1	3,25960E-11
1,13889E+1	3,86130E-11
1,13976E+1	4,11950E-11
1,14062E+1	3,44070E-11
1,14149E+1	3,84100E-11
1,14235E+1	3,23080E-11
1,14322E+1	3,60170E-11
1,14409E+1	3,45310E-11
1,14495E+1	3,30250E-11
1,14582E+1	3,15940E-11
1,14668E+1	3,11400E-11
1,14755E+1	4,11320E-11
1,14842E+1	3,79790E-11
1,14928E+1	3,69720E-11
1,15015E+1	3,54860E-11
1,15101E+1	4,21570E-11
1,15188E+1	4,02830E-11
1,15275E+1	3,89170E-11
1,15361E+1	3,65140E-11
1,15448E+1	4,28730E-11
1,15535E+1	4,39300E-11
1,15621E+1	4,18230E-11
1,15708E+1	3,90330E-11
1,15794E+1	4,00160E-11
1,15881E+1	3,67410E-11
1,15968E+1	3,90630E-11
1,16054E+1	4,62210E-11
1,16141E+1	3,78500E-11
1,16227E+1	3,48780E-11
1,16314E+1	3,89620E-11
1,16401E+1	4,02840E-11
1,16487E+1	4,48570E-11
1,16574E+1	4,66710E-11
1,16660E+1	4,29860E-11
1,16747E+1	4,30520E-11
1,16834E+1	4,46660E-11
1,16920E+1	4,81350E-11
1,17007E+1	4,33000E-11
1,17093E+1	4,36090E-11
1,17180E+1	4,09050E-11
1,17267E+1	4,41700E-11
1,17353E+1	4,93620E-11
1,17440E+1	4,53780E-11
1,17527E+1	4,24160E-11
1,17613E+1	4,35860E-11
1,17700E+1	4,25740E-11
1,17786E+1	4,26660E-11
1,17873E+1	4,83740E-11
1,17960E+1	4,54560E-11
1,18046E+1	5,22390E-11
1,18133E+1	4,60300E-11
1,18219E+1	4,99420E-11
1,18306E+1	4,75690E-11
1,18393E+1	4,85680E-11
1,18479E+1	4,64940E-11
1,18566E+1	4,90080E-11
1,18652E+1	4,84820E-11
1,18739E+1	4,01770E-11
1,18826E+1	4,86180E-11
1,18912E+1	4,42900E-11
1,18999E+1	4,44130E-11
1,19085E+1	4,66220E-11
1,19172E+1	4,54920E-11
1,19259E+1	5,18260E-11
1,19345E+1	5,28470E-11
1,19432E+1	5,08480E-11
1,19519E+1	5,40600E-11
1,19605E+1	5,03910E-11
1,19692E+1	4,92710E-11
1,19778E+1	5,49100E-11
1,19865E+1	5,97100E-11
1,19952E+1	5,86830E-11
1,20038E+1	5,89070E-11
1,20125E+1	6,01590E-11
1,20211E+1	5,56400E-11
1,20298E+1	5,01340E-11
1,20385E+1	5,10910E-11
1,20471E+1	5,27990E-11
1,20558E+1	5,84260E-11
1,20644E+1	5,32830E-11
1,20731E+1	5,78810E-11
1,20818E+1	5,34300E-11
1,20904E+1	5,17280E-11
1,20991E+1	5,74940E-11
1,21077E+1	6,05860E-11
1,21164E+1	5,65550E-11
1,21251E+1	6,11370E-11
1,21337E+1	5,72090E-11
1,21424E+1	5,89200E-11
1,21510E+1	5,72330E-11
1,21597E+1	6,06710E-11
1,21684E+1	5,36740E-11
1,21770E+1	5,14400E-11
1,21857E+1	5,13750E-11
1,21944E+1	5,65840E-11
1,22030E+1	5,78070E-11
1,22117E+1	6,18130E-11
1,22203E+1	5,88460E-11
1,22290E+1	5,81450E-11
1,22377E+1	5,69470E-11
1,22463E+1	4,92530E-11
1,22550E+1	6,31080E-11
1,22636E+1	5,98320E-11
1,22723E+1	6,50340E-11
1,22810E+1	6,29820E-11
1,22896E+1	6,39780E-11
1,22983E+1	6,02440E-11
1,23069E+1	6,58330E-11
1,23156E+1	6,60920E-11
1,23243E+1	5,88240E-11
1,23329E+1	6,56310E-11
1,23416E+1	6,15660E-11
1,23502E+1	6,77120E-11
1,23589E+1	6,61900E-11
1,23676E+1	6,44970E-11
1,23762E+1	6,70780E-11
1,23849E+1	6,80050E-11
1,23936E+1	6,37770E-11
1,24022E+1	5,48500E-11
1,24109E+1	6,43670E-11
1,24195E+1	7,19100E-11
1,24282E+1	6,54010E-11
1,24369E+1	6,85390E-11
1,24455E+1	6,62800E-11
1,24542E+1	6,70100E-11
1,24628E+1	7,16020E-11
1,24715E+1	6,92080E-11
1,24802E+1	6,08070E-11
1,24888E+1	7,15840E-11
1,24975E+1	6,96040E-11
1,25061E+1	7,17160E-11
1,25148E+1	7,06150E-11
1,25235E+1	6,74560E-11
1,25321E+1	6,71250E-11
1,25408E+1	7,09770E-11
1,25494E+1	7,53700E-11
1,25581E+1	7,47800E-11
1,25668E+1	7,20290E-11
1,25754E+1	7,38530E-11
1,25841E+1	7,52050E-11
1,25927E+1	7,34330E-11
1,26014E+1	7,43200E-11
1,26101E+1	7,19410E-11
1,26187E+1	7,30270E-11
1,26274E+1	8,11010E-11
1,26361E+1	6,83120E-11
1,26447E+1	7,35510E-11
1,26534E+1	8,03400E-11
1,26620E+1	7,21010E-11
1,26707E+1	7,83860E-11
1,26794E+1	7,98170E-11
1,26880E+1	8,75460E-11
1,26967E+1	8,01170E-11
1,27053E+1	8,16330E-11
1,27140E+1	7,63020E-11
1,27227E+1	7,92720E-11
1,27313E+1	7,62530E-11
1,27400E+1	8,55550E-11
1,27486E+1	8,25250E-11
1,27573E+1	8,08290E-11
1,27660E+1	8,22270E-11
1,27746E+1	7,56540E-11
1,27833E+1	7,72540E-11
1,27919E+1	8,30500E-11
1,28006E+1	8,75510E-11
1,28093E+1	9,23420E-11
1,28179E+1	8,13180E-11
1,28266E+1	8,07190E-11
1,28353E+1	9,04900E-11
1,28439E+1	8,01580E-11
1,28526E+1	8,45810E-11
1,28612E+1	8,53370E-11
1,28699E+1	8,62610E-11
1,28786E+1	9,44310E-11
1,28872E+1	8,87160E-11
1,28959E+1	8,77130E-11
1,29045E+1	9,14880E-11
1,29132E+1	8,70640E-11
1,29219E+1	8,76170E-11
1,29305E+1	8,82430E-11
1,29392E+1	8,90700E-11
1,29478E+1	9,56770E-11
1,29565E+1	8,76590E-11
1,29652E+1	9,05930E-11
1,29738E+1	9,28890E-11
1,29825E+1	1,00466E-10
1,29911E+1	9,90840E-11
1,29998E+1	9,51670E-11
1,30085E+1	9,27670E-11
1,30171E+1	9,23830E-11
1,30258E+1	1,01936E-10
1,30344E+1	9,63660E-11
1,30431E+1	9,51250E-11
1,30518E+1	1,00569E-10
1,30604E+1	1,06154E-10
1,30691E+1	9,90860E-11
1,30778E+1	9,96800E-11
1,30864E+1	1,06117E-10
1,30951E+1	1,06061E-10
1,31037E+1	1,00572E-10
1,31124E+1	1,15370E-10
1,31211E+1	1,05374E-10
1,31297E+1	1,02187E-10
1,31384E+1	1,08627E-10
1,31470E+1	1,12604E-10
1,31557E+1	1,01919E-10
1,31644E+1	1,10022E-10
1,31730E+1	1,14693E-10
1,31817E+1	1,04723E-10
1,31903E+1	1,13506E-10
1,31990E+1	1,24071E-10
1,32077E+1	1,21808E-10
1,32163E+1	1,16156E-10
1,32250E+1	1,23824E-10
1,32336E+1	1,14188E-10
1,32423E+1	1,12661E-10
1,32510E+1	1,22578E-10
1,32596E+1	1,27454E-10
1,32683E+1	1,22566E-10
1,32770E+1	1,26093E-10
1,32856E+1	1,26440E-10
1,32943E+1	1,21986E-10
1,33029E+1	1,20485E-10
1,33116E+1	1,35766E-10
1,33203E+1	1,38559E-10
1,33289E+1	1,35103E-10
1,33376E+1	1,37778E-10
1,33462E+1	1,28937E-10
1,33549E+1	1,49848E-10
1,33636E+1	1,46060E-10
1,33722E+1	1,24586E-10
1,33809E+1	1,36224E-10
1,33895E+1	1,37405E-10
1,33982E+1	1,28556E-10
1,34069E+1	1,29889E-10
1,34155E+1	1,23101E-10
1,34242E+1	1,29711E-10
1,34328E+1	1,31610E-10
1,34415E+1	1,24690E-10
1,34502E+1	1,34209E-10
1,34588E+1	1,26912E-10
1,34675E+1	1,26983E-10
1,34761E+1	1,35085E-10
1,34848E+1	1,18493E-10
1,34935E+1	1,25862E-10
1,35021E+1	1,29384E-10
1,35108E+1	1,32823E-10
1,35195E+1	1,23147E-10
1,35281E+1	1,35100E-10
1,35368E+1	1,27826E-10
1,35454E+1	1,17301E-10
1,35541E+1	1,20117E-10
1,35628E+1	1,27533E-10
1,35714E+1	1,29872E-10
1,35801E+1	1,14761E-10
1,35887E+1	1,29402E-10
1,35974E+1	1,36550E-10
1,36061E+1	1,21142E-10
1,36147E+1	1,32327E-10
1,36234E+1	1,26421E-10
1,36320E+1	1,26851E-10
1,36407E+1	1,27191E-10
1,36494E+1	1,21248E-10
1,36580E+1	1,30005E-10
1,36667E+1	1,27589E-10
1,36753E+1	1,26149E-10
1,36840E+1	1,27121E-10
1,36927E+1	1,44837E-10
1,37013E+1	1,38989E-10
1,37100E+1	1,38197E-10
1,37187E+1	1,42896E-10
1,37273E+1	1,30962E-10
1,37360E+1	1,42952E-10
1,37446E+1	1,44421E-10
1,37533E+1	1,31257E-10
1,37620E+1	1,47319E-10
1,37706E+1	1,50357E-10
1,37793E+1	1,54951E-10
1,37879E+1	1,51408E-10
1,37966E+1	1,38404E-10
1,38053E+1	1,43882E-10
1,38139E+1	1,44144E-10
1,38226E+1	1,49681E-10
1,38312E+1	1,49993E-10
1,38399E+1	1,57564E-10
1,38486E+1	1,57624E-10
1,38572E+1	1,47126E-10
1,38659E+1	1,59135E-10
1,38745E+1	1,55780E-10
1,38832E+1	1,63586E-10
1,38919E+1	1,64230E-10
1,39005E+1	1,69642E-10
1,39092E+1	1,72451E-10
1,39179E+1	1,78427E-10
1,39265E+1	1,75148E-10
1,39352E+1	1,84211E-10
1,39438E+1	1,77004E-10
1,39525E+1	1,80268E-10
1,39612E+1	1,86963E-10
1,39698E+1	1,88490E-10
1,39785E+1	1,91832E-10
1,39871E+1	1,96278E-10
1,39958E+1	1,90488E-10
1,40045E+1	1,99611E-10
1,40131E+1	2,32740E-10
1,40218E+1	2,29640E-10
1,40304E+1	2,14230E-10
1,40391E+1	2,14300E-10
1,40478E+1	2,28080E-10
1,40564E+1	2,55920E-10
1,40651E+1	2,19810E-10
1,40737E+1	2,03810E-10
1,40824E+1	2,20680E-10
1,40911E+1	2,33690E-10
1,40997E+1	2,25590E-10
1,41084E+1	2,23490E-10
1,41170E+1	2,34410E-10
1,41257E+1	2,10490E-10
1,41344E+1	2,13140E-10
1,41430E+1	2,47860E-10
1,41517E+1	2,44160E-10
1,41604E+1	1,20146E-10
1,41690E+1	1,91294E-10
1,41777E+1	2,04647E-10
1,41863E+1	1,93837E-10
1,41950E+1	1,97946E-10
1,42037E+1	1,85435E-10
1,42123E+1	1,72439E-10
1,42210E+1	1,76401E-10
1,42296E+1	1,61549E-10
1,42383E+1	1,74147E-10
1,42470E+1	1,64545E-10
1,42556E+1	1,55727E-10
1,42643E+1	1,40668E-10
1,42729E+1	1,37465E-10
1,42816E+1	1,37653E-10
1,42903E+1	1,42795E-10
1,42989E+1	1,32207E-10
1,43076E+1	1,27149E-10
1,43162E+1	1,33632E-10
1,43249E+1	1,33608E-10
1,43336E+1	1,25539E-10
1,43422E+1	1,42434E-10
1,43509E+1	1,32232E-10
1,43596E+1	1,57307E-10
1,43682E+1	1,52901E-10
1,43769E+1	1,51782E-10
1,43855E+1	1,56797E-10
1,43942E+1	1,54938E-10
1,44029E+1	1,61353E-10
1,44115E+1	1,81484E-10
1,44202E+1	1,83190E-10
1,44288E+1	1,92910E-10
1,44375E+1	2,01278E-10
1,44462E+1	2,81490E-10
1,44548E+1	2,54570E-10
1,44635E+1	2,42770E-10
1,44721E+1	2,17440E-10
1,44808E+1	2,94830E-10
1,44895E+1	2,82030E-10
1,44981E+1	2,61460E-10
1,45068E+1	2,78080E-10
1,45154E+1	2,56520E-10
1,45241E+1	2,89150E-10
1,45328E+1	2,63350E-10
1,45414E+1	2,97790E-10
1,45501E+1	2,60460E-10
1,45587E+1	2,40270E-10
1,45674E+1	2,84930E-10
1,45761E+1	2,51940E-10
1,45847E+1	2,08100E-10
1,45934E+1	2,18700E-10
1,46021E+1	1,16350E-10
1,46107E+1	1,80238E-10
1,46194E+1	1,59037E-10
1,46280E+1	1,55061E-10
1,46367E+1	1,40684E-10
1,46454E+1	1,25830E-10
1,46540E+1	1,00210E-10
1,46627E+1	9,19340E-11
1,46713E+1	8,41100E-11
1,46800E+1	7,03810E-11
1,46887E+1	5,80480E-11
1,46973E+1	4,72340E-11
1,47060E+1	3,59490E-11
1,47146E+1	3,21530E-11
1,47233E+1	2,86550E-11
1,47320E+1	2,01460E-11
1,47406E+1	1,93768E-11
1,47493E+1	1,51384E-11
1,47579E+1	1,28878E-11
1,47666E+1	9,29260E-12
1,47753E+1	7,17900E-12
1,47839E+1	6,63460E-12
1,47926E+1	6,76770E-12
1,48013E+1	5,14620E-12
1,48099E+1	4,04980E-12
1,48186E+1	5,07130E-12
1,48272E+1	6,07130E-12
1,48359E+1	1,66800E-12
1,48446E+1	2,96940E-12
1,48532E+1	2,41000E-12
1,48619E+1	2,02630E-12
1,48705E+1	-1,53300E-13
1,48792E+1	1,10500E-12
1,48879E+1	4,59900E-13
1,48965E+1	9,25000E-14
1,49052E+1	-2,71000E-13
1,49138E+1	1,69000E-13
1,49225E+1	-1,14400E-13
1,49312E+1	-2,56200E-13
1,49398E+1	-5,54400E-13
1,49485E+1	-1,80700E-13
1,49571E+1	-1,02240E-12
1,49658E+1	-1,22990E-12
1,49745E+1	-4,14900E-13
1,49831E+1	-1,12080E-12
1,49918E+1	-8,98800E-13
1,50004E+1	-4,61400E-13
1,50091E+1	-8,03000E-13
1,50178E+1	-1,42300E-12
1,50264E+1	-1,58640E-12
1,50351E+1	-1,38610E-12
1,50438E+1	-1,41700E-12
1,50524E+1	-1,65060E-12
1,50611E+1	-1,21130E-12
1,50697E+1	-1,17480E-12
1,50784E+1	-2,00880E-12
1,50871E+1	-2,14330E-12
1,50957E+1	-1,41170E-12
1,51044E+1	-1,71990E-12
1,51130E+1	-1,26180E-12
1,51217E+1	-1,93710E-12
1,51304E+1	-2,05730E-12
1,51390E+1	-2,16940E-12
1,51477E+1	-2,06740E-12
1,51563E+1	-2,16320E-12
1,51650E+1	-1,35690E-12
1,51737E+1	-1,86750E-12
1,51823E+1	-1,47370E-12
1,51910E+1	-1,73170E-12
1,51996E+1	-2,14870E-12
1,52083E+1	-1,81410E-12
1,52170E+1	-1,84680E-12
1,52256E+1	-1,37050E-12
1,52343E+1	-1,95120E-12
1,52430E+1	-2,12060E-12
1,52516E+1	-2,02080E-12
1,52603E+1	-1,66240E-12
1,52689E+1	-2,08030E-12
1,52776E+1	-2,20100E-12
1,52863E+1	-2,14450E-12
1,52949E+1	-1,97970E-12
1,53036E+1	-1,11130E-12
1,53122E+1	-1,67690E-12
1,53209E+1	-2,01670E-12
1,53296E+1	-1,87010E-12
1,53382E+1	-1,45290E-12
1,53469E+1	-2,17260E-12
1,53555E+1	-1,87340E-12
1,53642E+1	-1,51190E-12
1,53729E+1	-1,91670E-12
1,53815E+1	-2,00290E-12
1,53902E+1	-2,11580E-12
1,53988E+1	-9,27800E-13
1,54075E+1	-1,67990E-12
1,54162E+1	-1,79190E-12
1,54248E+1	-2,17180E-12
1,54335E+1	-1,66970E-12
1,54421E+1	-1,76550E-12
1,54508E+1	-1,05990E-12
1,54595E+1	-1,90800E-12
1,54681E+1	-1,47670E-12
1,54768E+1	-1,95200E-12
1,54855E+1	-2,06500E-12
