E, keV	I, A
2,00109E+0	-6,23600E-13
2,01208E+0	-5,34100E-13
2,02308E+0	-2,09200E-13
2,03408E+0	1,11010E-12
2,04507E+0	8,07000E-14
2,05606E+0	1,25500E-13
2,06706E+0	9,16100E-13
2,07805E+0	-6,61000E-14
2,08905E+0	7,72500E-13
2,10004E+0	5,73400E-13
2,11104E+0	-1,96800E-13
2,12203E+0	-1,21600E-13
2,13303E+0	-1,38500E-13
2,14402E+0	-6,78600E-13
2,15502E+0	-5,70500E-13
2,16601E+0	-1,12060E-12
2,17701E+0	-1,91900E-13
2,18800E+0	-3,84400E-13
2,19900E+0	-3,67800E-13
2,20999E+0	-5,62600E-13
2,22099E+0	-6,42500E-13
2,23198E+0	-8,74300E-13
2,24298E+0	-7,38900E-13
2,25397E+0	-1,03690E-12
2,26497E+0	-1,17250E-12
2,27596E+0	-1,43220E-12
2,28696E+0	-1,40620E-12
2,29795E+0	-1,71930E-12
2,30895E+0	-1,24660E-12
2,31994E+0	-1,61880E-12
2,33094E+0	-1,40160E-12
2,34193E+0	-1,99130E-12
2,35293E+0	-1,39270E-12
2,36392E+0	-1,71620E-12
2,37492E+0	-1,97700E-12
2,38591E+0	-1,75010E-12
2,39691E+0	-1,51990E-12
2,40790E+0	-2,07260E-12
2,41890E+0	-2,02010E-12
2,42989E+0	-1,44660E-12
2,44089E+0	-1,40210E-12
2,45188E+0	-1,81030E-12
2,46288E+0	-1,79340E-12
2,47387E+0	-2,12070E-12
2,48487E+0	-1,47930E-12
2,49586E+0	-1,88430E-12
2,50686E+0	-1,53130E-12
2,51785E+0	-1,84560E-12
2,52885E+0	-1,32900E-12
2,53984E+0	-1,85830E-12
2,55084E+0	-2,08930E-12
2,56183E+0	-2,14720E-12
2,57283E+0	-1,74490E-12
2,58383E+0	-1,85880E-12
2,59482E+0	-2,02530E-12
2,60581E+0	-1,64970E-12
2,61681E+0	-1,97820E-12
2,62780E+0	-1,62530E-12
2,63880E+0	-1,93140E-12
2,64980E+0	-1,94510E-12
2,66079E+0	-1,84960E-12
2,67178E+0	-1,95520E-12
2,68278E+0	-1,99020E-12
2,69378E+0	-1,97510E-12
2,70477E+0	-2,14460E-12
2,71577E+0	-2,00360E-12
2,72676E+0	-1,44780E-12
2,73775E+0	-1,83520E-12
2,74875E+0	-1,30870E-12
2,75974E+0	-1,49280E-12
2,77074E+0	-2,13320E-12
2,78173E+0	-1,91410E-12
2,79273E+0	-1,69790E-12
2,80372E+0	-1,90660E-12
2,81472E+0	-1,60780E-12
2,82571E+0	-1,50900E-12
2,83671E+0	-1,40710E-12
2,84770E+0	-1,64810E-12
2,85870E+0	-2,07340E-12
2,86969E+0	-2,08600E-12
2,88069E+0	-1,36650E-12
2,89168E+0	-2,01700E-12
2,90268E+0	-1,76210E-12
2,91367E+0	-2,04180E-12
2,92467E+0	-2,11110E-12
2,93566E+0	-1,69650E-12
2,94666E+0	-1,81220E-12
2,95765E+0	-2,13530E-12
2,96865E+0	-1,20460E-12
2,97964E+0	-2,21140E-12
2,99064E+0	-1,99790E-12
3,00163E+0	-1,50440E-12
3,01263E+0	-1,75530E-12
3,02363E+0	-7,16900E-13
3,03462E+0	-1,39650E-12
3,04561E+0	-1,21840E-12
3,05661E+0	-1,07480E-12
3,06760E+0	-1,55960E-12
3,07860E+0	-1,75350E-12
3,08959E+0	-1,86650E-12
3,10059E+0	-7,42700E-13
3,11158E+0	-1,41970E-12
3,12258E+0	-1,80170E-12
3,13357E+0	-8,31800E-13
3,14457E+0	-1,62730E-12
3,15556E+0	-2,07960E-12
3,16656E+0	-1,67890E-12
3,17755E+0	-1,72790E-12
3,18855E+0	-1,56060E-12
3,19955E+0	-1,50750E-12
3,21054E+0	-2,06500E-12
3,22153E+0	-2,12190E-12
3,23253E+0	-1,38410E-12
3,24352E+0	-1,54720E-12
3,25452E+0	-1,31560E-12
3,26552E+0	-1,56210E-12
3,27651E+0	-9,88400E-13
3,28750E+0	-9,49700E-13
3,29850E+0	-1,43610E-12
3,30949E+0	-1,73120E-12
3,32049E+0	-1,19060E-12
3,33148E+0	-7,53100E-13
3,34248E+0	-7,51900E-13
3,35347E+0	-1,15550E-12
3,36447E+0	-1,58630E-12
3,37546E+0	-1,27370E-12
3,38646E+0	-1,75160E-12
3,39745E+0	-7,18300E-13
3,40845E+0	-1,91430E-12
3,41944E+0	-1,04600E-12
3,43044E+0	-1,67730E-12
3,44143E+0	-1,83140E-12
3,45243E+0	-1,68770E-12
3,46342E+0	-1,70080E-12
3,47442E+0	-1,30400E-12
3,48541E+0	-2,05370E-12
3,49641E+0	-1,74620E-12
3,50740E+0	-1,65700E-12
3,51840E+0	-1,34660E-12
3,52939E+0	-1,50330E-12
3,54039E+0	-1,90290E-12
3,55138E+0	-1,44310E-12
3,56238E+0	-1,71660E-12
3,57337E+0	-1,84280E-12
3,58437E+0	-1,57290E-12
3,59536E+0	-1,89640E-12
3,60636E+0	-9,17300E-13
3,61735E+0	-9,79400E-13
3,62835E+0	-9,41600E-13
3,63934E+0	-1,47400E-12
3,65034E+0	-1,06340E-12
3,66133E+0	-9,63100E-13
3,67233E+0	-1,47250E-12
3,68332E+0	-1,54310E-12
3,69432E+0	-1,33540E-12
3,70531E+0	-1,61520E-12
3,71631E+0	-1,80190E-12
3,72730E+0	-1,45980E-12
3,73830E+0	-1,17350E-12
3,74930E+0	-1,37330E-12
3,76029E+0	-1,83330E-12
3,77128E+0	-1,04020E-12
3,78228E+0	-7,99500E-13
3,79327E+0	-1,46110E-12
3,80427E+0	-1,95510E-12
3,81527E+0	-8,42100E-13
3,82626E+0	-1,27380E-12
3,83725E+0	-1,55640E-12
3,84825E+0	-1,41300E-12
3,85924E+0	-1,16370E-12
3,87024E+0	-1,83150E-12
3,88123E+0	-1,43500E-12
3,89223E+0	-3,06800E-13
3,90322E+0	-7,44500E-13
3,91422E+0	-1,48860E-12
3,92521E+0	-1,32660E-12
3,93621E+0	-1,11720E-12
3,94720E+0	-1,79980E-12
3,95820E+0	-1,66270E-12
3,96919E+0	-1,96060E-12
3,98019E+0	-1,70100E-12
3,99118E+0	-1,70600E-12
4,00218E+0	-1,35380E-12
4,01317E+0	-1,23600E-12
4,02417E+0	-1,36070E-12
4,03516E+0	-1,94330E-12
4,04616E+0	-2,52100E-13
4,05715E+0	-1,02810E-12
4,06815E+0	-1,29580E-12
4,07914E+0	-1,17590E-12
4,09014E+0	-1,37390E-12
4,10113E+0	-1,57700E-12
4,11213E+0	-1,23560E-12
4,12312E+0	3,96800E-13
4,13412E+0	-6,49700E-13
4,14511E+0	-1,11520E-12
4,15611E+0	-1,29520E-12
4,16710E+0	-4,60400E-13
4,17810E+0	-1,68040E-12
4,18910E+0	-8,25100E-13
4,20009E+0	-9,42300E-13
4,21108E+0	-1,89950E-12
4,22208E+0	-1,07190E-12
4,23307E+0	-1,40810E-12
4,24407E+0	-1,40100E-13
4,25507E+0	-9,30000E-13
4,26606E+0	-6,12800E-13
4,27705E+0	-1,27640E-12
4,28805E+0	-1,52720E-12
4,29904E+0	-1,17110E-12
4,31004E+0	-1,24120E-12
4,32104E+0	-1,87130E-12
4,33203E+0	-1,12460E-12
4,34302E+0	-3,63600E-13
4,35402E+0	-1,23710E-12
4,36501E+0	-8,22000E-13
4,37601E+0	-1,44020E-12
4,38701E+0	-1,41450E-12
4,39800E+0	-1,33930E-12
4,40899E+0	-1,50290E-12
4,41999E+0	-1,48330E-12
4,43098E+0	-1,06320E-12
4,44198E+0	-1,26640E-12
4,45297E+0	-1,81340E-12
4,46397E+0	-1,39530E-12
4,47497E+0	-3,15000E-13
4,48596E+0	-4,40800E-13
4,49695E+0	-1,46370E-12
4,50795E+0	-1,94210E-12
4,51895E+0	-1,05300E-12
4,52994E+0	9,80200E-13
4,54093E+0	7,96900E-13
4,55193E+0	-1,38080E-12
4,56292E+0	-1,14190E-12
4,57392E+0	-1,44100E-12
4,58491E+0	-1,05730E-12
4,59591E+0	1,83500E-13
4,60691E+0	-1,86000E-14
4,61790E+0	7,20200E-13
4,62889E+0	-1,05720E-12
4,63989E+0	5,58000E-13
4,65088E+0	-7,27000E-14
4,66188E+0	-4,45800E-13
4,67287E+0	4,09900E-13
4,68387E+0	5,47000E-14
4,69486E+0	-5,30500E-13
4,70586E+0	-8,40000E-15
4,71685E+0	2,44800E-12
4,72785E+0	7,34300E-13
4,73884E+0	6,30500E-13
4,74984E+0	4,66700E-13
4,76084E+0	1,42920E-12
4,77183E+0	1,12990E-12
4,78282E+0	2,78230E-12
4,79382E+0	3,50450E-12
4,80481E+0	1,11170E-12
4,81581E+0	1,65640E-12
4,82680E+0	9,49900E-13
4,83780E+0	1,66820E-12
4,84879E+0	2,25600E-13
4,85979E+0	4,59000E-13
4,87078E+0	-2,01600E-13
4,88178E+0	3,83000E-14
4,89277E+0	1,16900E-13
4,90377E+0	1,47300E-13
4,91476E+0	1,14180E-12
4,92576E+0	-1,06120E-12
4,93675E+0	1,66300E-13
4,94775E+0	-5,84300E-13
4,95874E+0	-4,26400E-13
4,96974E+0	4,97900E-13
4,98074E+0	5,55600E-13
4,99173E+0	8,62900E-13
5,00272E+0	-5,18100E-13
5,01372E+0	-4,26100E-13
5,02471E+0	-6,55500E-13
5,03571E+0	4,24900E-13
5,04670E+0	1,53600E-13
5,05770E+0	-5,38400E-13
5,06869E+0	-2,03000E-13
5,07969E+0	-8,58400E-13
5,09068E+0	1,84700E-13
5,10168E+0	-4,77000E-14
5,11268E+0	-8,68000E-14
5,12367E+0	1,42780E-12
5,13466E+0	1,21740E-12
5,14566E+0	-9,59000E-13
5,15665E+0	7,02800E-13
5,16765E+0	-1,24900E-13
5,17864E+0	9,95500E-13
5,18964E+0	-3,12400E-13
5,20064E+0	5,22600E-13
5,21163E+0	4,63700E-13
5,22262E+0	4,43300E-13
5,23362E+0	3,36000E-13
5,24461E+0	1,01980E-12
5,25561E+0	2,85380E-12
5,26660E+0	1,17290E-12
5,27760E+0	5,42800E-13
5,28859E+0	1,60570E-12
5,29959E+0	1,28880E-12
5,31058E+0	5,56000E-13
5,32158E+0	2,07170E-12
5,33257E+0	7,52600E-13
5,34357E+0	-7,17000E-14
5,35457E+0	-5,79000E-14
5,36556E+0	5,00100E-13
5,37655E+0	-1,64200E-13
5,38755E+0	1,75010E-12
5,39854E+0	1,70440E-12
5,40954E+0	1,15060E-12
5,42053E+0	5,20200E-13
5,43153E+0	1,19560E-12
5,44252E+0	-4,48700E-13
5,45352E+0	1,50000E-13
5,46451E+0	6,96000E-14
5,47551E+0	-1,36700E-13
5,48651E+0	-2,13200E-13
5,49750E+0	2,73200E-13
5,50849E+0	1,54630E-12
5,51949E+0	8,61100E-13
5,53048E+0	9,87700E-13
5,54148E+0	1,07520E-12
5,55247E+0	-1,02500E-13
5,56347E+0	2,00860E-12
5,57447E+0	1,10400E-12
5,58546E+0	1,42060E-12
5,59645E+0	2,64310E-12
5,60745E+0	8,42000E-14
5,61845E+0	3,74800E-13
5,62944E+0	2,13480E-12
5,64043E+0	2,10600E-13
5,65143E+0	1,18140E-12
5,66242E+0	1,98690E-12
5,67342E+0	1,38910E-12
5,68441E+0	1,84310E-12
5,69541E+0	1,38560E-12
5,70641E+0	6,86900E-13
5,71740E+0	2,40850E-12
5,72839E+0	2,10710E-12
5,73939E+0	1,90900E-12
5,75038E+0	1,93950E-12
5,76138E+0	2,20500E-12
5,77237E+0	3,99180E-12
5,78337E+0	2,30390E-12
5,79436E+0	2,69060E-12
5,80536E+0	1,57320E-12
5,81635E+0	2,49540E-12
5,82735E+0	1,03860E-12
5,83834E+0	9,13500E-13
5,84934E+0	1,42020E-12
5,86034E+0	2,98640E-12
5,87133E+0	2,37270E-12
5,88232E+0	2,31510E-12
5,89332E+0	2,05560E-12
5,90431E+0	1,13530E-12
5,91531E+0	3,01560E-12
5,92630E+0	4,46170E-12
5,93730E+0	2,39150E-12
5,94829E+0	2,27830E-12
5,95929E+0	3,27890E-12
5,97028E+0	5,17390E-12
5,98128E+0	2,67190E-12
5,99227E+0	7,35300E-13
6,00327E+0	3,79040E-12
6,01426E+0	2,57730E-12
6,02526E+0	4,65880E-12
6,03625E+0	3,17810E-12
6,04725E+0	2,84580E-12
6,05824E+0	2,79250E-12
6,06924E+0	2,02290E-12
6,08024E+0	1,94240E-12
6,09123E+0	1,67810E-12
6,10222E+0	2,00420E-12
6,11322E+0	2,56560E-12
6,12421E+0	2,92910E-12
6,13521E+0	3,57850E-12
6,14620E+0	3,26540E-12
6,15720E+0	2,22880E-12
6,16819E+0	4,20750E-12
6,17919E+0	4,66150E-12
6,19018E+0	4,07860E-12
6,20118E+0	1,90110E-12
6,21218E+0	1,96660E-12
6,22317E+0	1,08480E-12
6,23416E+0	4,22370E-12
6,24516E+0	3,37630E-12
6,25615E+0	2,41620E-12
6,26715E+0	2,36060E-12
6,27814E+0	1,60490E-12
6,28914E+0	2,67170E-12
6,30014E+0	4,12650E-12
6,31113E+0	9,47100E-13
6,32212E+0	3,53080E-12
6,33312E+0	2,07780E-12
6,34411E+0	2,08160E-12
6,35511E+0	3,30940E-12
6,36610E+0	2,49150E-12
6,37710E+0	3,52030E-12
6,38809E+0	1,99490E-12
6,39909E+0	1,50070E-12
6,41008E+0	2,32480E-12
6,42108E+0	1,80560E-12
6,43207E+0	3,91060E-12
6,44307E+0	3,45860E-12
6,45406E+0	2,00310E-12
6,46506E+0	1,85520E-12
6,47605E+0	9,22600E-13
6,48705E+0	1,66860E-12
6,49804E+0	2,81290E-12
6,50904E+0	3,35040E-12
6,52003E+0	6,70560E-12
6,53103E+0	2,32450E-12
6,54202E+0	9,33000E-13
6,55302E+0	3,29660E-12
6,56401E+0	1,83570E-12
6,57501E+0	7,83100E-13
6,58601E+0	2,61520E-12
6,59700E+0	4,16550E-12
6,60799E+0	3,42910E-12
6,61899E+0	2,04310E-12
6,62998E+0	2,83230E-12
6,64098E+0	3,44490E-12
6,65197E+0	4,85790E-12
6,66297E+0	4,25040E-12
6,67396E+0	3,47980E-12
6,68496E+0	4,82050E-12
6,69595E+0	4,46100E-12
6,70695E+0	4,08590E-12
6,71795E+0	2,70150E-12
6,72894E+0	2,81280E-12
6,73993E+0	4,08000E-12
6,75093E+0	4,41760E-12
6,76192E+0	2,68960E-12
6,77292E+0	2,83810E-12
6,78391E+0	2,17620E-12
6,79491E+0	4,00730E-12
6,80591E+0	4,69210E-12
6,81690E+0	2,42440E-12
6,82789E+0	3,98800E-12
6,83889E+0	2,76180E-12
6,84988E+0	2,26450E-12
6,86088E+0	2,66150E-12
6,87187E+0	2,15250E-12
6,88287E+0	2,55210E-12
6,89386E+0	1,60440E-12
6,90486E+0	3,22710E-12
6,91585E+0	4,03120E-12
6,92685E+0	2,43500E-12
6,93784E+0	1,81010E-12
6,94884E+0	3,79530E-12
6,95983E+0	2,54850E-12
6,97083E+0	3,58930E-12
6,98182E+0	2,95170E-12
6,99282E+0	3,83640E-12
7,00381E+0	3,26910E-12
7,01481E+0	4,55800E-12
7,02580E+0	4,50890E-12
7,03680E+0	5,57990E-12
7,04779E+0	4,02980E-12
7,05879E+0	4,42800E-12
7,06978E+0	4,82040E-12
7,08078E+0	3,21060E-12
7,09177E+0	2,26660E-12
7,10277E+0	5,94500E-12
7,11376E+0	4,56850E-12
7,12476E+0	4,92000E-12
7,13575E+0	2,71790E-12
7,14675E+0	2,76930E-12
7,15774E+0	3,20920E-12
7,16874E+0	4,22520E-12
7,17973E+0	3,17420E-12
7,19073E+0	3,91440E-12
7,20172E+0	2,60790E-12
7,21272E+0	2,49490E-12
7,22371E+0	4,52800E-12
7,23471E+0	4,54420E-12
7,24570E+0	4,13990E-12
7,25670E+0	7,18730E-12
7,26769E+0	3,40870E-12
7,27869E+0	3,29520E-12
7,28968E+0	3,73690E-12
7,30068E+0	2,83140E-12
7,31168E+0	2,54300E-12
7,32267E+0	4,04790E-12
7,33366E+0	3,90320E-12
7,34466E+0	3,24410E-12
7,35565E+0	3,12560E-12
7,36665E+0	3,23840E-12
7,37764E+0	3,97360E-12
7,38864E+0	7,10330E-12
7,39963E+0	3,23820E-12
7,41063E+0	3,08770E-12
7,42162E+0	4,19310E-12
7,43262E+0	3,79450E-12
7,44361E+0	4,30790E-12
7,45461E+0	4,51540E-12
7,46560E+0	3,80150E-12
7,47660E+0	2,38970E-12
7,48759E+0	3,31590E-12
7,49859E+0	3,82670E-12
7,50958E+0	3,48570E-12
7,52058E+0	4,27400E-12
7,53157E+0	2,59500E-12
7,54257E+0	7,02790E-12
7,55356E+0	5,54660E-12
7,56456E+0	5,12950E-12
7,57555E+0	3,76750E-12
7,58655E+0	2,53980E-12
7,59754E+0	3,09290E-12
7,60854E+0	2,68340E-12
7,61953E+0	4,04150E-12
7,63053E+0	2,63580E-12
7,64152E+0	2,99990E-12
7,65252E+0	3,64980E-12
7,66351E+0	3,55040E-12
7,67451E+0	6,28580E-12
7,68551E+0	3,15360E-12
7,69650E+0	4,55140E-12
7,70749E+0	3,75030E-12
7,71849E+0	3,29990E-12
7,72948E+0	7,70500E-13
7,74048E+0	1,94360E-12
7,75147E+0	3,90670E-12
7,76247E+0	2,65680E-12
7,77346E+0	5,09650E-12
7,78446E+0	3,92980E-12
7,79545E+0	2,56050E-12
7,80645E+0	2,60060E-12
7,81745E+0	3,73570E-12
7,82844E+0	2,36050E-12
7,83943E+0	2,77000E-12
7,85043E+0	2,97670E-12
7,86142E+0	2,33900E-12
7,87242E+0	4,38440E-12
7,88341E+0	3,52230E-12
7,89441E+0	2,98650E-12
7,90541E+0	3,34650E-12
7,91640E+0	2,31370E-12
7,92739E+0	2,48950E-12
7,93839E+0	3,71990E-12
7,94938E+0	4,11360E-12
7,96038E+0	4,16430E-12
7,97137E+0	2,82730E-12
7,98237E+0	3,63370E-12
7,99336E+0	2,52240E-12
8,00436E+0	3,52230E-12
8,01535E+0	4,12790E-12
8,02635E+0	5,67260E-12
8,03734E+0	3,17740E-12
8,04834E+0	4,60530E-12
8,05933E+0	4,80890E-12
8,07033E+0	4,68790E-12
8,08132E+0	2,05100E-12
8,09232E+0	3,37390E-12
8,10332E+0	3,24070E-12
8,11431E+0	1,79620E-12
8,12530E+0	5,91150E-12
8,13630E+0	3,97800E-12
8,14729E+0	3,55140E-12
8,15829E+0	2,97680E-12
8,16928E+0	3,76080E-12
8,18028E+0	4,65930E-12
8,19127E+0	3,66470E-12
8,20227E+0	2,97620E-12
8,21326E+0	4,21470E-12
8,22426E+0	3,34070E-12
8,23526E+0	3,50340E-12
8,24625E+0	3,10250E-12
8,25724E+0	6,08260E-12
8,26824E+0	4,85770E-12
8,27923E+0	5,13480E-12
8,29023E+0	4,43570E-12
8,30122E+0	4,26230E-12
8,31222E+0	5,95240E-12
8,32321E+0	7,13460E-12
8,33421E+0	4,33410E-12
8,34520E+0	4,80930E-12
8,35620E+0	5,24090E-12
8,36720E+0	5,62840E-12
8,37819E+0	4,64870E-12
8,38918E+0	3,79180E-12
8,40018E+0	3,47180E-12
8,41118E+0	4,84570E-12
8,42217E+0	5,34580E-12
8,43316E+0	2,88380E-12
8,44416E+0	4,27750E-12
8,45515E+0	5,42020E-12
8,46615E+0	5,67120E-12
8,47715E+0	6,10300E-12
8,48814E+0	4,98990E-12
8,49913E+0	6,85890E-12
8,51013E+0	6,96440E-12
8,52112E+0	5,34300E-12
8,53212E+0	3,32850E-12
8,54311E+0	6,68520E-12
8,55411E+0	6,25060E-12
8,56510E+0	6,87610E-12
8,57610E+0	7,38850E-12
8,58709E+0	4,44410E-12
8,59809E+0	6,99070E-12
8,60909E+0	8,02220E-12
8,62008E+0	5,84840E-12
8,63107E+0	6,05610E-12
8,64207E+0	7,45050E-12
8,65306E+0	6,12400E-12
8,66406E+0	6,57840E-12
8,67505E+0	3,61740E-12
8,68605E+0	5,27720E-12
8,69704E+0	6,00110E-12
8,70804E+0	7,56870E-12
8,71903E+0	8,06100E-12
8,73003E+0	5,91300E-12
8,74102E+0	8,95340E-12
8,75202E+0	8,14610E-12
8,76301E+0	6,22150E-12
8,77401E+0	7,34630E-12
8,78500E+0	7,87660E-12
8,79600E+0	6,55720E-12
8,80699E+0	7,25660E-12
8,81799E+0	8,28280E-12
8,82898E+0	8,41330E-12
8,83998E+0	7,48620E-12
8,85098E+0	6,01380E-12
8,86197E+0	5,69140E-12
8,87296E+0	7,35570E-12
8,88396E+0	7,36850E-12
8,89495E+0	5,71050E-12
8,90595E+0	4,89880E-12
8,91694E+0	5,46410E-12
8,92794E+0	6,14910E-12
8,93894E+0	6,25930E-12
8,94993E+0	5,58230E-12
8,96092E+0	5,20330E-12
8,97192E+0	6,50970E-12
8,98291E+0	8,25180E-12
8,99391E+0	5,45020E-12
9,00490E+0	6,23570E-12
9,01590E+0	5,98960E-12
9,02689E+0	7,32140E-12
9,03789E+0	6,29350E-12
9,04889E+0	5,72540E-12
9,05988E+0	8,31980E-12
9,07087E+0	8,17630E-12
9,08187E+0	1,18369E-11
9,09286E+0	7,29880E-12
9,10386E+0	1,03594E-11
9,11485E+0	9,75210E-12
9,12585E+0	6,94970E-12
9,13684E+0	7,41810E-12
9,14784E+0	8,09650E-12
9,15883E+0	8,27070E-12
9,16983E+0	8,28350E-12
9,18082E+0	9,52890E-12
9,19182E+0	7,51320E-12
9,20281E+0	8,32610E-12
9,21381E+0	8,78030E-12
9,22480E+0	9,17080E-12
9,23580E+0	9,58440E-12
9,24679E+0	8,00360E-12
9,25779E+0	6,89250E-12
9,26878E+0	9,77640E-12
9,27978E+0	8,03890E-12
9,29077E+0	1,45882E-11
9,30177E+0	1,19372E-11
9,31277E+0	1,22519E-11
9,32376E+0	7,93590E-12
9,33475E+0	1,10775E-11
9,34575E+0	9,44870E-12
9,35674E+0	8,55530E-12
9,36774E+0	1,06473E-11
9,37873E+0	9,85870E-12
9,38973E+0	8,12050E-12
9,40072E+0	1,23564E-11
9,41172E+0	1,14628E-11
9,42272E+0	8,08080E-12
9,43371E+0	1,24733E-11
9,44470E+0	1,30707E-11
9,45570E+0	1,39235E-11
9,46669E+0	1,33513E-11
9,47769E+0	1,97619E-11
9,48869E+0	1,66786E-11
9,49968E+0	1,27895E-11
9,51067E+0	1,80443E-11
9,52167E+0	1,56595E-11
9,53266E+0	1,88381E-11
9,54366E+0	1,79976E-11
9,55465E+0	1,93672E-11
9,56565E+0	2,08442E-11
9,57665E+0	1,92720E-11
9,58764E+0	1,70088E-11
9,59863E+0	1,99297E-11
9,60963E+0	2,32730E-11
9,62062E+0	2,31460E-11
9,62210E+0	2,56800E-11
9,63076E+0	2,34990E-11
9,63942E+0	2,78590E-11
9,64808E+0	2,41480E-11
9,65674E+0	2,41050E-11
9,66540E+0	2,57330E-11
9,67406E+0	2,81620E-11
9,68272E+0	2,65960E-11
9,69138E+0	3,09390E-11
9,70004E+0	3,34590E-11
9,70870E+0	3,43670E-11
9,71737E+0	3,15170E-11
9,72603E+0	3,43140E-11
9,73469E+0	3,56230E-11
9,74335E+0	2,78600E-11
9,75201E+0	3,83440E-11
9,76067E+0	3,07640E-11
9,76933E+0	3,87400E-11
9,77799E+0	3,41890E-11
9,78665E+0	2,87310E-11
9,79531E+0	2,80850E-11
9,80397E+0	3,09530E-11
9,81263E+0	3,23530E-11
9,82130E+0	3,18520E-11
9,82996E+0	2,88560E-11
9,83862E+0	3,10010E-11
9,84728E+0	2,96060E-11
9,85594E+0	2,53040E-11
9,86460E+0	2,84730E-11
9,87326E+0	2,44650E-11
9,88192E+0	2,24510E-11
9,89058E+0	2,30240E-11
9,89924E+0	2,59410E-11
9,90790E+0	2,13480E-11
9,91656E+0	2,14590E-11
9,92522E+0	2,58070E-11
9,93389E+0	2,13480E-11
9,94255E+0	2,03560E-11
9,95121E+0	2,14760E-11
9,95987E+0	2,00666E-11
9,96853E+0	1,99079E-11
9,97719E+0	2,03360E-11
9,98585E+0	2,61110E-11
9,99451E+0	2,23020E-11
1,00032E+1	2,08140E-11
1,00118E+1	2,62120E-11
1,00205E+1	1,99250E-11
1,00292E+1	2,05935E-11
1,00378E+1	1,67863E-11
1,00465E+1	2,04880E-11
1,00551E+1	2,07530E-11
1,00638E+1	2,05830E-11
1,00725E+1	2,21840E-11
1,00811E+1	1,65717E-11
1,00898E+1	1,79501E-11
1,00984E+1	2,04590E-11
1,01071E+1	2,07090E-11
1,01158E+1	2,09320E-11
1,01244E+1	1,76448E-11
1,01331E+1	2,36330E-11
1,01417E+1	2,27220E-11
1,01504E+1	2,05290E-11
1,01591E+1	2,18140E-11
1,01677E+1	2,37110E-11
1,01764E+1	2,09940E-11
1,01850E+1	2,06474E-11
1,01937E+1	1,97675E-11
1,02024E+1	2,06692E-11
1,02110E+1	1,81652E-11
1,02197E+1	1,83033E-11
1,02284E+1	1,93050E-11
1,02370E+1	1,99903E-11
1,02457E+1	2,05854E-11
1,02543E+1	1,99681E-11
1,02630E+1	1,97590E-11
1,02717E+1	2,00543E-11
1,02803E+1	2,23620E-11
1,02890E+1	2,24670E-11
1,02976E+1	2,02550E-11
1,03063E+1	2,08530E-11
1,03150E+1	2,41940E-11
1,03236E+1	2,44570E-11
1,03323E+1	2,47300E-11
1,03409E+1	2,21370E-11
1,03496E+1	2,02830E-11
1,03583E+1	2,11430E-11
1,03669E+1	2,40150E-11
1,03756E+1	2,07810E-11
1,03842E+1	2,45770E-11
1,03929E+1	2,06070E-11
1,04016E+1	2,39890E-11
1,04102E+1	2,19480E-11
1,04189E+1	2,40350E-11
1,04276E+1	2,11160E-11
1,04362E+1	2,01680E-11
1,04449E+1	2,14560E-11
1,04535E+1	2,36610E-11
1,04622E+1	2,44420E-11
1,04709E+1	2,07340E-11
1,04795E+1	2,04190E-11
1,04882E+1	2,22410E-11
1,04968E+1	2,49230E-11
1,05055E+1	2,43300E-11
1,05142E+1	2,63860E-11
1,05228E+1	2,15510E-11
1,05315E+1	2,20610E-11
1,05401E+1	2,47650E-11
1,05488E+1	2,52340E-11
1,05575E+1	2,61050E-11
1,05661E+1	2,87250E-11
1,05748E+1	2,98340E-11
1,05834E+1	2,97770E-11
1,05921E+1	2,97200E-11
1,06008E+1	2,59960E-11
1,06094E+1	2,54200E-11
1,06181E+1	2,33460E-11
1,06267E+1	2,68040E-11
1,06354E+1	2,56980E-11
1,06441E+1	2,27320E-11
1,06527E+1	2,77670E-11
1,06614E+1	2,69200E-11
1,06701E+1	3,00810E-11
1,06787E+1	3,08290E-11
1,06874E+1	3,21420E-11
1,06960E+1	2,30080E-11
1,07047E+1	2,54610E-11
1,07134E+1	2,71400E-11
1,07220E+1	2,73180E-11
1,07307E+1	2,76610E-11
1,07393E+1	2,64300E-11
1,07480E+1	2,73590E-11
1,07567E+1	2,77020E-11
1,07653E+1	2,87150E-11
1,07740E+1	2,47510E-11
1,07826E+1	2,42240E-11
1,07913E+1	2,57930E-11
1,08000E+1	2,77910E-11
1,08086E+1	3,11930E-11
1,08173E+1	2,49580E-11
1,08259E+1	2,61400E-11
1,08346E+1	2,42870E-11
1,08433E+1	2,73010E-11
1,08519E+1	3,04510E-11
1,08606E+1	3,00650E-11
1,08693E+1	3,20480E-11
1,08779E+1	2,90240E-11
1,08866E+1	2,68720E-11
1,08952E+1	2,69780E-11
1,09039E+1	2,42730E-11
1,09126E+1	2,76370E-11
1,09212E+1	2,43910E-11
1,09299E+1	3,38000E-11
1,09385E+1	2,92460E-11
1,09472E+1	3,12940E-11
1,09559E+1	2,94490E-11
1,09645E+1	3,07230E-11
1,09732E+1	2,85160E-11
1,09818E+1	3,02800E-11
1,09905E+1	2,42250E-11
1,09992E+1	2,38560E-11
1,10078E+1	2,74560E-11
1,10165E+1	3,03950E-11
1,10251E+1	2,89980E-11
1,10338E+1	3,13290E-11
1,10425E+1	3,15560E-11
1,10511E+1	3,47010E-11
1,10598E+1	3,27020E-11
1,10684E+1	2,69630E-11
1,10771E+1	3,26020E-11
1,10858E+1	2,90520E-11
1,10944E+1	2,77260E-11
1,11031E+1	3,23750E-11
1,11118E+1	3,44950E-11
1,11204E+1	3,46270E-11
1,11291E+1	3,38020E-11
1,11377E+1	3,55870E-11
1,11464E+1	3,79970E-11
1,11551E+1	3,03300E-11
1,11637E+1	3,37070E-11
1,11724E+1	3,90290E-11
1,11810E+1	3,61970E-11
1,11897E+1	3,63680E-11
1,11984E+1	3,77660E-11
1,12070E+1	3,81850E-11
1,12157E+1	3,89720E-11
1,12243E+1	3,10550E-11
1,12330E+1	3,26950E-11
1,12417E+1	3,75450E-11
1,12503E+1	3,17480E-11
1,12590E+1	3,32810E-11
1,12676E+1	3,72210E-11
1,12763E+1	3,64490E-11
1,12850E+1	3,54610E-11
1,12936E+1	3,51950E-11
1,13023E+1	3,79230E-11
1,13110E+1	4,04300E-11
1,13196E+1	3,99990E-11
1,13283E+1	4,53450E-11
1,13369E+1	3,78630E-11
1,13456E+1	3,44510E-11
1,13543E+1	3,59060E-11
1,13629E+1	4,11970E-11
1,13716E+1	3,54710E-11
1,13802E+1	3,43950E-11
1,13889E+1	3,34520E-11
1,13976E+1	3,83930E-11
1,14062E+1	3,64080E-11
1,14149E+1	3,45260E-11
1,14235E+1	3,35470E-11
1,14322E+1	4,07690E-11
1,14409E+1	4,48080E-11
1,14495E+1	4,07430E-11
1,14582E+1	4,00680E-11
1,14668E+1	3,67460E-11
1,14755E+1	4,02940E-11
1,14842E+1	3,60970E-11
1,14928E+1	4,07090E-11
1,15015E+1	4,51370E-11
1,15101E+1	4,56290E-11
1,15188E+1	4,47110E-11
1,15275E+1	4,02890E-11
1,15361E+1	3,95320E-11
1,15448E+1	3,92380E-11
1,15535E+1	4,50070E-11
1,15621E+1	4,25890E-11
1,15708E+1	3,89410E-11
1,15794E+1	3,86380E-11
1,15881E+1	4,65620E-11
1,15968E+1	4,59040E-11
1,16054E+1	4,24930E-11
1,16141E+1	4,46340E-11
1,16227E+1	4,09180E-11
1,16314E+1	4,17680E-11
1,16401E+1	3,82280E-11
1,16487E+1	4,18380E-11
1,16574E+1	4,24970E-11
1,16660E+1	4,67410E-11
1,16747E+1	4,54330E-11
1,16834E+1	4,45080E-11
1,16920E+1	4,45350E-11
1,17007E+1	5,10940E-11
1,17093E+1	4,60980E-11
1,17180E+1	4,48350E-11
1,17267E+1	5,20220E-11
1,17353E+1	4,74270E-11
1,17440E+1	5,25320E-11
1,17527E+1	5,17670E-11
1,17613E+1	4,46850E-11
1,17700E+1	4,50160E-11
1,17786E+1	4,81570E-11
1,17873E+1	4,70970E-11
1,17960E+1	4,49840E-11
1,18046E+1	5,40410E-11
1,18133E+1	4,88050E-11
1,18219E+1	4,70010E-11
1,18306E+1	5,13190E-11
1,18393E+1	5,99860E-11
1,18479E+1	5,13660E-11
1,18566E+1	4,94410E-11
1,18652E+1	5,03040E-11
1,18739E+1	5,55200E-11
1,18826E+1	5,24610E-11
1,18912E+1	5,01990E-11
1,18999E+1	5,60940E-11
1,19085E+1	5,24360E-11
1,19172E+1	5,46490E-11
1,19259E+1	5,54720E-11
1,19345E+1	5,50060E-11
1,19432E+1	5,09370E-11
1,19519E+1	5,59200E-11
1,19605E+1	4,78390E-11
1,19692E+1	6,14470E-11
1,19778E+1	5,97230E-11
1,19865E+1	5,97570E-11
1,19952E+1	5,36790E-11
1,20038E+1	5,52570E-11
1,20125E+1	5,05370E-11
1,20211E+1	5,89270E-11
1,20298E+1	5,56430E-11
1,20385E+1	5,32380E-11
1,20471E+1	6,06720E-11
1,20558E+1	6,37290E-11
1,20644E+1	6,61790E-11
1,20731E+1	6,17720E-11
1,20818E+1	5,82350E-11
1,20904E+1	4,98560E-11
1,20991E+1	5,95880E-11
1,21077E+1	5,59150E-11
1,21164E+1	5,22550E-11
1,21251E+1	5,91700E-11
1,21337E+1	5,63650E-11
1,21424E+1	5,58430E-11
1,21510E+1	6,06520E-11
1,21597E+1	6,14970E-11
1,21684E+1	6,85540E-11
1,21770E+1	7,38900E-11
1,21857E+1	6,65560E-11
1,21944E+1	6,27790E-11
1,22030E+1	6,15670E-11
1,22117E+1	6,51150E-11
1,22203E+1	5,86390E-11
1,22290E+1	5,76050E-11
1,22377E+1	6,14100E-11
1,22463E+1	6,27240E-11
1,22550E+1	6,39340E-11
1,22636E+1	7,05700E-11
1,22723E+1	6,69660E-11
1,22810E+1	5,94160E-11
1,22896E+1	6,61850E-11
1,22983E+1	6,51130E-11
1,23069E+1	6,64100E-11
1,23156E+1	7,12930E-11
1,23243E+1	6,81630E-11
1,23329E+1	5,93510E-11
1,23416E+1	6,14810E-11
1,23502E+1	6,91880E-11
1,23589E+1	6,66260E-11
1,23676E+1	6,41070E-11
1,23762E+1	7,18950E-11
1,23849E+1	7,31970E-11
1,23936E+1	6,21050E-11
1,24022E+1	7,19600E-11
1,24109E+1	6,24500E-11
1,24195E+1	7,06360E-11
1,24282E+1	6,99870E-11
1,24369E+1	6,71360E-11
1,24455E+1	6,85760E-11
1,24542E+1	7,59910E-11
1,24628E+1	6,85030E-11
1,24715E+1	7,43310E-11
1,24802E+1	7,53170E-11
1,24888E+1	7,27180E-11
1,24975E+1	7,54410E-11
1,25061E+1	7,67340E-11
1,25148E+1	7,39180E-11
1,25235E+1	6,59740E-11
1,25321E+1	7,24460E-11
1,25408E+1	7,36700E-11
1,25494E+1	7,75730E-11
1,25581E+1	7,77510E-11
1,25668E+1	7,79440E-11
1,25754E+1	8,60540E-11
1,25841E+1	7,96320E-11
1,25927E+1	7,39710E-11
1,26014E+1	7,93590E-11
1,26101E+1	8,04710E-11
1,26187E+1	8,03960E-11
1,26274E+1	8,41750E-11
1,26361E+1	8,44360E-11
1,26447E+1	8,39350E-11
1,26534E+1	7,86670E-11
1,26620E+1	8,74920E-11
1,26707E+1	9,50350E-11
1,26794E+1	8,63990E-11
1,26880E+1	8,71950E-11
1,26967E+1	8,26740E-11
1,27053E+1	8,76280E-11
1,27140E+1	8,46320E-11
1,27227E+1	8,56200E-11
1,27313E+1	8,70560E-11
1,27400E+1	8,04290E-11
1,27486E+1	7,68750E-11
1,27573E+1	8,49840E-11
1,27660E+1	8,70100E-11
1,27746E+1	9,49990E-11
1,27833E+1	8,75620E-11
1,27919E+1	9,05040E-11
1,28006E+1	9,23610E-11
1,28093E+1	9,88430E-11
1,28179E+1	9,58540E-11
1,28266E+1	8,50970E-11
1,28353E+1	9,15250E-11
1,28439E+1	1,01898E-10
1,28526E+1	9,30350E-11
1,28612E+1	8,78270E-11
1,28699E+1	9,32710E-11
1,28786E+1	9,95330E-11
1,28872E+1	8,94270E-11
1,28959E+1	8,98710E-11
1,29045E+1	9,51660E-11
1,29132E+1	9,63260E-11
1,29219E+1	9,43670E-11
1,29305E+1	8,47080E-11
1,29392E+1	1,00251E-10
1,29478E+1	9,68900E-11
1,29565E+1	9,22660E-11
1,29652E+1	1,01953E-10
1,29738E+1	1,09146E-10
1,29825E+1	9,86580E-11
1,29911E+1	9,84380E-11
1,29998E+1	1,09645E-10
1,30085E+1	1,11857E-10
1,30171E+1	1,00347E-10
1,30258E+1	1,06529E-10
1,30344E+1	1,04535E-10
1,30431E+1	1,06157E-10
1,30518E+1	1,10933E-10
1,30604E+1	1,07791E-10
1,30691E+1	1,00187E-10
1,30778E+1	1,16908E-10
1,30864E+1	1,17437E-10
1,30951E+1	1,12160E-10
1,31037E+1	1,06449E-10
1,31124E+1	1,08725E-10
1,31211E+1	1,13529E-10
1,31297E+1	1,21499E-10
1,31384E+1	1,18534E-10
1,31470E+1	1,31601E-10
1,31557E+1	1,16512E-10
1,31644E+1	1,17660E-10
1,31730E+1	1,22408E-10
1,31817E+1	1,15687E-10
1,31903E+1	1,26729E-10
1,31990E+1	1,22071E-10
1,32077E+1	1,23839E-10
1,32163E+1	1,23152E-10
1,32250E+1	1,31849E-10
1,32336E+1	1,25869E-10
1,32423E+1	1,19617E-10
1,32510E+1	1,28140E-10
1,32596E+1	1,27210E-10
1,32683E+1	1,39857E-10
1,32770E+1	1,42446E-10
1,32856E+1	1,30920E-10
1,32943E+1	1,37092E-10
1,33029E+1	1,38328E-10
1,33116E+1	1,44160E-10
1,33203E+1	1,43795E-10
1,33289E+1	1,42584E-10
1,33376E+1	1,43213E-10
1,33462E+1	1,42369E-10
1,33549E+1	1,43744E-10
1,33636E+1	1,45964E-10
1,33722E+1	1,39432E-10
1,33809E+1	1,39760E-10
1,33895E+1	1,39321E-10
1,33982E+1	1,48579E-10
1,34069E+1	1,46428E-10
1,34155E+1	1,52632E-10
1,34242E+1	1,49997E-10
1,34328E+1	1,58073E-10
1,34415E+1	1,42566E-10
1,34502E+1	1,39385E-10
1,34588E+1	1,47945E-10
1,34675E+1	1,40243E-10
1,34761E+1	1,43915E-10
1,34848E+1	1,47874E-10
1,34935E+1	1,48126E-10
1,35021E+1	1,47258E-10
1,35108E+1	1,42736E-10
1,35195E+1	1,49939E-10
1,35281E+1	1,45132E-10
1,35368E+1	1,47394E-10
1,35454E+1	1,40858E-10
1,35541E+1	1,45766E-10
1,35628E+1	1,37818E-10
1,35714E+1	1,45361E-10
1,35801E+1	1,39193E-10
1,35887E+1	1,38153E-10
1,35974E+1	1,33587E-10
1,36061E+1	1,34785E-10
1,36147E+1	1,36925E-10
1,36234E+1	1,44749E-10
1,36320E+1	1,42367E-10
1,36407E+1	1,41115E-10
1,36494E+1	1,40464E-10
1,36580E+1	1,52151E-10
1,36667E+1	1,40486E-10
1,36753E+1	1,50153E-10
1,36840E+1	1,44967E-10
1,36927E+1	1,41968E-10
1,37013E+1	1,54059E-10
1,37100E+1	1,44213E-10
1,37187E+1	1,51492E-10
1,37273E+1	1,45581E-10
1,37360E+1	1,58727E-10
1,37446E+1	1,53793E-10
1,37533E+1	1,55257E-10
1,37620E+1	1,56140E-10
1,37706E+1	1,53812E-10
1,37793E+1	1,68514E-10
1,37879E+1	1,58807E-10
1,37966E+1	1,65197E-10
1,38053E+1	1,61037E-10
1,38139E+1	1,72433E-10
1,38226E+1	1,68872E-10
1,38312E+1	1,71599E-10
1,38399E+1	1,65062E-10
1,38486E+1	1,61855E-10
1,38572E+1	1,75713E-10
1,38659E+1	1,78608E-10
1,38745E+1	1,82042E-10
1,38832E+1	1,80542E-10
1,38919E+1	1,74451E-10
1,39005E+1	1,85044E-10
1,39092E+1	1,93264E-10
1,39179E+1	1,91597E-10
1,39265E+1	1,86340E-10
1,39352E+1	1,94286E-10
1,39438E+1	1,99809E-10
1,39525E+1	1,99322E-10
1,39612E+1	2,03336E-10
1,39698E+1	2,03450E-10
1,39785E+1	2,52000E-10
1,39871E+1	2,00290E-10
1,39958E+1	2,40710E-10
1,40045E+1	2,64800E-10
1,40131E+1	2,52880E-10
1,40218E+1	2,27000E-10
1,40304E+1	2,45250E-10
1,40391E+1	2,46030E-10
1,40478E+1	2,51280E-10
1,40564E+1	2,79510E-10
1,40651E+1	2,42430E-10
1,40737E+1	2,59140E-10
1,40824E+1	2,76130E-10
1,40911E+1	2,70320E-10
1,40997E+1	2,31260E-10
1,41084E+1	2,50100E-10
1,41170E+1	2,15620E-10
1,41257E+1	2,81140E-10
1,41344E+1	1,46211E-10
1,41430E+1	2,63100E-10
1,41517E+1	2,26570E-10
1,41604E+1	2,07520E-10
1,41690E+1	2,53070E-10
1,41777E+1	2,44070E-10
1,41863E+1	2,10140E-10
1,41950E+1	2,74410E-10
1,42037E+1	2,28300E-10
1,42123E+1	1,24145E-10
1,42210E+1	1,84584E-10
1,42296E+1	1,85434E-10
1,42383E+1	1,87462E-10
1,42470E+1	1,81317E-10
1,42556E+1	1,81038E-10
1,42643E+1	1,55688E-10
1,42729E+1	1,56123E-10
1,42816E+1	1,58940E-10
1,42903E+1	1,61130E-10
1,42989E+1	1,62871E-10
1,43076E+1	1,44849E-10
1,43162E+1	1,45030E-10
1,43249E+1	1,49504E-10
1,43336E+1	1,56872E-10
1,43422E+1	1,58824E-10
1,43509E+1	1,44698E-10
1,43596E+1	1,65259E-10
1,43682E+1	1,66196E-10
1,43769E+1	1,58686E-10
1,43855E+1	1,75513E-10
1,43942E+1	1,81657E-10
1,44029E+1	1,89195E-10
1,44115E+1	1,93002E-10
1,44202E+1	2,05230E-10
1,44288E+1	2,38800E-10
1,44375E+1	2,35500E-10
1,44462E+1	2,77130E-10
1,44548E+1	2,56400E-10
1,44635E+1	3,02850E-10
1,44721E+1	2,87000E-10
1,44808E+1	3,16560E-10
1,44895E+1	3,03000E-10
1,44981E+1	3,16570E-10
1,45068E+1	3,08390E-10
1,45154E+1	3,08970E-10
1,45241E+1	3,07310E-10
1,45328E+1	3,17100E-10
1,45414E+1	3,26170E-10
1,45501E+1	2,92490E-10
1,45587E+1	3,42270E-10
1,45674E+1	2,71420E-10
1,45761E+1	2,98710E-10
1,45847E+1	3,08250E-10
1,45934E+1	2,69870E-10
1,46021E+1	2,19660E-10
1,46107E+1	2,11320E-10
1,46194E+1	1,12931E-10
1,46280E+1	1,63326E-10
1,46367E+1	1,48400E-10
1,46454E+1	1,37801E-10
1,46540E+1	1,14693E-10
1,46627E+1	1,05618E-10
1,46713E+1	9,43580E-11
1,46800E+1	7,84430E-11
1,46887E+1	6,64830E-11
1,46973E+1	5,40640E-11
1,47060E+1	4,28610E-11
1,47146E+1	4,05700E-11
1,47233E+1	3,36170E-11
1,47320E+1	2,52810E-11
1,47406E+1	3,00380E-11
1,47493E+1	1,74111E-11
1,47579E+1	1,35229E-11
1,47666E+1	1,46523E-11
1,47753E+1	9,40620E-12
1,47839E+1	7,75550E-12
1,47926E+1	5,20080E-12
1,48013E+1	6,54510E-12
1,48099E+1	4,32660E-12
1,48186E+1	4,13660E-12
1,48272E+1	3,36890E-12
1,48359E+1	2,80180E-12
1,48446E+1	1,07900E-13
1,48532E+1	1,55110E-12
1,48619E+1	2,91940E-12
1,48705E+1	1,46080E-12
1,48792E+1	-1,02300E-13
1,48879E+1	7,17400E-13
1,48965E+1	9,36700E-13
1,49052E+1	6,25300E-13
1,49138E+1	-7,25000E-14
1,49225E+1	-4,95200E-13
1,49312E+1	5,96700E-13
1,49398E+1	-9,62900E-13
1,49485E+1	-6,52000E-13
1,49571E+1	-7,72200E-13
1,49658E+1	-1,28610E-12
1,49745E+1	-1,59140E-12
1,49831E+1	-7,09900E-13
1,49918E+1	-1,42150E-12
1,50004E+1	-1,31480E-12
1,50091E+1	-1,34400E-12
1,50178E+1	-6,53000E-13
1,50264E+1	-9,58000E-13
1,50351E+1	-1,79620E-12
1,50438E+1	-1,69870E-12
1,50524E+1	-1,02080E-12
1,50611E+1	-1,75980E-12
1,50697E+1	-1,05950E-12
1,50784E+1	-2,19060E-12
1,50871E+1	-1,83370E-12
1,50957E+1	-1,97770E-12
1,51044E+1	-1,92150E-12
1,51130E+1	-1,66800E-12
1,51217E+1	-2,07460E-12
1,51304E+1	-1,99860E-12
1,51390E+1	-1,98600E-12
1,51477E+1	-2,09840E-12
1,51563E+1	-1,82020E-12
1,51650E+1	-1,73660E-12
1,51737E+1	-1,01210E-12
1,51823E+1	-1,69610E-12
1,51910E+1	-2,18330E-12
1,51996E+1	-1,84770E-12
1,52083E+1	-1,71580E-12
1,52170E+1	-1,93630E-12
1,52256E+1	-1,93790E-12
1,52343E+1	-1,92240E-12
1,52430E+1	-1,56960E-12
1,52516E+1	-1,46410E-12
1,52603E+1	-1,70320E-12
1,52689E+1	-1,73630E-12
1,52776E+1	-1,59790E-12
1,52863E+1	-1,77620E-12
1,52949E+1	-1,87960E-12
1,53036E+1	-1,88690E-12
1,53122E+1	-2,08810E-12
1,53209E+1	-9,95700E-13
1,53296E+1	-1,53500E-12
1,53382E+1	-2,20800E-12
1,53469E+1	-1,65070E-12
1,53555E+1	-1,95770E-12
1,53642E+1	-2,12510E-12
1,53729E+1	-2,13550E-12
1,53815E+1	-1,63560E-12
1,53902E+1	-1,33630E-12
1,53988E+1	-1,67670E-12
1,54075E+1	-1,94130E-12
1,54162E+1	-1,78840E-12
1,54248E+1	-1,21570E-12
1,54335E+1	-1,92340E-12
1,54421E+1	-2,12360E-12
1,54508E+1	-1,97870E-12
1,54595E+1	-1,89010E-12
1,54681E+1	-2,05500E-12
1,54768E+1	-2,04100E-12
1,54855E+1	-1,43740E-12
