E, keV	I, A
2,00109E+0	-2,39850E-12
2,01208E+0	-1,77710E-12
2,02308E+0	-1,04770E-12
2,03408E+0	-1,79060E-12
2,04507E+0	-1,61150E-12
2,05606E+0	-1,42570E-12
2,06706E+0	-1,68530E-12
2,07805E+0	-1,17280E-12
2,08905E+0	-1,32580E-12
2,10004E+0	-1,35970E-12
2,11104E+0	-1,48380E-12
2,12203E+0	-8,50000E-13
2,13303E+0	-1,74050E-12
2,14402E+0	-1,85300E-12
2,15502E+0	-1,24370E-12
2,16601E+0	-8,87100E-13
2,17701E+0	-1,70880E-12
2,18800E+0	-1,07980E-12
2,19900E+0	-1,31860E-12
2,20999E+0	-1,43410E-12
2,22099E+0	-1,86830E-12
2,23198E+0	-2,04090E-12
2,24298E+0	-1,85690E-12
2,25397E+0	-1,25010E-12
2,26497E+0	-2,01910E-12
2,27596E+0	-2,02730E-12
2,28696E+0	-1,40750E-12
2,29795E+0	-1,86830E-12
2,30895E+0	-1,37450E-12
2,31994E+0	-1,78380E-12
2,33094E+0	-1,55210E-12
2,34193E+0	-1,97850E-12
2,35293E+0	-2,02150E-12
2,36392E+0	-1,97900E-12
2,37492E+0	-1,82330E-12
2,38591E+0	-1,83880E-12
2,39691E+0	-1,80090E-12
2,40790E+0	-1,91160E-12
2,41890E+0	-1,85050E-12
2,42989E+0	-1,19170E-12
2,44089E+0	-1,99130E-12
2,45188E+0	-1,48870E-12
2,46288E+0	-1,87440E-12
2,47387E+0	-1,41820E-12
2,48487E+0	-1,64510E-12
2,49586E+0	-1,45260E-12
2,50686E+0	-1,83370E-12
2,51785E+0	-1,97500E-12
2,52885E+0	-2,14620E-12
2,53984E+0	-1,50190E-12
2,55084E+0	-1,33550E-12
2,56183E+0	-1,49930E-12
2,57283E+0	-9,25900E-13
2,58383E+0	-9,93400E-13
2,59482E+0	-1,12100E-12
2,60581E+0	-1,63940E-12
2,61681E+0	-1,48860E-12
2,62780E+0	-1,30030E-12
2,63880E+0	-1,36000E-12
2,64980E+0	-1,67750E-12
2,66079E+0	-1,67000E-12
2,67178E+0	-1,62850E-12
2,68278E+0	-1,71450E-12
2,69378E+0	-2,05900E-12
2,70477E+0	-2,03460E-12
2,71577E+0	-1,41160E-12
2,72676E+0	-1,53830E-12
2,73775E+0	-1,70100E-12
2,74875E+0	-1,43340E-12
2,75974E+0	-5,63000E-13
2,77074E+0	-1,82900E-12
2,78173E+0	-1,26940E-12
2,79273E+0	-1,44360E-12
2,80372E+0	-1,14770E-12
2,81472E+0	-1,58540E-12
2,82571E+0	-1,72930E-12
2,83671E+0	-1,39540E-12
2,84770E+0	-1,39110E-12
2,85870E+0	-1,96520E-12
2,86969E+0	-2,04690E-12
2,88069E+0	-1,64940E-12
2,89168E+0	-1,20620E-12
2,90268E+0	-1,34210E-12
2,91367E+0	-1,49110E-12
2,92467E+0	-1,41570E-12
2,93566E+0	-1,72930E-12
2,94666E+0	-1,58030E-12
2,95765E+0	-1,14480E-12
2,96865E+0	-1,35450E-12
2,97964E+0	-1,63870E-12
2,99064E+0	-1,65420E-12
3,00163E+0	-1,22130E-12
3,01263E+0	-9,64800E-13
3,02363E+0	-1,89950E-12
3,03462E+0	-1,22580E-12
3,04561E+0	-1,17550E-12
3,05661E+0	-1,82730E-12
3,06760E+0	-1,72600E-12
3,07860E+0	-1,21640E-12
3,08959E+0	-1,65540E-12
3,10059E+0	-1,00300E-12
3,11158E+0	-1,19000E-12
3,12258E+0	-1,59040E-12
3,13357E+0	-1,84980E-12
3,14457E+0	-1,53960E-12
3,15556E+0	-1,12300E-12
3,16656E+0	-1,82130E-12
3,17755E+0	-8,81000E-13
3,18855E+0	-1,53990E-12
3,19955E+0	-1,78640E-12
3,21054E+0	-1,35210E-12
3,22153E+0	-1,73970E-12
3,23253E+0	-1,48900E-12
3,24352E+0	-1,73430E-12
3,25452E+0	-1,42400E-12
3,26552E+0	-1,23480E-12
3,27651E+0	-1,10160E-12
3,28750E+0	-1,66210E-12
3,29850E+0	-7,52600E-13
3,30949E+0	-1,34230E-12
3,32049E+0	-9,08600E-13
3,33148E+0	-1,46520E-12
3,34248E+0	-1,41990E-12
3,35347E+0	-1,42100E-12
3,36447E+0	-1,55230E-12
3,37546E+0	-1,28800E-12
3,38646E+0	-1,60810E-12
3,39745E+0	-1,38400E-12
3,40845E+0	-1,33920E-12
3,41944E+0	-1,57760E-12
3,43044E+0	-1,61240E-12
3,44143E+0	-7,28900E-13
3,45243E+0	-1,90240E-12
3,46342E+0	-3,56100E-13
3,47442E+0	-1,07060E-12
3,48541E+0	-9,94400E-13
3,49641E+0	-1,44010E-12
3,50740E+0	-6,65400E-13
3,51840E+0	-7,67600E-13
3,52939E+0	-1,07990E-12
3,54039E+0	-1,17170E-12
3,55138E+0	-8,78800E-13
3,56238E+0	-1,29130E-12
3,57337E+0	-1,13630E-12
3,58437E+0	-2,92800E-13
3,59536E+0	-6,40600E-13
3,60636E+0	-6,53900E-13
3,61735E+0	-6,99500E-13
3,62835E+0	-1,31210E-12
3,63934E+0	-9,98000E-14
3,65034E+0	-5,23900E-13
3,66133E+0	-1,53340E-12
3,67233E+0	-5,05900E-13
3,68332E+0	-8,30400E-13
3,69432E+0	6,93700E-13
3,70531E+0	-1,19250E-12
3,71631E+0	-1,39560E-12
3,72730E+0	-8,76400E-13
3,73830E+0	-1,50950E-12
3,74930E+0	-1,87830E-12
3,76029E+0	-1,09020E-12
3,77128E+0	-7,56500E-13
3,78228E+0	-3,66900E-13
3,79327E+0	-9,09800E-13
3,80427E+0	-7,84400E-13
3,81527E+0	-5,84000E-13
3,82626E+0	-9,58900E-13
3,83725E+0	-6,01700E-13
3,84825E+0	-1,56800E-13
3,85924E+0	-9,74800E-13
3,87024E+0	1,03410E-12
3,88123E+0	-3,12100E-13
3,89223E+0	-2,01700E-13
3,90322E+0	-1,10580E-12
3,91422E+0	-1,15850E-12
3,92521E+0	-1,12490E-12
3,93621E+0	-6,89700E-13
3,94720E+0	9,11000E-14
3,95820E+0	-6,05100E-13
3,96919E+0	-4,85300E-13
3,98019E+0	-1,30410E-12
3,99118E+0	-1,36980E-12
4,00218E+0	-9,68400E-13
4,01317E+0	6,69000E-14
4,02417E+0	-9,80000E-14
4,03516E+0	-1,31410E-12
4,04616E+0	-4,17000E-14
4,05715E+0	-9,10300E-13
4,06815E+0	-1,08530E-12
4,07914E+0	3,27100E-13
4,09014E+0	1,80400E-13
4,10113E+0	-5,41800E-13
4,11213E+0	-1,46110E-12
4,12312E+0	-1,06130E-12
4,13412E+0	-1,47640E-12
4,14511E+0	-8,65100E-13
4,15611E+0	-8,68100E-13
4,16710E+0	1,05700E-13
4,17810E+0	-7,81900E-13
4,18910E+0	-1,27310E-12
4,20009E+0	-4,55200E-13
4,21108E+0	-6,91400E-13
4,22208E+0	-1,44200E-13
4,23307E+0	3,41900E-13
4,24407E+0	-9,87500E-13
4,25507E+0	-1,29400E-12
4,26606E+0	-4,55700E-13
4,27705E+0	-3,55200E-13
4,28805E+0	-1,94000E-14
4,29904E+0	-2,87700E-13
4,31004E+0	-7,40900E-13
4,32104E+0	-8,26900E-13
4,33203E+0	-8,64000E-13
4,34302E+0	-2,10000E-13
4,35402E+0	6,60800E-13
4,36501E+0	-6,49200E-13
4,37601E+0	-4,38500E-13
4,38701E+0	3,01600E-13
4,39800E+0	-3,65000E-13
4,40899E+0	-1,46870E-12
4,41999E+0	-6,12800E-13
4,43098E+0	-9,73200E-13
4,44198E+0	-8,35000E-14
4,45297E+0	4,90900E-13
4,46397E+0	5,58900E-13
4,47497E+0	1,30090E-12
4,48596E+0	-5,56500E-13
4,49695E+0	9,70500E-13
4,50795E+0	-2,68400E-13
4,51895E+0	-8,73100E-13
4,52994E+0	9,71700E-13
4,54093E+0	6,87000E-14
4,55193E+0	-8,38000E-14
4,56292E+0	7,62800E-13
4,57392E+0	4,63900E-13
4,58491E+0	3,15100E-13
4,59591E+0	1,91100E-13
4,60691E+0	7,20000E-14
4,61790E+0	8,01000E-14
4,62889E+0	1,05210E-12
4,63989E+0	-2,19200E-13
4,65088E+0	6,18600E-13
4,66188E+0	3,28400E-13
4,67287E+0	4,88900E-13
4,68387E+0	3,65800E-13
4,69486E+0	2,11750E-12
4,70586E+0	2,93100E-13
4,71685E+0	5,63600E-13
4,72785E+0	5,55700E-13
4,73884E+0	2,28450E-12
4,74984E+0	2,94520E-12
4,76084E+0	2,17490E-12
4,77183E+0	5,90190E-12
4,78282E+0	5,43180E-12
4,79382E+0	2,77130E-12
4,80481E+0	6,15360E-12
4,81581E+0	5,06400E-12
4,82680E+0	3,79480E-12
4,83780E+0	3,21550E-12
4,84879E+0	6,48120E-12
4,85979E+0	2,94430E-12
4,87078E+0	2,68470E-12
4,88178E+0	1,49180E-12
4,89277E+0	1,70070E-12
4,90377E+0	9,28600E-13
4,91476E+0	2,02150E-12
4,92576E+0	1,66910E-12
4,93675E+0	1,22910E-12
4,94775E+0	1,16510E-12
4,95874E+0	2,07620E-12
4,96974E+0	1,19890E-12
4,98074E+0	3,27410E-12
4,99173E+0	2,12740E-12
5,00272E+0	5,70500E-13
5,01372E+0	3,90500E-13
5,02471E+0	8,29800E-13
5,03571E+0	2,39350E-12
5,04670E+0	6,23500E-13
5,05770E+0	1,72020E-12
5,06869E+0	9,87200E-13
5,07969E+0	2,74310E-12
5,09068E+0	1,49180E-12
5,10168E+0	1,13900E-12
5,11268E+0	1,47890E-12
5,12367E+0	8,48000E-14
5,13466E+0	8,78800E-13
5,14566E+0	1,32760E-12
5,15665E+0	8,87100E-13
5,16765E+0	1,27290E-12
5,17864E+0	1,78200E-12
5,18964E+0	1,30160E-12
5,20064E+0	2,34700E-12
5,21163E+0	1,87920E-12
5,22262E+0	2,48910E-12
5,23362E+0	1,09850E-12
5,24461E+0	4,07920E-12
5,25561E+0	1,71940E-12
5,26660E+0	2,39400E-12
5,27760E+0	3,96900E-12
5,28859E+0	1,89640E-12
5,29959E+0	3,63110E-12
5,31058E+0	2,92010E-12
5,32158E+0	3,26780E-12
5,33257E+0	2,79310E-12
5,34357E+0	4,53850E-12
5,35457E+0	1,93250E-12
5,36556E+0	2,09790E-12
5,37655E+0	1,43210E-12
5,38755E+0	7,00800E-13
5,39854E+0	1,40000E-12
5,40954E+0	2,51440E-12
5,42053E+0	2,02200E-12
5,43153E+0	7,32500E-13
5,44252E+0	3,17160E-12
5,45352E+0	4,40540E-12
5,46451E+0	3,20750E-12
5,47551E+0	2,87170E-12
5,48651E+0	3,95970E-12
5,49750E+0	2,42450E-12
5,50849E+0	2,47000E-12
5,51949E+0	3,09930E-12
5,53048E+0	1,16180E-12
5,54148E+0	4,36260E-12
5,55247E+0	3,43870E-12
5,56347E+0	1,92880E-12
5,57447E+0	3,41670E-12
5,58546E+0	3,12490E-12
5,59645E+0	5,49270E-12
5,60745E+0	4,44080E-12
5,61845E+0	4,68300E-12
5,62944E+0	3,90460E-12
5,64043E+0	3,79660E-12
5,65143E+0	1,54740E-12
5,66242E+0	3,40120E-12
5,67342E+0	3,97310E-12
5,68441E+0	4,53520E-12
5,69541E+0	5,21590E-12
5,70641E+0	3,27820E-12
5,71740E+0	3,34320E-12
5,72839E+0	3,60030E-12
5,73939E+0	3,66150E-12
5,75038E+0	3,09830E-12
5,76138E+0	3,44220E-12
5,77237E+0	4,91710E-12
5,78337E+0	7,09710E-12
5,79436E+0	2,46720E-12
5,80536E+0	4,17900E-12
5,81635E+0	3,04530E-12
5,82735E+0	4,12120E-12
5,83834E+0	5,62980E-12
5,84934E+0	4,20880E-12
5,86034E+0	3,64020E-12
5,87133E+0	5,76170E-12
5,88232E+0	4,68590E-12
5,89332E+0	3,68930E-12
5,90431E+0	5,89730E-12
5,91531E+0	7,21740E-12
5,92630E+0	5,19890E-12
5,93730E+0	5,00230E-12
5,94829E+0	3,26970E-12
5,95929E+0	5,14290E-12
5,97028E+0	4,47960E-12
5,98128E+0	5,29810E-12
5,99227E+0	5,89130E-12
6,00327E+0	4,51180E-12
6,01426E+0	3,49840E-12
6,02526E+0	2,96210E-12
6,03625E+0	2,71560E-12
6,04725E+0	4,72260E-12
6,05824E+0	3,77610E-12
6,06924E+0	3,07110E-12
6,08024E+0	4,17890E-12
6,09123E+0	3,15660E-12
6,10222E+0	4,11610E-12
6,11322E+0	2,36720E-12
6,12421E+0	2,91040E-12
6,13521E+0	3,85210E-12
6,14620E+0	7,20260E-12
6,15720E+0	3,83180E-12
6,16819E+0	3,18910E-12
6,17919E+0	6,20610E-12
6,19018E+0	5,30890E-12
6,20118E+0	4,06010E-12
6,21218E+0	4,34150E-12
6,22317E+0	4,02620E-12
6,23416E+0	3,12940E-12
6,24516E+0	3,35190E-12
6,25615E+0	3,37700E-12
6,26715E+0	1,92720E-12
6,27814E+0	3,13350E-12
6,28914E+0	4,58030E-12
6,30014E+0	5,07150E-12
6,31113E+0	2,61530E-12
6,32212E+0	2,66800E-12
6,33312E+0	2,43090E-12
6,34411E+0	3,74930E-12
6,35511E+0	3,50930E-12
6,36610E+0	4,10310E-12
6,37710E+0	3,66870E-12
6,38809E+0	4,71310E-12
6,39909E+0	5,11630E-12
6,41008E+0	4,28610E-12
6,42108E+0	4,50200E-12
6,43207E+0	4,36850E-12
6,44307E+0	5,45660E-12
6,45406E+0	5,17410E-12
6,46506E+0	4,13430E-12
6,47605E+0	2,80230E-12
6,48705E+0	4,01060E-12
6,49804E+0	3,66400E-12
6,50904E+0	3,58740E-12
6,52003E+0	4,51610E-12
6,53103E+0	3,75700E-12
6,54202E+0	4,11990E-12
6,55302E+0	2,93510E-12
6,56401E+0	6,61270E-12
6,57501E+0	5,78360E-12
6,58601E+0	3,55650E-12
6,59700E+0	4,54250E-12
6,60799E+0	4,12990E-12
6,61899E+0	2,76680E-12
6,62998E+0	6,60400E-12
6,64098E+0	5,34090E-12
6,65197E+0	5,10420E-12
6,66297E+0	5,67040E-12
6,67396E+0	5,75760E-12
6,68496E+0	4,02450E-12
6,69595E+0	4,08290E-12
6,70695E+0	4,59210E-12
6,71795E+0	7,59350E-12
6,72894E+0	6,61880E-12
6,73993E+0	3,33280E-12
6,75093E+0	6,10480E-12
6,76192E+0	6,28630E-12
6,77292E+0	3,76650E-12
6,78391E+0	3,73510E-12
6,79491E+0	5,51830E-12
6,80591E+0	4,97960E-12
6,81690E+0	6,43360E-12
6,82789E+0	4,40220E-12
6,83889E+0	4,02690E-12
6,84988E+0	2,93110E-12
6,86088E+0	1,32090E-12
6,87187E+0	3,66980E-12
6,88287E+0	4,52100E-12
6,89386E+0	4,20730E-12
6,90486E+0	5,05020E-12
6,91585E+0	5,72590E-12
6,92685E+0	6,46030E-12
6,93784E+0	5,82910E-12
6,94884E+0	4,72820E-12
6,95983E+0	7,05980E-12
6,97083E+0	4,78390E-12
6,98182E+0	6,05750E-12
6,99282E+0	7,00140E-12
7,00381E+0	4,36420E-12
7,01481E+0	6,08310E-12
7,02580E+0	3,65690E-12
7,03680E+0	6,29630E-12
7,04779E+0	8,35700E-12
7,05879E+0	6,63780E-12
7,06978E+0	8,30320E-12
7,08078E+0	5,48640E-12
7,09177E+0	8,01660E-12
7,10277E+0	7,06360E-12
7,11376E+0	4,62930E-12
7,12476E+0	3,69140E-12
7,13575E+0	8,74500E-12
7,14675E+0	4,98800E-12
7,15774E+0	5,87670E-12
7,16874E+0	5,29690E-12
7,17973E+0	6,66660E-12
7,19073E+0	5,87360E-12
7,20172E+0	1,03777E-11
7,21272E+0	7,53040E-12
7,22371E+0	4,90990E-12
7,23471E+0	7,96400E-12
7,24570E+0	9,16700E-12
7,25670E+0	6,75320E-12
7,26769E+0	8,00690E-12
7,27869E+0	7,01530E-12
7,28968E+0	1,00417E-11
7,30068E+0	8,76030E-12
7,31168E+0	6,52320E-12
7,32267E+0	5,10650E-12
7,33366E+0	6,76500E-12
7,34466E+0	9,50170E-12
7,35565E+0	7,95210E-12
7,36665E+0	9,04600E-12
7,37764E+0	7,99960E-12
7,38864E+0	5,57200E-12
7,39963E+0	6,03200E-12
7,41063E+0	6,58550E-12
7,42162E+0	8,92140E-12
7,43262E+0	8,40950E-12
7,44361E+0	6,75250E-12
7,45461E+0	5,78050E-12
7,46560E+0	8,84520E-12
7,47660E+0	4,83840E-12
7,48759E+0	8,30020E-12
7,49859E+0	7,71680E-12
7,50958E+0	6,37070E-12
7,52058E+0	5,66830E-12
7,53157E+0	8,03500E-12
7,54257E+0	8,13440E-12
7,55356E+0	6,63780E-12
7,56456E+0	7,06830E-12
7,57555E+0	1,10058E-11
7,58655E+0	1,00677E-11
7,59754E+0	7,42220E-12
7,60854E+0	5,69030E-12
7,61953E+0	5,88180E-12
7,63053E+0	8,37500E-12
7,64152E+0	6,61370E-12
7,65252E+0	7,09690E-12
7,66351E+0	7,58330E-12
7,67451E+0	6,44010E-12
7,68551E+0	6,32330E-12
7,69650E+0	7,08870E-12
7,70749E+0	5,81750E-12
7,71849E+0	6,22110E-12
7,72948E+0	6,64120E-12
7,74048E+0	7,62400E-12
7,75147E+0	7,85770E-12
7,76247E+0	8,10950E-12
7,77346E+0	6,38380E-12
7,78446E+0	5,31040E-12
7,79545E+0	7,54990E-12
7,80645E+0	9,56570E-12
7,81745E+0	8,67230E-12
7,82844E+0	7,33360E-12
7,83943E+0	5,91130E-12
7,85043E+0	6,59530E-12
7,86142E+0	7,23700E-12
7,87242E+0	6,64890E-12
7,88341E+0	9,04850E-12
7,89441E+0	7,60300E-12
7,90541E+0	5,47290E-12
7,91640E+0	7,12880E-12
7,92739E+0	6,67180E-12
7,93839E+0	8,31460E-12
7,94938E+0	5,85960E-12
7,96038E+0	5,22080E-12
7,97137E+0	5,38070E-12
7,98237E+0	7,04680E-12
7,99336E+0	7,24170E-12
8,00436E+0	7,82520E-12
8,01535E+0	5,53650E-12
8,02635E+0	5,86700E-12
8,03734E+0	4,55140E-12
8,04834E+0	5,16920E-12
8,05933E+0	8,48670E-12
8,07033E+0	4,39490E-12
8,08132E+0	7,39260E-12
8,09232E+0	7,78530E-12
8,10332E+0	8,06380E-12
8,11431E+0	5,99730E-12
8,12530E+0	4,69020E-12
8,13630E+0	5,98150E-12
8,14729E+0	6,50680E-12
8,15829E+0	6,66260E-12
8,16928E+0	6,65310E-12
8,18028E+0	7,70300E-12
8,19127E+0	7,98830E-12
8,20227E+0	7,42450E-12
8,21326E+0	5,75870E-12
8,22426E+0	7,50350E-12
8,23526E+0	6,25350E-12
8,24625E+0	8,50730E-12
8,25724E+0	1,02492E-11
8,26824E+0	7,74590E-12
8,27923E+0	8,27280E-12
8,29023E+0	7,22010E-12
8,30122E+0	9,14480E-12
8,31222E+0	1,03184E-11
8,32321E+0	9,18670E-12
8,33421E+0	9,68650E-12
8,34520E+0	9,03790E-12
8,35620E+0	7,68780E-12
8,36720E+0	8,47560E-12
8,37819E+0	8,81600E-12
8,38918E+0	7,24420E-12
8,40018E+0	6,95380E-12
8,41118E+0	9,03940E-12
8,42217E+0	1,02592E-11
8,43316E+0	7,15470E-12
8,44416E+0	8,70460E-12
8,45515E+0	8,96570E-12
8,46615E+0	8,66120E-12
8,47715E+0	7,56240E-12
8,48814E+0	1,08559E-11
8,49913E+0	8,40040E-12
8,51013E+0	9,22120E-12
8,52112E+0	1,14064E-11
8,53212E+0	8,49600E-12
8,54311E+0	8,45380E-12
8,55411E+0	7,47190E-12
8,56510E+0	8,82960E-12
8,57610E+0	9,04950E-12
8,58709E+0	1,12213E-11
8,59809E+0	1,02254E-11
8,60909E+0	1,00488E-11
8,62008E+0	9,00190E-12
8,63107E+0	9,50710E-12
8,64207E+0	7,71110E-12
8,65306E+0	8,48140E-12
8,66406E+0	9,47150E-12
8,67505E+0	9,11120E-12
8,68605E+0	1,07476E-11
8,69704E+0	8,92490E-12
8,70804E+0	1,07370E-11
8,71903E+0	1,00164E-11
8,73003E+0	1,01836E-11
8,74102E+0	1,06952E-11
8,75202E+0	1,13287E-11
8,76301E+0	1,16542E-11
8,77401E+0	9,69410E-12
8,78500E+0	1,23838E-11
8,79600E+0	1,03271E-11
8,80699E+0	8,88670E-12
8,81799E+0	1,16030E-11
8,82898E+0	9,00620E-12
8,83998E+0	1,37607E-11
8,85098E+0	1,12988E-11
8,86197E+0	1,31500E-11
8,87296E+0	1,31728E-11
8,88396E+0	9,60780E-12
8,89495E+0	9,83270E-12
8,90595E+0	1,03407E-11
8,91694E+0	1,21905E-11
8,92794E+0	1,01475E-11
8,93894E+0	1,17913E-11
8,94993E+0	1,45100E-11
8,96092E+0	1,42842E-11
8,97192E+0	1,53059E-11
8,98291E+0	1,24870E-11
8,99391E+0	1,42104E-11
9,00490E+0	1,11724E-11
9,01590E+0	8,82950E-12
9,02689E+0	1,20317E-11
9,03789E+0	1,32584E-11
9,04889E+0	1,27123E-11
9,05988E+0	1,26504E-11
9,07087E+0	1,05413E-11
9,08187E+0	1,29840E-11
9,09286E+0	1,27212E-11
9,10386E+0	1,19912E-11
9,11485E+0	9,57770E-12
9,12585E+0	1,23339E-11
9,13684E+0	1,35677E-11
9,14784E+0	1,56473E-11
9,15883E+0	1,59116E-11
9,16983E+0	1,49410E-11
9,18082E+0	1,62167E-11
9,19182E+0	1,17397E-11
9,20281E+0	1,17278E-11
9,21381E+0	1,25310E-11
9,22480E+0	1,21886E-11
9,23580E+0	1,31606E-11
9,24679E+0	1,26843E-11
9,25779E+0	1,20197E-11
9,26878E+0	1,71377E-11
9,27978E+0	1,28140E-11
9,29077E+0	1,31424E-11
9,30177E+0	1,57034E-11
9,31277E+0	2,05019E-11
9,32376E+0	1,83149E-11
9,33475E+0	1,41765E-11
9,34575E+0	1,54590E-11
9,35674E+0	1,31037E-11
9,36774E+0	1,83162E-11
9,37873E+0	1,90169E-11
9,38973E+0	1,90390E-11
9,40072E+0	1,61716E-11
9,41172E+0	2,02842E-11
9,42272E+0	1,88838E-11
9,43371E+0	2,09931E-11
9,44470E+0	2,03159E-11
9,45570E+0	1,99331E-11
9,46669E+0	1,90705E-11
9,47769E+0	1,86010E-11
9,48869E+0	2,18460E-11
9,49968E+0	2,10070E-11
9,51067E+0	2,23410E-11
9,52167E+0	2,21360E-11
9,53266E+0	2,46210E-11
9,54366E+0	2,51730E-11
9,55465E+0	2,21320E-11
9,56565E+0	2,90560E-11
9,57665E+0	2,87620E-11
9,58764E+0	3,06810E-11
9,59863E+0	2,76020E-11
9,60963E+0	3,23610E-11
9,62062E+0	3,27700E-11
9,62210E+0	3,26490E-11
9,63076E+0	3,55250E-11
9,63942E+0	3,45050E-11
9,64808E+0	3,73950E-11
9,65674E+0	3,57020E-11
9,66540E+0	3,97480E-11
9,67406E+0	4,29940E-11
9,68272E+0	4,83060E-11
9,69138E+0	4,84310E-11
9,70004E+0	5,06760E-11
9,70870E+0	4,79390E-11
9,71737E+0	5,74600E-11
9,72603E+0	4,78540E-11
9,73469E+0	4,76320E-11
9,74335E+0	5,08020E-11
9,75201E+0	5,08980E-11
9,76067E+0	5,03610E-11
9,76933E+0	5,16500E-11
9,77799E+0	5,58340E-11
9,78665E+0	5,28360E-11
9,79531E+0	4,75120E-11
9,80397E+0	5,65600E-11
9,81263E+0	5,39370E-11
9,82130E+0	5,18120E-11
9,82996E+0	5,08710E-11
9,83862E+0	5,00860E-11
9,84728E+0	4,46020E-11
9,85594E+0	4,60730E-11
9,86460E+0	4,79230E-11
9,87326E+0	4,82480E-11
9,88192E+0	4,59510E-11
9,89058E+0	3,87980E-11
9,89924E+0	3,97330E-11
9,90790E+0	3,68300E-11
9,91656E+0	4,08640E-11
9,92522E+0	3,20340E-11
9,93389E+0	3,62990E-11
9,94255E+0	3,51210E-11
9,95121E+0	4,03630E-11
9,95987E+0	3,92880E-11
9,96853E+0	3,41010E-11
9,97719E+0	3,67020E-11
9,98585E+0	3,09770E-11
9,99451E+0	3,07060E-11
1,00032E+1	3,03900E-11
1,00118E+1	2,77350E-11
1,00205E+1	3,77000E-11
1,00292E+1	3,25870E-11
1,00378E+1	3,35430E-11
1,00465E+1	3,22290E-11
1,00551E+1	3,41450E-11
1,00638E+1	3,59390E-11
1,00725E+1	2,81380E-11
1,00811E+1	3,30160E-11
1,00898E+1	2,96860E-11
1,00984E+1	3,59110E-11
1,01071E+1	3,36530E-11
1,01158E+1	3,03690E-11
1,01244E+1	3,39650E-11
1,01331E+1	3,47140E-11
1,01417E+1	3,17390E-11
1,01504E+1	3,19040E-11
1,01591E+1	3,09470E-11
1,01677E+1	3,36260E-11
1,01764E+1	3,11040E-11
1,01850E+1	3,07080E-11
1,01937E+1	3,21140E-11
1,02024E+1	3,43230E-11
1,02110E+1	3,71010E-11
1,02197E+1	2,97400E-11
1,02284E+1	2,59650E-11
1,02370E+1	3,40560E-11
1,02457E+1	3,62840E-11
1,02543E+1	3,28600E-11
1,02630E+1	3,20480E-11
1,02717E+1	3,00960E-11
1,02803E+1	2,92920E-11
1,02890E+1	2,96430E-11
1,02976E+1	2,98710E-11
1,03063E+1	2,37650E-11
1,03150E+1	3,19100E-11
1,03236E+1	2,80210E-11
1,03323E+1	3,25090E-11
1,03409E+1	2,93370E-11
1,03496E+1	3,15950E-11
1,03583E+1	3,29890E-11
1,03669E+1	3,67420E-11
1,03756E+1	3,00320E-11
1,03842E+1	3,48280E-11
1,03929E+1	3,09880E-11
1,04016E+1	3,60770E-11
1,04102E+1	3,69670E-11
1,04189E+1	3,33230E-11
1,04276E+1	3,45480E-11
1,04362E+1	3,13760E-11
1,04449E+1	3,79220E-11
1,04535E+1	3,46300E-11
1,04622E+1	3,80630E-11
1,04709E+1	3,45610E-11
1,04795E+1	3,40910E-11
1,04882E+1	3,01420E-11
1,04968E+1	3,45580E-11
1,05055E+1	3,47270E-11
1,05142E+1	3,17000E-11
1,05228E+1	3,71140E-11
1,05315E+1	3,77930E-11
1,05401E+1	3,79130E-11
1,05488E+1	4,38560E-11
1,05575E+1	4,52340E-11
1,05661E+1	4,17600E-11
1,05748E+1	3,64480E-11
1,05834E+1	4,56780E-11
1,05921E+1	4,56660E-11
1,06008E+1	4,08960E-11
1,06094E+1	4,25210E-11
1,06181E+1	3,95330E-11
1,06267E+1	3,84340E-11
1,06354E+1	4,74730E-11
1,06441E+1	4,96310E-11
1,06527E+1	4,63090E-11
1,06614E+1	4,53290E-11
1,06701E+1	4,19760E-11
1,06787E+1	4,62230E-11
1,06874E+1	4,63160E-11
1,06960E+1	4,17490E-11
1,07047E+1	4,02950E-11
1,07134E+1	4,68340E-11
1,07220E+1	4,53680E-11
1,07307E+1	5,07370E-11
1,07393E+1	4,06970E-11
1,07480E+1	5,01460E-11
1,07567E+1	4,20900E-11
1,07653E+1	4,16100E-11
1,07740E+1	4,35410E-11
1,07826E+1	4,05500E-11
1,07913E+1	4,23160E-11
1,08000E+1	4,23240E-11
1,08086E+1	4,29110E-11
1,08173E+1	4,26920E-11
1,08259E+1	4,01820E-11
1,08346E+1	4,15850E-11
1,08433E+1	4,05310E-11
1,08519E+1	3,79920E-11
1,08606E+1	4,37080E-11
1,08693E+1	4,09320E-11
1,08779E+1	4,62680E-11
1,08866E+1	4,26570E-11
1,08952E+1	4,16850E-11
1,09039E+1	4,21460E-11
1,09126E+1	3,57440E-11
1,09212E+1	4,21400E-11
1,09299E+1	4,21440E-11
1,09385E+1	4,37610E-11
1,09472E+1	4,64260E-11
1,09559E+1	4,00710E-11
1,09645E+1	4,68630E-11
1,09732E+1	4,22530E-11
1,09818E+1	4,18760E-11
1,09905E+1	4,37580E-11
1,09992E+1	4,29130E-11
1,10078E+1	4,87860E-11
1,10165E+1	4,15840E-11
1,10251E+1	4,34930E-11
1,10338E+1	4,69220E-11
1,10425E+1	4,84330E-11
1,10511E+1	5,06020E-11
1,10598E+1	4,73700E-11
1,10684E+1	5,00330E-11
1,10771E+1	5,30610E-11
1,10858E+1	6,02010E-11
1,10944E+1	4,76760E-11
1,11031E+1	4,86600E-11
1,11118E+1	4,06740E-11
1,11204E+1	4,65970E-11
1,11291E+1	4,85230E-11
1,11377E+1	4,61440E-11
1,11464E+1	5,34260E-11
1,11551E+1	5,24290E-11
1,11637E+1	4,87430E-11
1,11724E+1	5,47400E-11
1,11810E+1	5,09810E-11
1,11897E+1	5,20010E-11
1,11984E+1	4,77240E-11
1,12070E+1	5,04190E-11
1,12157E+1	5,34150E-11
1,12243E+1	5,00020E-11
1,12330E+1	5,31320E-11
1,12417E+1	5,21010E-11
1,12503E+1	5,25940E-11
1,12590E+1	5,42860E-11
1,12676E+1	5,67500E-11
1,12763E+1	5,43010E-11
1,12850E+1	4,90480E-11
1,12936E+1	4,89240E-11
1,13023E+1	5,15120E-11
1,13110E+1	5,14980E-11
1,13196E+1	5,55430E-11
1,13283E+1	5,29610E-11
1,13369E+1	5,52550E-11
1,13456E+1	5,17910E-11
1,13543E+1	5,07100E-11
1,13629E+1	5,72840E-11
1,13716E+1	5,59500E-11
1,13802E+1	6,13750E-11
1,13889E+1	5,84820E-11
1,13976E+1	5,73330E-11
1,14062E+1	5,24210E-11
1,14149E+1	5,85090E-11
1,14235E+1	5,73340E-11
1,14322E+1	5,17480E-11
1,14409E+1	5,83330E-11
1,14495E+1	5,79500E-11
1,14582E+1	5,81440E-11
1,14668E+1	6,50970E-11
1,14755E+1	5,42640E-11
1,14842E+1	5,56900E-11
1,14928E+1	6,24990E-11
1,15015E+1	5,78020E-11
1,15101E+1	6,05760E-11
1,15188E+1	6,50870E-11
1,15275E+1	5,88090E-11
1,15361E+1	6,07710E-11
1,15448E+1	5,94600E-11
1,15535E+1	5,32770E-11
1,15621E+1	5,92670E-11
1,15708E+1	6,04310E-11
1,15794E+1	7,01130E-11
1,15881E+1	6,68090E-11
1,15968E+1	6,59230E-11
1,16054E+1	6,47730E-11
1,16141E+1	6,79330E-11
1,16227E+1	6,11510E-11
1,16314E+1	6,05700E-11
1,16401E+1	6,47050E-11
1,16487E+1	7,40490E-11
1,16574E+1	7,26860E-11
1,16660E+1	6,62380E-11
1,16747E+1	7,24080E-11
1,16834E+1	6,42070E-11
1,16920E+1	6,46420E-11
1,17007E+1	7,18990E-11
1,17093E+1	7,18550E-11
1,17180E+1	6,76920E-11
1,17267E+1	7,04170E-11
1,17353E+1	7,07560E-11
1,17440E+1	7,28360E-11
1,17527E+1	6,57950E-11
1,17613E+1	7,48350E-11
1,17700E+1	6,22870E-11
1,17786E+1	6,53820E-11
1,17873E+1	7,36130E-11
1,17960E+1	6,55520E-11
1,18046E+1	7,06710E-11
1,18133E+1	6,89410E-11
1,18219E+1	7,03870E-11
1,18306E+1	7,52560E-11
1,18393E+1	6,91390E-11
1,18479E+1	7,09590E-11
1,18566E+1	8,12970E-11
1,18652E+1	7,83060E-11
1,18739E+1	7,17810E-11
1,18826E+1	7,65710E-11
1,18912E+1	8,42080E-11
1,18999E+1	8,30840E-11
1,19085E+1	8,10150E-11
1,19172E+1	7,78520E-11
1,19259E+1	7,04950E-11
1,19345E+1	6,74060E-11
1,19432E+1	7,76560E-11
1,19519E+1	7,58180E-11
1,19605E+1	8,06440E-11
1,19692E+1	8,57860E-11
1,19778E+1	8,18000E-11
1,19865E+1	7,37410E-11
1,19952E+1	8,72750E-11
1,20038E+1	8,14750E-11
1,20125E+1	7,94710E-11
1,20211E+1	8,36560E-11
1,20298E+1	8,01120E-11
1,20385E+1	8,28770E-11
1,20471E+1	8,33960E-11
1,20558E+1	7,99730E-11
1,20644E+1	9,09710E-11
1,20731E+1	7,70130E-11
1,20818E+1	9,34730E-11
1,20904E+1	8,12860E-11
1,20991E+1	7,82700E-11
1,21077E+1	8,18930E-11
1,21164E+1	8,17370E-11
1,21251E+1	8,93870E-11
1,21337E+1	8,43140E-11
1,21424E+1	8,56700E-11
1,21510E+1	8,99100E-11
1,21597E+1	8,17280E-11
1,21684E+1	8,57330E-11
1,21770E+1	8,31100E-11
1,21857E+1	8,24130E-11
1,21944E+1	8,63310E-11
1,22030E+1	8,83640E-11
1,22117E+1	8,33490E-11
1,22203E+1	9,07260E-11
1,22290E+1	8,63960E-11
1,22377E+1	8,43880E-11
1,22463E+1	8,68170E-11
1,22550E+1	8,74230E-11
1,22636E+1	8,82330E-11
1,22723E+1	9,96280E-11
1,22810E+1	1,02255E-10
1,22896E+1	9,14580E-11
1,22983E+1	8,99530E-11
1,23069E+1	8,84200E-11
1,23156E+1	8,15350E-11
1,23243E+1	8,12770E-11
1,23329E+1	9,58040E-11
1,23416E+1	8,98940E-11
1,23502E+1	8,81500E-11
1,23589E+1	9,86920E-11
1,23676E+1	9,47570E-11
1,23762E+1	9,34170E-11
1,23849E+1	1,08234E-10
1,23936E+1	9,25150E-11
1,24022E+1	1,04789E-10
1,24109E+1	1,01958E-10
1,24195E+1	1,00321E-10
1,24282E+1	1,00536E-10
1,24369E+1	8,84840E-11
1,24455E+1	9,47970E-11
1,24542E+1	1,02550E-10
1,24628E+1	1,01689E-10
1,24715E+1	9,69170E-11
1,24802E+1	9,82580E-11
1,24888E+1	1,01317E-10
1,24975E+1	1,04448E-10
1,25061E+1	9,55940E-11
1,25148E+1	9,92100E-11
1,25235E+1	1,04203E-10
1,25321E+1	1,03093E-10
1,25408E+1	1,03640E-10
1,25494E+1	1,07967E-10
1,25581E+1	1,04660E-10
1,25668E+1	1,10924E-10
1,25754E+1	1,08208E-10
1,25841E+1	1,15979E-10
1,25927E+1	1,02938E-10
1,26014E+1	1,13473E-10
1,26101E+1	1,04934E-10
1,26187E+1	1,17422E-10
1,26274E+1	1,15212E-10
1,26361E+1	1,18597E-10
1,26447E+1	1,14549E-10
1,26534E+1	1,11979E-10
1,26620E+1	1,13959E-10
1,26707E+1	1,15173E-10
1,26794E+1	1,02383E-10
1,26880E+1	1,18796E-10
1,26967E+1	1,19303E-10
1,27053E+1	1,21957E-10
1,27140E+1	1,10218E-10
1,27227E+1	1,14539E-10
1,27313E+1	1,20008E-10
1,27400E+1	1,18257E-10
1,27486E+1	1,20315E-10
1,27573E+1	1,12230E-10
1,27660E+1	1,17965E-10
1,27746E+1	1,17209E-10
1,27833E+1	1,27462E-10
1,27919E+1	1,17472E-10
1,28006E+1	1,21982E-10
1,28093E+1	1,33616E-10
1,28179E+1	1,30288E-10
1,28266E+1	1,26703E-10
1,28353E+1	1,16879E-10
1,28439E+1	1,22007E-10
1,28526E+1	1,21091E-10
1,28612E+1	1,22598E-10
1,28699E+1	1,21037E-10
1,28786E+1	1,30755E-10
1,28872E+1	1,28548E-10
1,28959E+1	1,40510E-10
1,29045E+1	1,33011E-10
1,29132E+1	1,25858E-10
1,29219E+1	1,26447E-10
1,29305E+1	1,35938E-10
1,29392E+1	1,33486E-10
1,29478E+1	1,34558E-10
1,29565E+1	1,36161E-10
1,29652E+1	1,47719E-10
1,29738E+1	1,48704E-10
1,29825E+1	1,42709E-10
1,29911E+1	1,45982E-10
1,29998E+1	1,37347E-10
1,30085E+1	1,43409E-10
1,30171E+1	1,47506E-10
1,30258E+1	1,41116E-10
1,30344E+1	1,46419E-10
1,30431E+1	1,55603E-10
1,30518E+1	1,48432E-10
1,30604E+1	1,46304E-10
1,30691E+1	1,53578E-10
1,30778E+1	1,60936E-10
1,30864E+1	1,54999E-10
1,30951E+1	1,49725E-10
1,31037E+1	1,64662E-10
1,31124E+1	1,67487E-10
1,31211E+1	1,64293E-10
1,31297E+1	1,64007E-10
1,31384E+1	1,65314E-10
1,31470E+1	1,66142E-10
1,31557E+1	1,66718E-10
1,31644E+1	1,61648E-10
1,31730E+1	1,63827E-10
1,31817E+1	1,76121E-10
1,31903E+1	1,73050E-10
1,31990E+1	1,77467E-10
1,32077E+1	1,84477E-10
1,32163E+1	1,74423E-10
1,32250E+1	1,74013E-10
1,32336E+1	1,87754E-10
1,32423E+1	1,85002E-10
1,32510E+1	1,85294E-10
1,32596E+1	1,95842E-10
1,32683E+1	1,90945E-10
1,32770E+1	1,83876E-10
1,32856E+1	1,92215E-10
1,32943E+1	1,92856E-10
1,33029E+1	1,92416E-10
1,33116E+1	1,98880E-10
1,33203E+1	2,02524E-10
1,33289E+1	1,87432E-10
1,33376E+1	1,94887E-10
1,33462E+1	1,96626E-10
1,33549E+1	2,00789E-10
1,33636E+1	1,86115E-10
1,33722E+1	1,96589E-10
1,33809E+1	2,06568E-10
1,33895E+1	2,11280E-10
1,33982E+1	2,47140E-10
1,34069E+1	2,18150E-10
1,34155E+1	2,03550E-10
1,34242E+1	2,41340E-10
1,34328E+1	1,19295E-10
1,34415E+1	1,85675E-10
1,34502E+1	1,96590E-10
1,34588E+1	2,01000E-10
1,34675E+1	2,05640E-10
1,34761E+1	2,08850E-10
1,34848E+1	2,02010E-10
1,34935E+1	1,18898E-10
1,35021E+1	1,87940E-10
1,35108E+1	2,02817E-10
1,35195E+1	1,97140E-10
1,35281E+1	2,02636E-10
1,35368E+1	1,96111E-10
1,35454E+1	1,95138E-10
1,35541E+1	1,93433E-10
1,35628E+1	1,84875E-10
1,35714E+1	1,92745E-10
1,35801E+1	1,94269E-10
1,35887E+1	1,89920E-10
1,35974E+1	1,90142E-10
1,36061E+1	1,87083E-10
1,36147E+1	1,87946E-10
1,36234E+1	1,87301E-10
1,36320E+1	1,91971E-10
1,36407E+1	1,96807E-10
1,36494E+1	1,96671E-10
1,36580E+1	1,89509E-10
1,36667E+1	2,11250E-10
1,36753E+1	2,29500E-10
1,36840E+1	1,16706E-10
1,36927E+1	1,73375E-10
1,37013E+1	1,94778E-10
1,37100E+1	2,08289E-10
1,37187E+1	2,14690E-10
1,37273E+1	2,33080E-10
1,37360E+1	2,28910E-10
1,37446E+1	2,19470E-10
1,37533E+1	2,32450E-10
1,37620E+1	2,18390E-10
1,37706E+1	2,41420E-10
1,37793E+1	2,32850E-10
1,37879E+1	2,08310E-10
1,37966E+1	2,50490E-10
1,38053E+1	2,26550E-10
1,38139E+1	1,39427E-10
1,38226E+1	2,04909E-10
1,38312E+1	2,36490E-10
1,38399E+1	2,37970E-10
1,38486E+1	2,48600E-10
1,38572E+1	2,68050E-10
1,38659E+1	2,37560E-10
1,38745E+1	2,54680E-10
1,38832E+1	2,39340E-10
1,38919E+1	2,52410E-10
1,39005E+1	3,07640E-10
1,39092E+1	2,82650E-10
1,39179E+1	2,52940E-10
1,39265E+1	2,80700E-10
1,39352E+1	2,79840E-10
1,39438E+1	2,99190E-10
1,39525E+1	2,52300E-10
1,39612E+1	2,77860E-10
1,39698E+1	3,17110E-10
1,39785E+1	2,92980E-10
1,39871E+1	2,67190E-10
1,39958E+1	3,15410E-10
1,40045E+1	3,66770E-10
1,40131E+1	3,56130E-10
1,40218E+1	3,23860E-10
1,40304E+1	3,17470E-10
1,40391E+1	3,51910E-10
1,40478E+1	3,30580E-10
1,40564E+1	3,89910E-10
1,40651E+1	3,21720E-10
1,40737E+1	3,08440E-10
1,40824E+1	4,02160E-10
1,40911E+1	3,76640E-10
1,40997E+1	3,00940E-10
1,41084E+1	3,56040E-10
1,41170E+1	3,35510E-10
1,41257E+1	3,37970E-10
1,41344E+1	3,63000E-10
1,41430E+1	3,71590E-10
1,41517E+1	3,17340E-10
1,41604E+1	3,26150E-10
1,41690E+1	3,24780E-10
1,41777E+1	2,85890E-10
1,41863E+1	3,00350E-10
1,41950E+1	2,87940E-10
1,42037E+1	2,71830E-10
1,42123E+1	2,46880E-10
1,42210E+1	2,62810E-10
1,42296E+1	2,52440E-10
1,42383E+1	2,31630E-10
1,42470E+1	2,35540E-10
1,42556E+1	2,35760E-10
1,42643E+1	1,33164E-10
1,42729E+1	2,22260E-10
1,42816E+1	2,16570E-10
1,42903E+1	2,34350E-10
1,42989E+1	2,21640E-10
1,43076E+1	1,26264E-10
1,43162E+1	1,91729E-10
1,43249E+1	1,90856E-10
1,43336E+1	2,16920E-10
1,43422E+1	2,23400E-10
1,43509E+1	2,35890E-10
1,43596E+1	1,33048E-10
1,43682E+1	2,09805E-10
1,43769E+1	2,54830E-10
1,43855E+1	2,41790E-10
1,43942E+1	3,58010E-10
1,44029E+1	2,72820E-10
1,44115E+1	3,29620E-10
1,44202E+1	3,13460E-10
1,44288E+1	3,93830E-10
1,44375E+1	3,92380E-10
1,44462E+1	3,67100E-10
1,44548E+1	4,13450E-10
1,44635E+1	4,31340E-10
1,44721E+1	4,10030E-10
1,44808E+1	4,72460E-10
1,44895E+1	4,80940E-10
1,44981E+1	5,08950E-10
1,45068E+1	5,34810E-10
1,45154E+1	5,11710E-10
1,45241E+1	5,33550E-10
1,45328E+1	4,50130E-10
1,45414E+1	5,59140E-10
1,45501E+1	4,61570E-10
1,45587E+1	4,72450E-10
1,45674E+1	4,87850E-10
1,45761E+1	3,79890E-10
1,45847E+1	4,37230E-10
1,45934E+1	3,40050E-10
1,46021E+1	3,91720E-10
1,46107E+1	3,46890E-10
1,46194E+1	2,52470E-10
1,46280E+1	2,51410E-10
1,46367E+1	2,42070E-10
1,46454E+1	2,14950E-10
1,46540E+1	1,12179E-10
1,46627E+1	1,63289E-10
1,46713E+1	1,34544E-10
1,46800E+1	1,18975E-10
1,46887E+1	1,04262E-10
1,46973E+1	8,57140E-11
1,47060E+1	6,10670E-11
1,47146E+1	5,45440E-11
1,47233E+1	4,08880E-11
1,47320E+1	3,68790E-11
1,47406E+1	2,90290E-11
1,47493E+1	2,04730E-11
1,47579E+1	1,02430E-11
1,47666E+1	1,02837E-11
1,47753E+1	9,36290E-12
1,47839E+1	6,70110E-12
1,47926E+1	3,89720E-12
1,48013E+1	4,66650E-12
1,48099E+1	2,23470E-12
1,48186E+1	2,55300E-12
1,48272E+1	3,49000E-13
1,48359E+1	1,61460E-12
1,48446E+1	3,33100E-13
1,48532E+1	-5,59600E-13
1,48619E+1	-9,65700E-13
1,48705E+1	-1,36730E-12
1,48792E+1	-3,59700E-13
1,48879E+1	-1,44140E-12
1,48965E+1	-1,53970E-12
1,49052E+1	-1,37520E-12
1,49138E+1	-1,89080E-12
1,49225E+1	-1,08050E-12
1,49312E+1	-1,67360E-12
1,49398E+1	-1,87730E-12
1,49485E+1	-1,19980E-12
1,49571E+1	-1,73050E-12
1,49658E+1	-2,03460E-12
1,49745E+1	-1,75790E-12
1,49831E+1	-1,76020E-12
1,49918E+1	-1,62810E-12
1,50004E+1	-1,34900E-12
1,50091E+1	-9,74600E-13
1,50178E+1	-1,61690E-12
1,50264E+1	-1,92860E-12
1,50351E+1	-1,74350E-12
1,50438E+1	-2,08160E-12
1,50524E+1	-1,64490E-12
1,50611E+1	-2,16170E-12
1,50697E+1	-2,17610E-12
1,50784E+1	-2,17830E-12
1,50871E+1	-1,67450E-12
1,50957E+1	-2,03860E-12
1,51044E+1	-1,76510E-12
1,51130E+1	-2,15050E-12
1,51217E+1	-1,81890E-12
1,51304E+1	-1,91780E-12
1,51390E+1	-1,57850E-12
1,51477E+1	-1,70630E-12
1,51563E+1	-1,64530E-12
1,51650E+1	-1,69780E-12
1,51737E+1	-2,10390E-12
1,51823E+1	-1,77110E-12
1,51910E+1	-1,73410E-12
1,51996E+1	-1,20060E-12
1,52083E+1	-1,75840E-12
1,52170E+1	-1,68520E-12
1,52256E+1	-2,07940E-12
1,52343E+1	-1,66140E-12
1,52430E+1	-1,24370E-12
1,52516E+1	-1,84230E-12
1,52603E+1	-1,81400E-12
1,52689E+1	-1,89370E-12
1,52776E+1	-1,64970E-12
1,52863E+1	-2,00600E-12
1,52949E+1	-2,15620E-12
1,53036E+1	-1,90430E-12
1,53122E+1	-2,09690E-12
1,53209E+1	-1,52780E-12
1,53296E+1	-1,18640E-12
1,53382E+1	-1,38840E-12
1,53469E+1	-8,70300E-13
1,53555E+1	-1,03540E-12
1,53642E+1	-1,46810E-12
1,53729E+1	-1,73400E-12
1,53815E+1	-1,74290E-12
1,53902E+1	-2,08760E-12
1,53988E+1	-2,07660E-12
1,54075E+1	-1,31590E-12
1,54162E+1	-1,76010E-12
1,54248E+1	-1,95440E-12
1,54335E+1	-2,09800E-12
1,54421E+1	-1,66200E-12
1,54508E+1	-1,89800E-12
1,54595E+1	-1,92660E-12
1,54681E+1	-1,72840E-12
1,54768E+1	-1,81870E-12
1,54855E+1	-2,31200E-12
