E, keV	I, A
2,00109E+0	-2,29390E-12
2,01208E+0	-6,01900E-13
2,02308E+0	-6,94000E-14
2,03408E+0	-1,67300E-13
2,04507E+0	1,68100E-13
2,05606E+0	-5,38300E-13
2,06706E+0	-4,80800E-13
2,07805E+0	3,26300E-13
2,08905E+0	-3,48200E-13
2,10004E+0	-6,03500E-13
2,11104E+0	-4,82300E-13
2,12203E+0	-3,47600E-13
2,13303E+0	-2,43400E-13
2,14402E+0	-1,04530E-12
2,15502E+0	-1,42150E-12
2,16601E+0	-8,20400E-13
2,17701E+0	-7,45800E-13
2,18800E+0	1,43500E-13
2,19900E+0	-1,47600E-13
2,20999E+0	-2,32600E-13
2,22099E+0	-7,97600E-13
2,23198E+0	-3,57900E-13
2,24298E+0	-1,14370E-12
2,25397E+0	-1,26120E-12
2,26497E+0	-1,48970E-12
2,27596E+0	-1,06130E-12
2,28696E+0	-6,46600E-13
2,29795E+0	-1,25170E-12
2,30895E+0	-6,79900E-13
2,31994E+0	-6,66500E-13
2,33094E+0	-1,11080E-12
2,34193E+0	-1,71670E-12
2,35293E+0	-1,08080E-12
2,36392E+0	-1,37320E-12
2,37492E+0	-8,14300E-13
2,38591E+0	-5,51200E-13
2,39691E+0	-3,48400E-13
2,40790E+0	-4,97900E-13
2,41890E+0	-5,55000E-13
2,42989E+0	-2,08700E-13
2,44089E+0	-1,45150E-12
2,45188E+0	-1,07980E-12
2,46288E+0	-1,02810E-12
2,47387E+0	-1,39520E-12
2,48487E+0	-9,83000E-13
2,49586E+0	-1,15660E-12
2,50686E+0	-1,74070E-12
2,51785E+0	-1,50880E-12
2,52885E+0	-9,45700E-13
2,53984E+0	-9,55700E-13
2,55084E+0	-1,37640E-12
2,56183E+0	-1,21190E-12
2,57283E+0	-6,27200E-13
2,58383E+0	-1,25830E-12
2,59482E+0	1,44200E-13
2,60581E+0	-1,24840E-12
2,61681E+0	-9,61300E-13
2,62780E+0	-1,56280E-12
2,63880E+0	-1,53700E-12
2,64980E+0	-1,08270E-12
2,66079E+0	-7,95100E-13
2,67178E+0	-7,06900E-13
2,68278E+0	-6,79300E-13
2,69378E+0	-1,04400E-12
2,70477E+0	-6,98400E-13
2,71577E+0	-1,47010E-12
2,72676E+0	-1,30450E-12
2,73775E+0	-9,23000E-14
2,74875E+0	-3,49100E-13
2,75974E+0	-2,39500E-13
2,77074E+0	6,65000E-14
2,78173E+0	-7,35600E-13
2,79273E+0	-1,13840E-12
2,80372E+0	-1,65960E-12
2,81472E+0	-1,34550E-12
2,82571E+0	-4,35800E-13
2,83671E+0	-6,29000E-13
2,84770E+0	-3,59400E-13
2,85870E+0	-4,03200E-13
2,86969E+0	-8,41800E-13
2,88069E+0	2,25700E-13
2,89168E+0	-3,63000E-13
2,90268E+0	-9,30300E-13
2,91367E+0	-1,51740E-12
2,92467E+0	-1,38990E-12
2,93566E+0	-5,11300E-13
2,94666E+0	-2,29400E-13
2,95765E+0	-7,28000E-13
2,96865E+0	-9,68000E-13
2,97964E+0	-7,75000E-13
2,99064E+0	-2,95700E-13
3,00163E+0	-2,02100E-13
3,01263E+0	3,92500E-13
3,02363E+0	-3,22800E-13
3,03462E+0	-8,02300E-13
3,04561E+0	-3,79200E-13
3,05661E+0	5,15600E-13
3,06760E+0	1,35000E-13
3,07860E+0	6,88400E-13
3,08959E+0	-4,14900E-13
3,10059E+0	5,22900E-13
3,11158E+0	2,77320E-12
3,12258E+0	-1,07300E-13
3,13357E+0	2,16600E-13
3,14457E+0	-6,43400E-13
3,15556E+0	6,65600E-13
3,16656E+0	-6,12400E-13
3,17755E+0	-2,88600E-13
3,18855E+0	3,61100E-13
3,19955E+0	5,12100E-13
3,21054E+0	-7,35000E-14
3,22153E+0	1,48490E-12
3,23253E+0	3,45300E-13
3,24352E+0	-5,06700E-13
3,25452E+0	1,87500E-13
3,26552E+0	4,05300E-13
3,27651E+0	1,44140E-12
3,28750E+0	5,31000E-13
3,29850E+0	1,41920E-12
3,30949E+0	8,65800E-13
3,32049E+0	1,17190E-12
3,33148E+0	-3,38000E-14
3,34248E+0	2,28800E-13
3,35347E+0	1,26920E-12
3,36447E+0	2,08340E-12
3,37546E+0	4,33110E-12
3,38646E+0	2,67770E-12
3,39745E+0	1,29620E-12
3,40845E+0	1,40230E-12
3,41944E+0	2,37470E-12
3,43044E+0	2,01630E-12
3,44143E+0	1,19840E-12
3,45243E+0	6,25600E-13
3,46342E+0	1,78730E-12
3,47442E+0	2,73270E-12
3,48541E+0	2,35080E-12
3,49641E+0	2,59420E-12
3,50740E+0	1,49460E-12
3,51840E+0	2,12150E-12
3,52939E+0	1,20120E-12
3,54039E+0	1,50990E-12
3,55138E+0	3,16190E-12
3,56238E+0	1,06780E-12
3,57337E+0	3,38800E-13
3,58437E+0	1,48770E-12
3,59536E+0	2,77070E-12
3,60636E+0	1,54740E-12
3,61735E+0	1,39440E-12
3,62835E+0	1,29340E-12
3,63934E+0	5,89400E-13
3,65034E+0	8,35800E-13
3,66133E+0	8,41100E-13
3,67233E+0	1,02940E-12
3,68332E+0	2,40800E-12
3,69432E+0	2,99800E-12
3,70531E+0	2,57940E-12
3,71631E+0	1,19110E-12
3,72730E+0	2,82000E-13
3,73830E+0	6,86400E-13
3,74930E+0	3,75900E-13
3,76029E+0	1,06990E-12
3,77128E+0	9,73100E-13
3,78228E+0	9,52400E-13
3,79327E+0	-3,13600E-13
3,80427E+0	1,46960E-12
3,81527E+0	2,34280E-12
3,82626E+0	2,25580E-12
3,83725E+0	3,58910E-12
3,84825E+0	3,36500E-12
3,85924E+0	2,14610E-12
3,87024E+0	2,36840E-12
3,88123E+0	2,09290E-12
3,89223E+0	1,46670E-12
3,90322E+0	3,40300E-13
3,91422E+0	9,98000E-13
3,92521E+0	6,55200E-13
3,93621E+0	1,48990E-12
3,94720E+0	1,82430E-12
3,95820E+0	1,73120E-12
3,96919E+0	7,20200E-13
3,98019E+0	1,30890E-12
3,99118E+0	3,00390E-12
4,00218E+0	2,42640E-12
4,01317E+0	8,19000E-13
4,02417E+0	3,89670E-12
4,03516E+0	1,25910E-12
4,04616E+0	1,96110E-12
4,05715E+0	7,58400E-13
4,06815E+0	2,12340E-12
4,07914E+0	1,69620E-12
4,09014E+0	2,22720E-12
4,10113E+0	1,21110E-12
4,11213E+0	2,87040E-12
4,12312E+0	2,11320E-12
4,13412E+0	2,94550E-12
4,14511E+0	2,05300E-12
4,15611E+0	1,52360E-12
4,16710E+0	3,62390E-12
4,17810E+0	2,28210E-12
4,18910E+0	5,88900E-13
4,20009E+0	3,36980E-12
4,21108E+0	2,97350E-12
4,22208E+0	2,56700E-12
4,23307E+0	2,77800E-12
4,24407E+0	1,96910E-12
4,25507E+0	4,69610E-12
4,26606E+0	2,56480E-12
4,27705E+0	9,06500E-13
4,28805E+0	1,19600E-12
4,29904E+0	3,06190E-12
4,31004E+0	3,80550E-12
4,32104E+0	3,95080E-12
4,33203E+0	2,22480E-12
4,34302E+0	4,53350E-12
4,35402E+0	4,64110E-12
4,36501E+0	5,37430E-12
4,37601E+0	3,96720E-12
4,38701E+0	4,76600E-12
4,39800E+0	5,22650E-12
4,40899E+0	1,56770E-12
4,41999E+0	2,64520E-12
4,43098E+0	2,75530E-12
4,44198E+0	1,26300E-12
4,45297E+0	3,15390E-12
4,46397E+0	2,01510E-12
4,47497E+0	4,75530E-12
4,48596E+0	3,80390E-12
4,49695E+0	1,98850E-12
4,50795E+0	2,96810E-12
4,51895E+0	2,71110E-12
4,52994E+0	4,18520E-12
4,54093E+0	2,79480E-12
4,55193E+0	1,66990E-12
4,56292E+0	2,07940E-12
4,57392E+0	2,07390E-12
4,58491E+0	2,92200E-12
4,59591E+0	4,42370E-12
4,60691E+0	3,71610E-12
4,61790E+0	2,93790E-12
4,62889E+0	2,87620E-12
4,63989E+0	5,94130E-12
4,65088E+0	3,82570E-12
4,66188E+0	3,38660E-12
4,67287E+0	5,04250E-12
4,68387E+0	2,05570E-12
4,69486E+0	4,44260E-12
4,70586E+0	5,92210E-12
4,71685E+0	2,46200E-12
4,72785E+0	4,32440E-12
4,73884E+0	4,76000E-12
4,74984E+0	3,09660E-12
4,76084E+0	4,51850E-12
4,77183E+0	3,69110E-12
4,78282E+0	3,82270E-12
4,79382E+0	4,46200E-12
4,80481E+0	5,94210E-12
4,81581E+0	5,42200E-12
4,82680E+0	5,79830E-12
4,83780E+0	5,26190E-12
4,84879E+0	6,30070E-12
4,85979E+0	3,79400E-12
4,87078E+0	4,55120E-12
4,88178E+0	4,65510E-12
4,89277E+0	5,83940E-12
4,90377E+0	4,57740E-12
4,91476E+0	3,57940E-12
4,92576E+0	5,00590E-12
4,93675E+0	5,80650E-12
4,94775E+0	5,50750E-12
4,95874E+0	5,70750E-12
4,96974E+0	4,41690E-12
4,98074E+0	5,48460E-12
4,99173E+0	4,80860E-12
5,00272E+0	5,07640E-12
5,01372E+0	6,16800E-12
5,02471E+0	5,20710E-12
5,03571E+0	5,33700E-12
5,04670E+0	3,42680E-12
5,05770E+0	4,52200E-12
5,06869E+0	5,59530E-12
5,07969E+0	6,32980E-12
5,09068E+0	5,39550E-12
5,10168E+0	6,29790E-12
5,11268E+0	5,75890E-12
5,12367E+0	4,47200E-12
5,13466E+0	4,95300E-12
5,14566E+0	5,56190E-12
5,15665E+0	6,88470E-12
5,16765E+0	4,47850E-12
5,17864E+0	6,85130E-12
5,18964E+0	5,56810E-12
5,20064E+0	5,17240E-12
5,21163E+0	3,58480E-12
5,22262E+0	5,50040E-12
5,23362E+0	5,11480E-12
5,24461E+0	6,36130E-12
5,25561E+0	6,72500E-12
5,26660E+0	4,96930E-12
5,27760E+0	6,60590E-12
5,28859E+0	4,61550E-12
5,29959E+0	5,63870E-12
5,31058E+0	5,89780E-12
5,32158E+0	4,14730E-12
5,33257E+0	3,50080E-12
5,34357E+0	3,44500E-12
5,35457E+0	4,27400E-12
5,36556E+0	7,25390E-12
5,37655E+0	5,79680E-12
5,38755E+0	4,30520E-12
5,39854E+0	2,46300E-12
5,40954E+0	3,04230E-12
5,42053E+0	4,96500E-12
5,43153E+0	4,84030E-12
5,44252E+0	6,04250E-12
5,45352E+0	6,88310E-12
5,46451E+0	4,56220E-12
5,47551E+0	5,04550E-12
5,48651E+0	3,05260E-12
5,49750E+0	4,94710E-12
5,50849E+0	4,98570E-12
5,51949E+0	6,52560E-12
5,53048E+0	3,94300E-12
5,54148E+0	5,43120E-12
5,55247E+0	4,44820E-12
5,56347E+0	5,01420E-12
5,57447E+0	5,45680E-12
5,58546E+0	7,78050E-12
5,59645E+0	7,28990E-12
5,60745E+0	6,35750E-12
5,61845E+0	5,59430E-12
5,62944E+0	4,77250E-12
5,64043E+0	7,10510E-12
5,65143E+0	7,45250E-12
5,66242E+0	6,24610E-12
5,67342E+0	6,61620E-12
5,68441E+0	7,22350E-12
5,69541E+0	6,66150E-12
5,70641E+0	6,42890E-12
5,71740E+0	3,91200E-12
5,72839E+0	4,30730E-12
5,73939E+0	4,47740E-12
5,75038E+0	7,99320E-12
5,76138E+0	5,70470E-12
5,77237E+0	7,86940E-12
5,78337E+0	5,07610E-12
5,79436E+0	5,22180E-12
5,80536E+0	4,59260E-12
5,81635E+0	7,47390E-12
5,82735E+0	5,38280E-12
5,83834E+0	7,34220E-12
5,84934E+0	7,99060E-12
5,86034E+0	6,52120E-12
5,87133E+0	6,61220E-12
5,88232E+0	5,45250E-12
5,89332E+0	7,69550E-12
5,90431E+0	9,12750E-12
5,91531E+0	9,05610E-12
5,92630E+0	6,18340E-12
5,93730E+0	7,01350E-12
5,94829E+0	9,71100E-12
5,95929E+0	7,49260E-12
5,97028E+0	8,43460E-12
5,98128E+0	8,09600E-12
5,99227E+0	8,72650E-12
6,00327E+0	8,64370E-12
6,01426E+0	7,24980E-12
6,02526E+0	8,39450E-12
6,03625E+0	6,92600E-12
6,04725E+0	5,80090E-12
6,05824E+0	9,95510E-12
6,06924E+0	8,06210E-12
6,08024E+0	7,52210E-12
6,09123E+0	8,97960E-12
6,10222E+0	8,45450E-12
6,11322E+0	6,21640E-12
6,12421E+0	6,51750E-12
6,13521E+0	7,74940E-12
6,14620E+0	6,85160E-12
6,15720E+0	7,85690E-12
6,16819E+0	5,78220E-12
6,17919E+0	5,37910E-12
6,19018E+0	8,66250E-12
6,20118E+0	9,41430E-12
6,21218E+0	8,58080E-12
6,22317E+0	1,21919E-11
6,23416E+0	9,08200E-12
6,24516E+0	7,54990E-12
6,25615E+0	8,08690E-12
6,26715E+0	7,00320E-12
6,27814E+0	9,88100E-12
6,28914E+0	1,01431E-11
6,30014E+0	9,94130E-12
6,31113E+0	1,06525E-11
6,32212E+0	1,14868E-11
6,33312E+0	1,07363E-11
6,34411E+0	1,01617E-11
6,35511E+0	7,57210E-12
6,36610E+0	9,00410E-12
6,37710E+0	9,64010E-12
6,38809E+0	1,06128E-11
6,39909E+0	8,02840E-12
6,41008E+0	1,04497E-11
6,42108E+0	9,44370E-12
6,43207E+0	7,79460E-12
6,44307E+0	1,05144E-11
6,45406E+0	9,05710E-12
6,46506E+0	1,06488E-11
6,47605E+0	8,78870E-12
6,48705E+0	9,53800E-12
6,49804E+0	8,89580E-12
6,50904E+0	1,02594E-11
6,52003E+0	1,16649E-11
6,53103E+0	9,77980E-12
6,54202E+0	1,29783E-11
6,55302E+0	1,26178E-11
6,56401E+0	1,27787E-11
6,57501E+0	7,58630E-12
6,58601E+0	1,06324E-11
6,59700E+0	1,00712E-11
6,60799E+0	9,63910E-12
6,61899E+0	1,33253E-11
6,62998E+0	8,47410E-12
6,64098E+0	1,13733E-11
6,65197E+0	1,13922E-11
6,66297E+0	1,35402E-11
6,67396E+0	1,43707E-11
6,68496E+0	1,11346E-11
6,69595E+0	1,18583E-11
6,70695E+0	1,40090E-11
6,71795E+0	1,24217E-11
6,72894E+0	9,40180E-12
6,73993E+0	9,58120E-12
6,75093E+0	1,46779E-11
6,76192E+0	9,70070E-12
6,77292E+0	1,01725E-11
6,78391E+0	1,32827E-11
6,79491E+0	1,31192E-11
6,80591E+0	1,09382E-11
6,81690E+0	1,68766E-11
6,82789E+0	1,32356E-11
6,83889E+0	1,49011E-11
6,84988E+0	1,46332E-11
6,86088E+0	1,27797E-11
6,87187E+0	1,51151E-11
6,88287E+0	1,54606E-11
6,89386E+0	1,27210E-11
6,90486E+0	1,19938E-11
6,91585E+0	1,53932E-11
6,92685E+0	1,46514E-11
6,93784E+0	1,16657E-11
6,94884E+0	1,14716E-11
6,95983E+0	1,60827E-11
6,97083E+0	1,44486E-11
6,98182E+0	1,23537E-11
6,99282E+0	1,20907E-11
7,00381E+0	1,46010E-11
7,01481E+0	1,51910E-11
7,02580E+0	1,46511E-11
7,03680E+0	1,43271E-11
7,04779E+0	1,53785E-11
7,05879E+0	1,27668E-11
7,06978E+0	1,57835E-11
7,08078E+0	1,22342E-11
7,09177E+0	1,59470E-11
7,10277E+0	1,61660E-11
7,11376E+0	1,67601E-11
7,12476E+0	1,70057E-11
7,13575E+0	1,33504E-11
7,14675E+0	1,45353E-11
7,15774E+0	1,35211E-11
7,16874E+0	1,37937E-11
7,17973E+0	1,50746E-11
7,19073E+0	1,65005E-11
7,20172E+0	1,64455E-11
7,21272E+0	1,63020E-11
7,22371E+0	1,39617E-11
7,23471E+0	1,55404E-11
7,24570E+0	1,38548E-11
7,25670E+0	1,50880E-11
7,26769E+0	1,56952E-11
7,27869E+0	1,76096E-11
7,28968E+0	1,73675E-11
7,30068E+0	1,71416E-11
7,31168E+0	1,70961E-11
7,32267E+0	1,48510E-11
7,33366E+0	1,74066E-11
7,34466E+0	1,73438E-11
7,35565E+0	1,63293E-11
7,36665E+0	1,66451E-11
7,37764E+0	1,99139E-11
7,38864E+0	1,73286E-11
7,39963E+0	1,80627E-11
7,41063E+0	1,77273E-11
7,42162E+0	1,84153E-11
7,43262E+0	1,79799E-11
7,44361E+0	1,65630E-11
7,45461E+0	1,57576E-11
7,46560E+0	1,67626E-11
7,47660E+0	1,80971E-11
7,48759E+0	1,82465E-11
7,49859E+0	1,87993E-11
7,50958E+0	1,89079E-11
7,52058E+0	2,00330E-11
7,53157E+0	2,00060E-11
7,54257E+0	1,97285E-11
7,55356E+0	1,84810E-11
7,56456E+0	2,13320E-11
7,57555E+0	2,24170E-11
7,58655E+0	2,54540E-11
7,59754E+0	2,37680E-11
7,60854E+0	2,10870E-11
7,61953E+0	2,00070E-11
7,63053E+0	2,30310E-11
7,64152E+0	2,23870E-11
7,65252E+0	2,29470E-11
7,66351E+0	2,67480E-11
7,67451E+0	2,29920E-11
7,68551E+0	2,24620E-11
7,69650E+0	2,35780E-11
7,70749E+0	2,12230E-11
7,71849E+0	2,06980E-11
7,72948E+0	2,00820E-11
7,74048E+0	2,26260E-11
7,75147E+0	2,34790E-11
7,76247E+0	2,29590E-11
7,77346E+0	2,15330E-11
7,78446E+0	2,27780E-11
7,79545E+0	2,17630E-11
7,80645E+0	2,30310E-11
7,81745E+0	2,52510E-11
7,82844E+0	2,24070E-11
7,83943E+0	2,27700E-11
7,85043E+0	2,66660E-11
7,86142E+0	2,45990E-11
7,87242E+0	2,61310E-11
7,88341E+0	2,34290E-11
7,89441E+0	2,48420E-11
7,90541E+0	2,67260E-11
7,91640E+0	2,77030E-11
7,92739E+0	2,57740E-11
7,93839E+0	2,59110E-11
7,94938E+0	2,79170E-11
7,96038E+0	2,52890E-11
7,97137E+0	2,67260E-11
7,98237E+0	2,88640E-11
7,99336E+0	2,54000E-11
8,00436E+0	2,75390E-11
8,01535E+0	2,48980E-11
8,02635E+0	3,02030E-11
8,03734E+0	3,04650E-11
8,04834E+0	2,75740E-11
8,05933E+0	2,87000E-11
8,07033E+0	2,91220E-11
8,08132E+0	2,57700E-11
8,09232E+0	2,83940E-11
8,10332E+0	2,65580E-11
8,11431E+0	2,74300E-11
8,12530E+0	2,54870E-11
8,13630E+0	3,24060E-11
8,14729E+0	3,07420E-11
8,15829E+0	2,71950E-11
8,16928E+0	3,24920E-11
8,18028E+0	3,15400E-11
8,19127E+0	3,05250E-11
8,20227E+0	2,76230E-11
8,21326E+0	2,88790E-11
8,22426E+0	2,74600E-11
8,23526E+0	3,62600E-11
8,24625E+0	3,51510E-11
8,25724E+0	2,79490E-11
8,26824E+0	2,80540E-11
8,27923E+0	3,16500E-11
8,29023E+0	3,27210E-11
8,30122E+0	3,18330E-11
8,31222E+0	3,64930E-11
8,32321E+0	3,59100E-11
8,33421E+0	2,99120E-11
8,34520E+0	3,29350E-11
8,35620E+0	3,27640E-11
8,36720E+0	3,33370E-11
8,37819E+0	3,48160E-11
8,38918E+0	3,60320E-11
8,40018E+0	3,54220E-11
8,41118E+0	3,30880E-11
8,42217E+0	3,20870E-11
8,43316E+0	3,62760E-11
8,44416E+0	3,11680E-11
8,45515E+0	3,69850E-11
8,46615E+0	3,91390E-11
8,47715E+0	4,06240E-11
8,48814E+0	3,81750E-11
8,49913E+0	3,86280E-11
8,51013E+0	3,86920E-11
8,52112E+0	3,63420E-11
8,53212E+0	3,80450E-11
8,54311E+0	3,90590E-11
8,55411E+0	4,00200E-11
8,56510E+0	4,35160E-11
8,57610E+0	4,09770E-11
8,58709E+0	4,26890E-11
8,59809E+0	4,43700E-11
8,60909E+0	5,16990E-11
8,62008E+0	4,90330E-11
8,63107E+0	5,35070E-11
8,64207E+0	4,48260E-11
8,65306E+0	4,92050E-11
8,66406E+0	4,42990E-11
8,67505E+0	4,57700E-11
8,68605E+0	4,61720E-11
8,69704E+0	4,44530E-11
8,70804E+0	4,40250E-11
8,71903E+0	4,97700E-11
8,73003E+0	4,96120E-11
8,74102E+0	5,12500E-11
8,75202E+0	4,72860E-11
8,76301E+0	4,92130E-11
8,77401E+0	4,68420E-11
8,78500E+0	5,30820E-11
8,79600E+0	4,05240E-11
8,80699E+0	4,80940E-11
8,81799E+0	4,90540E-11
8,82898E+0	5,45080E-11
8,83998E+0	5,01100E-11
8,85098E+0	4,96800E-11
8,86197E+0	4,61900E-11
8,87296E+0	4,29580E-11
8,88396E+0	4,87730E-11
8,89495E+0	4,72180E-11
8,90595E+0	4,55780E-11
8,91694E+0	5,17950E-11
8,92794E+0	4,71890E-11
8,93894E+0	4,74610E-11
8,94993E+0	4,95300E-11
8,96092E+0	4,99540E-11
8,97192E+0	5,30810E-11
8,98291E+0	4,80810E-11
8,99391E+0	4,82850E-11
9,00490E+0	4,48400E-11
9,01590E+0	4,99190E-11
9,02689E+0	4,54060E-11
9,03789E+0	4,45560E-11
9,04889E+0	4,78640E-11
9,05988E+0	4,54840E-11
9,07087E+0	4,83910E-11
9,08187E+0	4,76250E-11
9,09286E+0	4,63730E-11
9,10386E+0	4,44010E-11
9,11485E+0	4,57060E-11
9,12585E+0	4,48860E-11
9,13684E+0	4,66430E-11
9,14784E+0	4,59370E-11
9,15883E+0	4,55220E-11
9,16983E+0	3,85770E-11
9,18082E+0	3,86840E-11
9,19182E+0	3,50670E-11
9,20281E+0	3,97560E-11
9,21381E+0	4,28740E-11
9,22480E+0	4,26950E-11
9,23580E+0	4,00310E-11
9,24679E+0	4,29460E-11
9,25779E+0	4,41460E-11
9,26878E+0	4,12520E-11
9,27978E+0	4,42120E-11
9,29077E+0	4,78980E-11
9,30177E+0	3,91180E-11
9,31277E+0	4,42150E-11
9,32376E+0	4,02410E-11
9,33475E+0	3,91730E-11
9,34575E+0	4,67580E-11
9,35674E+0	4,16280E-11
9,36774E+0	4,95060E-11
9,37873E+0	4,10640E-11
9,38973E+0	4,54230E-11
9,40072E+0	4,21160E-11
9,41172E+0	4,96190E-11
9,42272E+0	4,13250E-11
9,43371E+0	4,31660E-11
9,44470E+0	4,38350E-11
9,45570E+0	4,40480E-11
9,46669E+0	4,62080E-11
9,47769E+0	4,62410E-11
9,48869E+0	4,60590E-11
9,49968E+0	4,64120E-11
9,51067E+0	4,17850E-11
9,52167E+0	4,42320E-11
9,53266E+0	4,63110E-11
9,54366E+0	4,56850E-11
9,55465E+0	4,07630E-11
9,56565E+0	4,48390E-11
9,57665E+0	4,33290E-11
9,58764E+0	4,20560E-11
9,59863E+0	3,83380E-11
9,60963E+0	4,27330E-11
9,62062E+0	4,21180E-11
9,62210E+0	4,35360E-11
9,63076E+0	4,76440E-11
9,63942E+0	4,68360E-11
9,64808E+0	4,86900E-11
9,65674E+0	4,80730E-11
9,66540E+0	4,61970E-11
9,67406E+0	4,53040E-11
9,68272E+0	4,45220E-11
9,69138E+0	4,27490E-11
9,70004E+0	4,56120E-11
9,70870E+0	5,00300E-11
9,71737E+0	4,18630E-11
9,72603E+0	4,88550E-11
9,73469E+0	5,32490E-11
9,74335E+0	5,17950E-11
9,75201E+0	5,82040E-11
9,76067E+0	5,39030E-11
9,76933E+0	5,55660E-11
9,77799E+0	6,32340E-11
9,78665E+0	5,69620E-11
9,79531E+0	5,84880E-11
9,80397E+0	5,87730E-11
9,81263E+0	5,88710E-11
9,82130E+0	5,64040E-11
9,82996E+0	6,13430E-11
9,83862E+0	5,94130E-11
9,84728E+0	5,55770E-11
9,85594E+0	6,03600E-11
9,86460E+0	6,77370E-11
9,87326E+0	6,46210E-11
9,88192E+0	6,33990E-11
9,89058E+0	5,94000E-11
9,89924E+0	6,34790E-11
9,90790E+0	6,01090E-11
9,91656E+0	6,05080E-11
9,92522E+0	6,12850E-11
9,93389E+0	5,82700E-11
9,94255E+0	6,02520E-11
9,95121E+0	5,85600E-11
9,95987E+0	5,42930E-11
9,96853E+0	5,94020E-11
9,97719E+0	5,86180E-11
9,98585E+0	6,07290E-11
9,99451E+0	5,68520E-11
1,00032E+1	6,05630E-11
1,00118E+1	5,40400E-11
1,00205E+1	5,40570E-11
1,00292E+1	5,73950E-11
1,00378E+1	6,13430E-11
1,00465E+1	5,29830E-11
1,00551E+1	5,00730E-11
1,00638E+1	5,17900E-11
1,00725E+1	5,44430E-11
1,00811E+1	5,64890E-11
1,00898E+1	5,49130E-11
1,00984E+1	5,80360E-11
1,01071E+1	5,22020E-11
1,01158E+1	5,80100E-11
1,01244E+1	5,00340E-11
1,01331E+1	4,97340E-11
1,01417E+1	5,12790E-11
1,01504E+1	5,46890E-11
1,01591E+1	5,04340E-11
1,01677E+1	5,47690E-11
1,01764E+1	4,50160E-11
1,01850E+1	4,89060E-11
1,01937E+1	5,02550E-11
1,02024E+1	4,15400E-11
1,02110E+1	4,87930E-11
1,02197E+1	5,04940E-11
1,02284E+1	4,65950E-11
1,02370E+1	4,82750E-11
1,02457E+1	4,68500E-11
1,02543E+1	4,61520E-11
1,02630E+1	4,94290E-11
1,02717E+1	4,58930E-11
1,02803E+1	4,62910E-11
1,02890E+1	4,47700E-11
1,02976E+1	3,83760E-11
1,03063E+1	4,30930E-11
1,03150E+1	4,68260E-11
1,03236E+1	4,28300E-11
1,03323E+1	4,82070E-11
1,03409E+1	3,99230E-11
1,03496E+1	4,33020E-11
1,03583E+1	4,06090E-11
1,03669E+1	4,23120E-11
1,03756E+1	4,20840E-11
1,03842E+1	3,62050E-11
1,03929E+1	3,89770E-11
1,04016E+1	3,86040E-11
1,04102E+1	4,31720E-11
1,04189E+1	3,55470E-11
1,04276E+1	3,51620E-11
1,04362E+1	3,63960E-11
1,04449E+1	3,63450E-11
1,04535E+1	3,61350E-11
1,04622E+1	3,37860E-11
1,04709E+1	3,25610E-11
1,04795E+1	3,67590E-11
1,04882E+1	3,25650E-11
1,04968E+1	2,75610E-11
1,05055E+1	2,35980E-11
1,05142E+1	2,88430E-11
1,05228E+1	2,36340E-11
1,05315E+1	2,50440E-11
1,05401E+1	2,65200E-11
1,05488E+1	2,24320E-11
1,05575E+1	2,07660E-11
1,05661E+1	2,16860E-11
1,05748E+1	2,09480E-11
1,05834E+1	1,81685E-11
1,05921E+1	1,86484E-11
1,06008E+1	1,80376E-11
1,06094E+1	1,61384E-11
1,06181E+1	1,54381E-11
1,06267E+1	1,29471E-11
1,06354E+1	1,31251E-11
1,06441E+1	1,14745E-11
1,06527E+1	1,32025E-11
1,06614E+1	1,24628E-11
1,06701E+1	8,66340E-12
1,06787E+1	8,03460E-12
1,06874E+1	7,50150E-12
1,06960E+1	5,39930E-12
1,07047E+1	8,31580E-12
1,07134E+1	5,97670E-12
1,07220E+1	4,13820E-12
1,07307E+1	5,39210E-12
1,07393E+1	4,69940E-12
1,07480E+1	4,18640E-12
1,07567E+1	4,51290E-12
1,07653E+1	2,45470E-12
1,07740E+1	1,87160E-12
1,07826E+1	1,41760E-12
1,07913E+1	6,74900E-13
1,08000E+1	1,29700E-13
1,08086E+1	-8,89200E-13
1,08173E+1	5,95700E-13
1,08259E+1	3,34000E-14
1,08346E+1	-5,54600E-13
1,08433E+1	-1,27900E-12
1,08519E+1	-1,87200E-13
1,08606E+1	-8,87400E-13
1,08693E+1	-1,23540E-12
1,08779E+1	-1,40610E-12
1,08866E+1	-1,58810E-12
1,08952E+1	-1,87630E-12
1,09039E+1	-1,15150E-12
1,09126E+1	-1,95520E-12
1,09212E+1	-8,40000E-13
1,09299E+1	-1,54620E-12
1,09385E+1	-2,05820E-12
1,09472E+1	-1,85710E-12
1,09559E+1	-1,96980E-12
1,09645E+1	-1,96040E-12
1,09732E+1	-1,75670E-12
1,09818E+1	-2,08330E-12
1,09905E+1	-2,21460E-12
1,09992E+1	-2,09080E-12
1,10078E+1	-2,30700E-12
1,10165E+1	-1,81200E-12
1,10251E+1	-1,95160E-12
1,10338E+1	-2,25230E-12
1,10425E+1	-2,45430E-12
1,10511E+1	-1,62170E-12
1,10598E+1	-2,29380E-12
1,10684E+1	-2,40240E-12
1,10771E+1	-2,07210E-12
1,10858E+1	-2,38320E-12
1,10944E+1	-2,18040E-12
1,11031E+1	-2,46460E-12
1,11118E+1	-2,49340E-12
1,11204E+1	-2,42690E-12
1,11291E+1	-2,34080E-12
1,11377E+1	-2,43840E-12
1,11464E+1	-2,37010E-12
1,11551E+1	-2,42300E-12
1,11637E+1	-2,47950E-12
1,11724E+1	-2,52740E-12
1,11810E+1	-2,40610E-12
1,11897E+1	-2,38370E-12
1,11984E+1	-2,51140E-12
1,12070E+1	-2,47020E-12
1,12157E+1	-2,56640E-12
1,12243E+1	-2,47440E-12
1,12330E+1	-2,45190E-12
1,12417E+1	-2,47470E-12
1,12503E+1	-2,30960E-12
1,12590E+1	-2,07160E-12
1,12676E+1	-2,20900E-12
1,12763E+1	-2,43890E-12
1,12850E+1	-2,52080E-12
1,12936E+1	-2,48770E-12
1,13023E+1	-2,28950E-12
1,13110E+1	-2,47110E-12
1,13196E+1	-2,46530E-12
1,13283E+1	-2,42600E-12
1,13369E+1	-2,46040E-12
1,13456E+1	-2,49860E-12
1,13543E+1	-2,49580E-12
1,13629E+1	-2,46440E-12
1,13716E+1	-2,46110E-12
1,13802E+1	-2,47100E-12
1,13889E+1	-2,51460E-12
1,13976E+1	-2,52400E-12
1,14062E+1	-2,45240E-12
1,14149E+1	-2,52450E-12
1,14235E+1	-2,48570E-12
1,14322E+1	-2,51220E-12
1,14409E+1	-2,54100E-12
1,14495E+1	-2,33140E-12
1,14582E+1	-2,53270E-12
1,14668E+1	-2,43950E-12
1,14755E+1	-2,48340E-12
1,14842E+1	-2,48080E-12
