E, keV	I, A
2,00109E+0	-7,84900E-13
2,01208E+0	1,39250E-12
2,02308E+0	1,65420E-12
2,03408E+0	1,44610E-12
2,04507E+0	1,57100E-12
2,05606E+0	2,33000E-13
2,06706E+0	2,21300E-13
2,07805E+0	2,77400E-13
2,08905E+0	-4,82600E-13
2,10004E+0	2,36000E-13
2,11104E+0	-6,49300E-13
2,12203E+0	-1,32000E-13
2,13303E+0	-9,83700E-13
2,14402E+0	-8,74800E-13
2,15502E+0	7,30000E-15
2,16601E+0	-9,62000E-13
2,17701E+0	2,52900E-13
2,18800E+0	-9,76400E-13
2,19900E+0	-1,30580E-12
2,20999E+0	-8,61900E-13
2,22099E+0	-1,24620E-12
2,23198E+0	-1,58690E-12
2,24298E+0	-1,37150E-12
2,25397E+0	-1,04890E-12
2,26497E+0	-9,95900E-13
2,27596E+0	-1,27270E-12
2,28696E+0	-1,38030E-12
2,29795E+0	-7,14900E-13
2,30895E+0	-6,69100E-13
2,31994E+0	-1,13690E-12
2,33094E+0	-1,32070E-12
2,34193E+0	-1,89410E-12
2,35293E+0	-2,07180E-12
2,36392E+0	-2,09840E-12
2,37492E+0	-1,55280E-12
2,38591E+0	-1,66580E-12
2,39691E+0	-1,56760E-12
2,40790E+0	-1,48350E-12
2,41890E+0	-1,10660E-12
2,42989E+0	-1,20200E-12
2,44089E+0	-1,53450E-12
2,45188E+0	-2,02330E-12
2,46288E+0	-8,61500E-13
2,47387E+0	-1,94380E-12
2,48487E+0	-1,72500E-12
2,49586E+0	-1,78630E-12
2,50686E+0	-1,91340E-12
2,51785E+0	-1,47540E-12
2,52885E+0	-2,10850E-12
2,53984E+0	-1,79980E-12
2,55084E+0	-1,75250E-12
2,56183E+0	-1,23070E-12
2,57283E+0	-1,78600E-12
2,58383E+0	-1,88120E-12
2,59482E+0	-1,98800E-12
2,60581E+0	-2,15840E-12
2,61681E+0	-2,08760E-12
2,62780E+0	-1,55110E-12
2,63880E+0	-2,15030E-12
2,64980E+0	-1,84620E-12
2,66079E+0	-1,94150E-12
2,67178E+0	-1,93960E-12
2,68278E+0	-1,97830E-12
2,69378E+0	-2,08820E-12
2,70477E+0	-2,12210E-12
2,71577E+0	-1,83560E-12
2,72676E+0	-1,15440E-12
2,73775E+0	-1,46660E-12
2,74875E+0	-2,03820E-12
2,75974E+0	-1,89400E-12
2,77074E+0	-1,81450E-12
2,78173E+0	-1,91740E-12
2,79273E+0	-1,99360E-12
2,80372E+0	-1,85490E-12
2,81472E+0	-1,93060E-12
2,82571E+0	-1,36630E-12
2,83671E+0	-1,30290E-12
2,84770E+0	-1,82260E-12
2,85870E+0	-1,95820E-12
2,86969E+0	-1,56680E-12
2,88069E+0	-9,90200E-13
2,89168E+0	-2,07200E-12
2,90268E+0	-2,00740E-12
2,91367E+0	-1,18280E-12
2,92467E+0	-1,52970E-12
2,93566E+0	-1,63370E-12
2,94666E+0	-1,45110E-12
2,95765E+0	-1,95700E-12
2,96865E+0	-1,53340E-12
2,97964E+0	-1,40630E-12
2,99064E+0	-1,88000E-12
3,00163E+0	-1,66350E-12
3,01263E+0	-1,16350E-12
3,02363E+0	-1,23080E-12
3,03462E+0	-2,01580E-12
3,04561E+0	-1,32250E-12
3,05661E+0	-1,73670E-12
3,06760E+0	-1,86310E-12
3,07860E+0	-1,84290E-12
3,08959E+0	-1,61110E-12
3,10059E+0	-2,11070E-12
3,11158E+0	-1,18990E-12
3,12258E+0	-1,81090E-12
3,13357E+0	-1,09250E-12
3,14457E+0	-1,55380E-12
3,15556E+0	-1,46350E-12
3,16656E+0	-1,89160E-12
3,17755E+0	-2,16510E-12
3,18855E+0	-1,70520E-12
3,19955E+0	-1,16150E-12
3,21054E+0	-1,48470E-12
3,22153E+0	-1,28620E-12
3,23253E+0	-1,53650E-12
3,24352E+0	-1,69480E-12
3,25452E+0	-1,50760E-12
3,26552E+0	-1,45880E-12
3,27651E+0	-1,79860E-12
3,28750E+0	-1,97850E-12
3,29850E+0	-1,78630E-12
3,30949E+0	-1,97020E-12
3,32049E+0	-1,65590E-12
3,33148E+0	-2,13360E-12
3,34248E+0	-1,71800E-12
3,35347E+0	-1,66220E-12
3,36447E+0	-8,65500E-13
3,37546E+0	-1,38450E-12
3,38646E+0	-1,33020E-12
3,39745E+0	-1,87100E-12
3,40845E+0	-2,10800E-12
3,41944E+0	-1,58350E-12
3,43044E+0	-1,53000E-12
3,44143E+0	-8,93800E-13
3,45243E+0	-1,58660E-12
3,46342E+0	-1,38080E-12
3,47442E+0	-2,15570E-12
3,48541E+0	-1,37410E-12
3,49641E+0	-9,93900E-13
3,50740E+0	-1,70470E-12
3,51840E+0	-1,41650E-12
3,52939E+0	-9,35700E-13
3,54039E+0	-8,89500E-13
3,55138E+0	-1,36240E-12
3,56238E+0	-6,67400E-13
3,57337E+0	-1,42410E-12
3,58437E+0	-8,52400E-13
3,59536E+0	-1,34440E-12
3,60636E+0	-1,46100E-12
3,61735E+0	-1,71970E-12
3,62835E+0	-1,21110E-12
3,63934E+0	-1,58260E-12
3,65034E+0	-1,70830E-12
3,66133E+0	-1,46820E-12
3,67233E+0	-2,14270E-12
3,68332E+0	-1,48890E-12
3,69432E+0	-1,49080E-12
3,70531E+0	-1,78510E-12
3,71631E+0	-1,47030E-12
3,72730E+0	-1,69550E-12
3,73830E+0	-1,69210E-12
3,74930E+0	-1,74000E-12
3,76029E+0	-8,06700E-13
3,77128E+0	-9,94500E-13
3,78228E+0	-3,45600E-13
3,79327E+0	-9,76200E-13
3,80427E+0	-7,87000E-13
3,81527E+0	-1,52990E-12
3,82626E+0	-1,70540E-12
3,83725E+0	-1,68030E-12
3,84825E+0	-1,30560E-12
3,85924E+0	-1,98300E-12
3,87024E+0	-1,96400E-13
3,88123E+0	-9,27200E-13
3,89223E+0	-1,72060E-12
3,90322E+0	-1,61520E-12
3,91422E+0	-1,23220E-12
3,92521E+0	-1,60710E-12
3,93621E+0	-1,11710E-12
3,94720E+0	-1,03070E-12
3,95820E+0	-1,91080E-12
3,96919E+0	-1,81170E-12
3,98019E+0	-5,23000E-13
3,99118E+0	-1,08320E-12
4,00218E+0	-1,42130E-12
4,01317E+0	-1,45650E-12
4,02417E+0	-1,76790E-12
4,03516E+0	-8,86100E-13
4,04616E+0	-1,09410E-12
4,05715E+0	-1,20110E-12
4,06815E+0	-6,55800E-13
4,07914E+0	-4,10000E-13
4,09014E+0	-1,69980E-12
4,10113E+0	-1,12290E-12
4,11213E+0	-1,08900E-12
4,12312E+0	-1,41150E-12
4,13412E+0	-6,62100E-13
4,14511E+0	-1,83080E-12
4,15611E+0	-1,29590E-12
4,16710E+0	-1,48900E-12
4,17810E+0	-1,59940E-12
4,18910E+0	-1,88660E-12
4,20009E+0	-2,03070E-12
4,21108E+0	-1,48950E-12
4,22208E+0	-1,55180E-12
4,23307E+0	-1,96690E-12
4,24407E+0	-1,03490E-12
4,25507E+0	-1,93100E-13
4,26606E+0	-1,72320E-12
4,27705E+0	-1,10420E-12
4,28805E+0	-1,02180E-12
4,29904E+0	-1,03690E-12
4,31004E+0	-1,31170E-12
4,32104E+0	-1,17990E-12
4,33203E+0	-1,36920E-12
4,34302E+0	-1,59070E-12
4,35402E+0	-1,21150E-12
4,36501E+0	-1,53060E-12
4,37601E+0	-1,12100E-12
4,38701E+0	-4,97800E-13
4,39800E+0	-1,12190E-12
4,40899E+0	-5,21600E-13
4,41999E+0	-1,59420E-12
4,43098E+0	-1,60690E-12
4,44198E+0	-4,06600E-13
4,45297E+0	-9,10700E-13
4,46397E+0	-1,31000E-12
4,47497E+0	-2,23400E-13
4,48596E+0	-7,22400E-13
4,49695E+0	-1,39070E-12
4,50795E+0	-6,67800E-13
4,51895E+0	-1,25030E-12
4,52994E+0	-1,54980E-12
4,54093E+0	-3,96200E-13
4,55193E+0	-1,15940E-12
4,56292E+0	-3,78600E-13
4,57392E+0	5,86800E-13
4,58491E+0	3,53900E-13
4,59591E+0	-1,26230E-12
4,60691E+0	-2,88100E-13
4,61790E+0	-1,05350E-12
4,62889E+0	-5,27100E-13
4,63989E+0	-2,38300E-13
4,65088E+0	-8,03600E-13
4,66188E+0	-1,30670E-12
4,67287E+0	-4,09000E-14
4,68387E+0	7,93100E-13
4,69486E+0	-5,40400E-13
4,70586E+0	-5,11000E-13
4,71685E+0	-6,24700E-13
4,72785E+0	-3,28800E-13
4,73884E+0	1,19960E-12
4,74984E+0	1,35410E-12
4,76084E+0	1,05240E-12
4,77183E+0	1,39480E-12
4,78282E+0	8,27600E-13
4,79382E+0	-4,89100E-13
4,80481E+0	-4,82400E-13
4,81581E+0	-7,60000E-15
4,82680E+0	-3,04100E-13
4,83780E+0	-7,37000E-13
4,84879E+0	-1,80800E-13
4,85979E+0	6,35000E-13
4,87078E+0	-9,20000E-15
4,88178E+0	1,55930E-12
4,89277E+0	-3,62100E-13
4,90377E+0	-6,54100E-13
4,91476E+0	-6,55800E-13
4,92576E+0	9,38500E-13
4,93675E+0	-2,41600E-13
4,94775E+0	8,70300E-13
4,95874E+0	4,68400E-13
4,96974E+0	7,96800E-13
4,98074E+0	-7,16600E-13
4,99173E+0	1,84300E-13
5,00272E+0	-1,13420E-12
5,01372E+0	1,00000E-13
5,02471E+0	-1,46400E-12
5,03571E+0	-1,65470E-12
5,04670E+0	6,45000E-14
5,05770E+0	-1,11300E-12
5,06869E+0	-6,76100E-13
5,07969E+0	3,81400E-13
5,09068E+0	6,56000E-14
5,10168E+0	1,23500E-13
5,11268E+0	2,72900E-13
5,12367E+0	1,24890E-12
5,13466E+0	5,62900E-13
5,14566E+0	-2,76600E-13
5,15665E+0	-1,00380E-12
5,16765E+0	-5,89600E-13
5,17864E+0	6,40400E-13
5,18964E+0	2,45900E-13
5,20064E+0	1,72240E-12
5,21163E+0	-4,91000E-13
5,22262E+0	1,51960E-12
5,23362E+0	9,18400E-13
5,24461E+0	-5,87000E-13
5,25561E+0	-8,83500E-13
5,26660E+0	-8,08200E-13
5,27760E+0	1,37000E-14
5,28859E+0	3,55000E-14
5,29959E+0	8,75000E-13
5,31058E+0	2,83900E-13
5,32158E+0	1,30800E-13
5,33257E+0	2,42570E-12
5,34357E+0	6,55200E-13
5,35457E+0	-1,87100E-13
5,36556E+0	1,43280E-12
5,37655E+0	7,68000E-14
5,38755E+0	-7,43000E-14
5,39854E+0	-4,32400E-13
5,40954E+0	4,33000E-14
5,42053E+0	-4,16000E-14
5,43153E+0	6,77300E-13
5,44252E+0	1,06720E-12
5,45352E+0	3,55000E-13
5,46451E+0	-5,43900E-13
5,47551E+0	-5,14000E-13
5,48651E+0	1,79110E-12
5,49750E+0	1,05370E-12
5,50849E+0	9,50400E-13
5,51949E+0	1,16090E-12
5,53048E+0	5,54300E-13
5,54148E+0	1,51010E-12
5,55247E+0	2,58990E-12
5,56347E+0	3,04130E-12
5,57447E+0	1,36340E-12
5,58546E+0	4,18000E-14
5,59645E+0	2,80300E-13
5,60745E+0	2,15380E-12
5,61845E+0	5,88100E-13
5,62944E+0	1,42990E-12
5,64043E+0	1,78700E-12
5,65143E+0	9,92700E-13
5,66242E+0	1,44940E-12
5,67342E+0	1,57880E-12
5,68441E+0	-1,06300E-13
5,69541E+0	1,58610E-12
5,70641E+0	1,90950E-12
5,71740E+0	9,61400E-13
5,72839E+0	1,60710E-12
5,73939E+0	8,19000E-13
5,75038E+0	-3,05300E-13
5,76138E+0	1,56040E-12
5,77237E+0	2,85320E-12
5,78337E+0	7,32000E-13
5,79436E+0	1,16480E-12
5,80536E+0	1,53560E-12
5,81635E+0	8,37300E-13
5,82735E+0	1,41910E-12
5,83834E+0	1,02030E-12
5,84934E+0	2,66190E-12
5,86034E+0	2,60380E-12
5,87133E+0	2,68840E-12
5,88232E+0	1,87520E-12
5,89332E+0	2,11240E-12
5,90431E+0	5,33900E-13
5,91531E+0	1,33570E-12
5,92630E+0	1,92370E-12
5,93730E+0	2,79520E-12
5,94829E+0	3,19960E-12
5,95929E+0	2,05950E-12
5,97028E+0	1,66090E-12
5,98128E+0	9,24700E-13
5,99227E+0	1,88650E-12
6,00327E+0	1,42700E-12
6,01426E+0	1,65180E-12
6,02526E+0	1,53030E-12
6,03625E+0	2,07610E-12
6,04725E+0	1,05560E-12
6,05824E+0	8,21500E-13
6,06924E+0	1,87090E-12
6,08024E+0	1,30950E-12
6,09123E+0	9,73100E-13
6,10222E+0	1,68920E-12
6,11322E+0	2,67100E-12
6,12421E+0	2,99310E-12
6,13521E+0	2,11490E-12
6,14620E+0	9,20600E-13
6,15720E+0	2,93000E-12
6,16819E+0	3,20200E-13
6,17919E+0	1,53610E-12
6,19018E+0	2,53580E-12
6,20118E+0	2,71100E-12
6,21218E+0	1,75660E-12
6,22317E+0	2,27730E-12
6,23416E+0	3,20840E-12
6,24516E+0	1,72830E-12
6,25615E+0	2,00720E-12
6,26715E+0	1,59900E-12
6,27814E+0	1,30610E-12
6,28914E+0	1,86500E-12
6,30014E+0	2,18840E-12
6,31113E+0	3,28510E-12
6,32212E+0	1,34810E-12
6,33312E+0	1,28660E-12
6,34411E+0	2,07530E-12
6,35511E+0	1,83370E-12
6,36610E+0	2,96760E-12
6,37710E+0	1,45440E-12
6,38809E+0	1,83080E-12
6,39909E+0	2,35040E-12
6,41008E+0	2,13260E-12
6,42108E+0	1,11710E-12
6,43207E+0	1,08850E-12
6,44307E+0	2,70810E-12
6,45406E+0	2,42580E-12
6,46506E+0	2,75680E-12
6,47605E+0	1,83900E-12
6,48705E+0	3,53550E-12
6,49804E+0	3,04080E-12
6,50904E+0	4,90100E-12
6,52003E+0	1,99690E-12
6,53103E+0	3,11470E-12
6,54202E+0	1,35900E-12
6,55302E+0	1,01370E-12
6,56401E+0	2,89480E-12
6,57501E+0	2,95380E-12
6,58601E+0	2,55500E-12
6,59700E+0	3,48060E-12
6,60799E+0	2,58270E-12
6,61899E+0	2,83820E-12
6,62998E+0	3,12480E-12
6,64098E+0	3,65780E-12
6,65197E+0	1,94660E-12
6,66297E+0	3,90020E-12
6,67396E+0	4,40680E-12
6,68496E+0	2,87730E-12
6,69595E+0	2,95860E-12
6,70695E+0	2,00760E-12
6,71795E+0	3,82130E-12
6,72894E+0	2,01990E-12
6,73993E+0	2,57390E-12
6,75093E+0	1,11190E-12
6,76192E+0	8,65500E-13
6,77292E+0	2,48640E-12
6,78391E+0	3,15280E-12
6,79491E+0	2,17520E-12
6,80591E+0	2,63910E-12
6,81690E+0	2,49780E-12
6,82789E+0	4,78720E-12
6,83889E+0	5,45210E-12
6,84988E+0	2,84350E-12
6,86088E+0	1,77950E-12
6,87187E+0	1,32650E-12
6,88287E+0	5,32700E-13
6,89386E+0	3,16520E-12
6,90486E+0	2,10380E-12
6,91585E+0	3,22670E-12
6,92685E+0	2,62600E-12
6,93784E+0	3,76550E-12
6,94884E+0	2,69650E-12
6,95983E+0	3,29660E-12
6,97083E+0	2,92940E-12
6,98182E+0	2,53300E-12
6,99282E+0	3,51790E-12
7,00381E+0	3,57800E-12
7,01481E+0	4,84880E-12
7,02580E+0	4,20180E-12
7,03680E+0	2,43240E-12
7,04779E+0	2,94160E-12
7,05879E+0	3,38710E-12
7,06978E+0	2,78150E-12
7,08078E+0	5,79520E-12
7,09177E+0	4,44220E-12
7,10277E+0	4,49670E-12
7,11376E+0	2,47840E-12
7,12476E+0	4,23120E-12
7,13575E+0	3,48350E-12
7,14675E+0	2,74740E-12
7,15774E+0	3,78310E-12
7,16874E+0	3,90570E-12
7,17973E+0	3,98690E-12
7,19073E+0	3,30530E-12
7,20172E+0	5,35890E-12
7,21272E+0	5,73260E-12
7,22371E+0	2,96820E-12
7,23471E+0	3,61300E-12
7,24570E+0	5,35790E-12
7,25670E+0	4,92950E-12
7,26769E+0	2,27770E-12
7,27869E+0	3,67440E-12
7,28968E+0	5,34230E-12
7,30068E+0	5,54080E-12
7,31168E+0	5,62890E-12
7,32267E+0	4,84660E-12
7,33366E+0	2,38960E-12
7,34466E+0	5,32560E-12
7,35565E+0	3,63810E-12
7,36665E+0	3,87080E-12
7,37764E+0	4,80680E-12
7,38864E+0	5,25520E-12
7,39963E+0	4,62570E-12
7,41063E+0	6,20930E-12
7,42162E+0	5,12530E-12
7,43262E+0	2,16800E-12
7,44361E+0	3,30480E-12
7,45461E+0	3,45630E-12
7,46560E+0	4,72900E-12
7,47660E+0	3,87090E-12
7,48759E+0	4,04310E-12
7,49859E+0	5,74430E-12
7,50958E+0	3,06150E-12
7,52058E+0	4,27120E-12
7,53157E+0	2,09450E-12
7,54257E+0	3,81890E-12
7,55356E+0	2,94540E-12
7,56456E+0	3,12090E-12
7,57555E+0	7,36000E-12
7,58655E+0	6,32350E-12
7,59754E+0	6,45350E-12
7,60854E+0	4,55570E-12
7,61953E+0	5,02460E-12
7,63053E+0	2,84450E-12
7,64152E+0	3,00350E-12
7,65252E+0	3,37740E-12
7,66351E+0	2,92500E-12
7,67451E+0	3,78260E-12
7,68551E+0	3,67250E-12
7,69650E+0	3,94120E-12
7,70749E+0	3,44590E-12
7,71849E+0	4,17370E-12
7,72948E+0	1,30110E-12
7,74048E+0	4,52340E-12
7,75147E+0	6,03640E-12
7,76247E+0	3,10210E-12
7,77346E+0	2,06790E-12
7,78446E+0	2,47910E-12
7,79545E+0	3,91740E-12
7,80645E+0	3,57120E-12
7,81745E+0	4,34520E-12
7,82844E+0	4,15440E-12
7,83943E+0	2,81990E-12
7,85043E+0	3,90950E-12
7,86142E+0	2,32350E-12
7,87242E+0	4,09270E-12
7,88341E+0	4,48680E-12
7,89441E+0	3,74090E-12
7,90541E+0	6,42070E-12
7,91640E+0	3,91800E-12
7,92739E+0	3,43890E-12
7,93839E+0	3,14620E-12
7,94938E+0	2,25290E-12
7,96038E+0	3,75940E-12
7,97137E+0	5,99760E-12
7,98237E+0	3,50650E-12
7,99336E+0	4,01460E-12
8,00436E+0	5,98210E-12
8,01535E+0	4,56620E-12
8,02635E+0	2,21150E-12
8,03734E+0	3,57400E-12
8,04834E+0	4,30500E-12
8,05933E+0	7,07200E-12
8,07033E+0	4,29090E-12
8,08132E+0	5,11700E-12
8,09232E+0	2,58600E-12
8,10332E+0	5,78160E-12
8,11431E+0	5,05000E-12
8,12530E+0	2,51570E-12
8,13630E+0	2,30690E-12
8,14729E+0	3,28320E-12
8,15829E+0	3,71100E-12
8,16928E+0	4,01500E-12
8,18028E+0	5,57110E-12
8,19127E+0	3,18990E-12
8,20227E+0	4,08550E-12
8,21326E+0	6,34010E-12
8,22426E+0	4,07350E-12
8,23526E+0	3,96550E-12
8,24625E+0	3,18620E-12
8,25724E+0	4,50420E-12
8,26824E+0	5,29050E-12
8,27923E+0	4,01260E-12
8,29023E+0	4,01690E-12
8,30122E+0	4,01470E-12
8,31222E+0	3,38470E-12
8,32321E+0	4,28230E-12
8,33421E+0	4,81540E-12
8,34520E+0	5,71340E-12
8,35620E+0	5,78620E-12
8,36720E+0	4,25860E-12
8,37819E+0	2,11740E-12
8,38918E+0	4,59190E-12
8,40018E+0	4,96530E-12
8,41118E+0	3,88790E-12
8,42217E+0	6,04140E-12
8,43316E+0	4,10870E-12
8,44416E+0	2,65390E-12
8,45515E+0	4,82400E-12
8,46615E+0	5,02000E-12
8,47715E+0	6,46700E-12
8,48814E+0	6,09260E-12
8,49913E+0	5,62690E-12
8,51013E+0	5,82500E-12
8,52112E+0	6,86370E-12
8,53212E+0	7,86660E-12
8,54311E+0	2,99360E-12
8,55411E+0	5,15900E-12
8,56510E+0	4,82440E-12
8,57610E+0	4,52130E-12
8,58709E+0	4,34130E-12
8,59809E+0	4,59230E-12
8,60909E+0	6,39970E-12
8,62008E+0	6,15220E-12
8,63107E+0	3,78190E-12
8,64207E+0	4,63110E-12
8,65306E+0	4,96690E-12
8,66406E+0	6,76330E-12
8,67505E+0	7,29890E-12
8,68605E+0	4,44380E-12
8,69704E+0	4,86850E-12
8,70804E+0	7,09250E-12
8,71903E+0	6,66420E-12
8,73003E+0	4,08300E-12
8,74102E+0	6,09400E-12
8,75202E+0	8,33310E-12
8,76301E+0	7,52380E-12
8,77401E+0	6,04650E-12
8,78500E+0	5,91280E-12
8,79600E+0	3,52420E-12
8,80699E+0	4,94020E-12
8,81799E+0	4,33840E-12
8,82898E+0	7,74760E-12
8,83998E+0	6,70140E-12
8,85098E+0	5,04550E-12
8,86197E+0	7,72800E-12
8,87296E+0	9,14580E-12
8,88396E+0	9,17630E-12
8,89495E+0	7,53550E-12
8,90595E+0	7,10340E-12
8,91694E+0	6,70360E-12
8,92794E+0	8,78070E-12
8,93894E+0	8,76570E-12
8,94993E+0	9,50580E-12
8,96092E+0	9,33350E-12
8,97192E+0	7,17440E-12
8,98291E+0	5,46840E-12
8,99391E+0	8,05600E-12
9,00490E+0	8,68250E-12
9,01590E+0	7,50190E-12
9,02689E+0	8,23710E-12
9,03789E+0	6,27200E-12
9,04889E+0	7,99290E-12
9,05988E+0	6,89610E-12
9,07087E+0	8,74650E-12
9,08187E+0	7,04790E-12
9,09286E+0	4,47760E-12
9,10386E+0	6,33130E-12
9,11485E+0	8,78860E-12
9,12585E+0	1,12018E-11
9,13684E+0	6,10520E-12
9,14784E+0	6,86730E-12
9,15883E+0	8,18800E-12
9,16983E+0	9,62440E-12
9,18082E+0	9,00430E-12
9,19182E+0	1,16660E-11
9,20281E+0	7,59270E-12
9,21381E+0	8,73470E-12
9,22480E+0	8,38720E-12
9,23580E+0	1,02088E-11
9,24679E+0	1,08877E-11
9,25779E+0	1,17871E-11
9,26878E+0	7,63720E-12
9,27978E+0	7,12130E-12
9,29077E+0	1,22960E-11
9,30177E+0	8,30740E-12
9,31277E+0	9,98380E-12
9,32376E+0	1,25839E-11
9,33475E+0	1,14722E-11
9,34575E+0	9,15960E-12
9,35674E+0	1,30094E-11
9,36774E+0	1,07463E-11
9,37873E+0	1,21856E-11
9,38973E+0	1,21582E-11
9,40072E+0	1,12744E-11
9,41172E+0	1,10558E-11
9,42272E+0	1,13850E-11
9,43371E+0	1,26012E-11
9,44470E+0	1,31913E-11
9,45570E+0	1,09072E-11
9,46669E+0	1,08941E-11
9,47769E+0	1,22484E-11
9,48869E+0	1,38252E-11
9,49968E+0	1,21078E-11
9,51067E+0	1,52179E-11
9,52167E+0	1,83683E-11
9,53266E+0	1,88197E-11
9,54366E+0	1,22919E-11
9,55465E+0	1,43791E-11
9,56565E+0	1,68172E-11
9,57665E+0	1,67605E-11
9,58764E+0	1,98456E-11
9,59863E+0	1,60353E-11
9,60963E+0	1,85508E-11
9,62062E+0	1,67232E-11
9,62210E+0	1,93317E-11
9,63076E+0	2,11320E-11
9,63942E+0	2,45740E-11
9,64808E+0	2,06360E-11
9,65674E+0	2,47590E-11
9,66540E+0	2,85100E-11
9,67406E+0	2,10950E-11
9,68272E+0	2,07580E-11
9,69138E+0	2,62360E-11
9,70004E+0	2,22730E-11
9,70870E+0	2,62670E-11
9,71737E+0	2,45290E-11
9,72603E+0	2,48800E-11
9,73469E+0	2,41700E-11
9,74335E+0	2,44220E-11
9,75201E+0	2,58310E-11
9,76067E+0	2,62350E-11
9,76933E+0	2,67020E-11
9,77799E+0	2,54570E-11
9,78665E+0	2,59070E-11
9,79531E+0	2,37320E-11
9,80397E+0	2,12250E-11
9,81263E+0	2,20240E-11
9,82130E+0	2,24380E-11
9,82996E+0	2,33960E-11
9,83862E+0	2,39620E-11
9,84728E+0	2,55280E-11
9,85594E+0	2,60840E-11
9,86460E+0	2,36580E-11
9,87326E+0	2,04960E-11
9,88192E+0	2,37090E-11
9,89058E+0	2,24590E-11
9,89924E+0	2,24620E-11
9,90790E+0	2,41500E-11
9,91656E+0	1,73967E-11
9,92522E+0	1,60611E-11
9,93389E+0	2,36420E-11
9,94255E+0	2,06915E-11
9,95121E+0	1,58124E-11
9,95987E+0	1,87516E-11
9,96853E+0	1,67515E-11
9,97719E+0	2,02712E-11
9,98585E+0	1,68400E-11
9,99451E+0	1,82313E-11
1,00032E+1	1,89085E-11
1,00118E+1	1,85304E-11
1,00205E+1	1,74374E-11
1,00292E+1	1,84460E-11
1,00378E+1	1,78858E-11
1,00465E+1	1,63362E-11
1,00551E+1	1,90229E-11
1,00638E+1	1,98226E-11
1,00725E+1	1,70158E-11
1,00811E+1	1,79276E-11
1,00898E+1	1,82049E-11
1,00984E+1	1,67314E-11
1,01071E+1	1,71416E-11
1,01158E+1	1,99408E-11
1,01244E+1	2,00286E-11
1,01331E+1	1,81971E-11
1,01417E+1	1,65666E-11
1,01504E+1	1,71374E-11
1,01591E+1	1,83283E-11
1,01677E+1	1,67752E-11
1,01764E+1	1,71359E-11
1,01850E+1	2,05765E-11
1,01937E+1	1,83673E-11
1,02024E+1	2,07224E-11
1,02110E+1	1,91523E-11
1,02197E+1	1,61357E-11
1,02284E+1	1,84498E-11
1,02370E+1	1,87095E-11
1,02457E+1	1,77200E-11
1,02543E+1	2,06132E-11
1,02630E+1	1,76125E-11
1,02717E+1	1,78918E-11
1,02803E+1	2,04235E-11
1,02890E+1	1,83210E-11
1,02976E+1	2,11140E-11
1,03063E+1	1,70070E-11
1,03150E+1	2,16910E-11
1,03236E+1	2,21940E-11
1,03323E+1	1,83387E-11
1,03409E+1	1,80194E-11
1,03496E+1	2,07996E-11
1,03583E+1	2,02080E-11
1,03669E+1	2,09750E-11
1,03756E+1	1,96385E-11
1,03842E+1	1,69633E-11
1,03929E+1	1,62025E-11
1,04016E+1	2,01778E-11
1,04102E+1	2,00630E-11
1,04189E+1	2,08980E-11
1,04276E+1	2,16590E-11
1,04362E+1	2,45050E-11
1,04449E+1	2,38600E-11
1,04535E+1	2,05100E-11
1,04622E+1	2,53890E-11
1,04709E+1	2,47170E-11
1,04795E+1	2,24810E-11
1,04882E+1	2,44230E-11
1,04968E+1	2,08180E-11
1,05055E+1	2,14980E-11
1,05142E+1	2,34260E-11
1,05228E+1	2,05300E-11
1,05315E+1	2,37400E-11
1,05401E+1	2,27190E-11
1,05488E+1	2,11100E-11
1,05575E+1	2,08760E-11
1,05661E+1	2,73060E-11
1,05748E+1	2,81180E-11
1,05834E+1	2,40150E-11
1,05921E+1	2,04280E-11
1,06008E+1	2,26610E-11
1,06094E+1	2,74370E-11
1,06181E+1	2,26960E-11
1,06267E+1	2,58220E-11
1,06354E+1	2,60740E-11
1,06441E+1	2,74310E-11
1,06527E+1	2,75100E-11
1,06614E+1	2,99680E-11
1,06701E+1	3,04690E-11
1,06787E+1	2,74340E-11
1,06874E+1	2,65820E-11
1,06960E+1	2,75040E-11
1,07047E+1	2,99480E-11
1,07134E+1	2,75240E-11
1,07220E+1	2,07910E-11
1,07307E+1	2,31430E-11
1,07393E+1	2,07930E-11
1,07480E+1	2,42000E-11
1,07567E+1	2,46820E-11
1,07653E+1	2,64600E-11
1,07740E+1	2,50520E-11
1,07826E+1	2,31890E-11
1,07913E+1	2,03630E-11
1,08000E+1	2,68360E-11
1,08086E+1	2,63110E-11
1,08173E+1	2,67720E-11
1,08259E+1	2,72490E-11
1,08346E+1	2,76650E-11
1,08433E+1	2,81640E-11
1,08519E+1	2,46020E-11
1,08606E+1	2,50600E-11
1,08693E+1	3,09420E-11
1,08779E+1	2,41260E-11
1,08866E+1	2,45280E-11
1,08952E+1	2,63440E-11
1,09039E+1	2,68260E-11
1,09126E+1	2,66850E-11
1,09212E+1	2,49750E-11
1,09299E+1	2,47430E-11
1,09385E+1	2,69180E-11
1,09472E+1	2,37600E-11
1,09559E+1	2,67470E-11
1,09645E+1	3,02970E-11
1,09732E+1	2,97430E-11
1,09818E+1	3,04680E-11
1,09905E+1	2,66320E-11
1,09992E+1	2,94920E-11
1,10078E+1	2,18590E-11
1,10165E+1	2,53540E-11
1,10251E+1	2,42260E-11
1,10338E+1	2,49480E-11
1,10425E+1	3,06480E-11
1,10511E+1	3,06670E-11
1,10598E+1	2,72580E-11
1,10684E+1	2,78620E-11
1,10771E+1	2,54400E-11
1,10858E+1	3,00750E-11
1,10944E+1	3,43530E-11
1,11031E+1	3,21430E-11
1,11118E+1	3,05410E-11
1,11204E+1	3,24680E-11
1,11291E+1	2,89370E-11
1,11377E+1	2,89380E-11
1,11464E+1	3,00480E-11
1,11551E+1	2,85990E-11
1,11637E+1	3,43870E-11
1,11724E+1	2,89100E-11
1,11810E+1	2,95390E-11
1,11897E+1	3,01980E-11
1,11984E+1	3,06770E-11
1,12070E+1	3,30940E-11
1,12157E+1	3,19870E-11
1,12243E+1	2,35730E-11
1,12330E+1	2,82690E-11
1,12417E+1	2,43830E-11
1,12503E+1	2,85580E-11
1,12590E+1	3,03400E-11
1,12676E+1	3,46510E-11
1,12763E+1	2,85750E-11
1,12850E+1	3,07160E-11
1,12936E+1	3,24020E-11
1,13023E+1	3,06970E-11
1,13110E+1	3,67390E-11
1,13196E+1	3,28610E-11
1,13283E+1	3,44250E-11
1,13369E+1	3,16330E-11
1,13456E+1	3,03220E-11
1,13543E+1	2,85610E-11
1,13629E+1	3,36750E-11
1,13716E+1	3,44450E-11
1,13802E+1	3,22750E-11
1,13889E+1	3,47770E-11
1,13976E+1	3,19560E-11
1,14062E+1	3,28180E-11
1,14149E+1	3,32810E-11
1,14235E+1	3,13770E-11
1,14322E+1	3,29050E-11
1,14409E+1	3,56610E-11
1,14495E+1	3,21540E-11
1,14582E+1	3,57240E-11
1,14668E+1	3,39770E-11
1,14755E+1	4,03390E-11
1,14842E+1	3,86730E-11
1,14928E+1	3,66680E-11
1,15015E+1	3,58760E-11
1,15101E+1	3,91970E-11
1,15188E+1	3,60820E-11
1,15275E+1	3,34580E-11
1,15361E+1	3,33850E-11
1,15448E+1	3,21030E-11
1,15535E+1	3,57870E-11
1,15621E+1	3,89320E-11
1,15708E+1	3,62710E-11
1,15794E+1	4,08620E-11
1,15881E+1	4,26600E-11
1,15968E+1	3,59310E-11
1,16054E+1	2,96660E-11
1,16141E+1	3,44730E-11
1,16227E+1	3,85100E-11
1,16314E+1	4,02670E-11
1,16401E+1	3,80510E-11
1,16487E+1	4,32020E-11
1,16574E+1	3,84430E-11
1,16660E+1	4,08840E-11
1,16747E+1	4,39550E-11
1,16834E+1	3,88600E-11
1,16920E+1	4,70680E-11
1,17007E+1	3,83500E-11
1,17093E+1	3,80030E-11
1,17180E+1	4,25510E-11
1,17267E+1	4,89020E-11
1,17353E+1	4,05880E-11
1,17440E+1	3,97250E-11
1,17527E+1	4,66110E-11
1,17613E+1	4,88540E-11
1,17700E+1	4,90760E-11
1,17786E+1	4,44970E-11
1,17873E+1	4,15410E-11
1,17960E+1	4,49240E-11
1,18046E+1	4,66620E-11
1,18133E+1	4,41700E-11
1,18219E+1	4,85450E-11
1,18306E+1	5,17900E-11
1,18393E+1	4,50900E-11
1,18479E+1	4,05360E-11
1,18566E+1	4,48870E-11
1,18652E+1	4,98840E-11
1,18739E+1	4,60410E-11
1,18826E+1	4,98010E-11
1,18912E+1	4,78940E-11
1,18999E+1	4,93440E-11
1,19085E+1	4,70220E-11
1,19172E+1	5,32570E-11
1,19259E+1	5,28510E-11
1,19345E+1	5,05620E-11
1,19432E+1	5,37070E-11
1,19519E+1	5,40860E-11
1,19605E+1	4,88800E-11
1,19692E+1	4,19370E-11
1,19778E+1	5,10760E-11
1,19865E+1	5,24800E-11
1,19952E+1	5,37850E-11
1,20038E+1	4,73100E-11
1,20125E+1	4,60950E-11
1,20211E+1	5,09100E-11
1,20298E+1	4,43940E-11
1,20385E+1	5,02880E-11
1,20471E+1	5,17690E-11
1,20558E+1	4,61900E-11
1,20644E+1	4,64760E-11
1,20731E+1	5,03610E-11
1,20818E+1	5,81060E-11
1,20904E+1	5,70030E-11
1,20991E+1	5,96430E-11
1,21077E+1	4,66270E-11
1,21164E+1	5,25430E-11
1,21251E+1	6,15610E-11
1,21337E+1	5,76440E-11
1,21424E+1	5,22760E-11
1,21510E+1	4,97710E-11
1,21597E+1	5,53750E-11
1,21684E+1	4,62890E-11
1,21770E+1	4,80760E-11
1,21857E+1	4,60540E-11
1,21944E+1	5,42370E-11
1,22030E+1	5,42430E-11
1,22117E+1	5,27240E-11
1,22203E+1	5,02770E-11
1,22290E+1	5,79890E-11
1,22377E+1	5,50670E-11
1,22463E+1	5,26990E-11
1,22550E+1	5,04610E-11
1,22636E+1	5,42630E-11
1,22723E+1	6,14270E-11
1,22810E+1	5,53510E-11
1,22896E+1	6,02730E-11
1,22983E+1	5,41420E-11
1,23069E+1	5,83770E-11
1,23156E+1	5,73330E-11
1,23243E+1	5,38630E-11
1,23329E+1	6,09390E-11
1,23416E+1	5,55210E-11
1,23502E+1	6,04580E-11
1,23589E+1	5,70500E-11
1,23676E+1	5,86190E-11
1,23762E+1	5,77300E-11
1,23849E+1	5,78470E-11
1,23936E+1	6,09640E-11
1,24022E+1	5,96160E-11
1,24109E+1	5,93800E-11
1,24195E+1	5,85290E-11
1,24282E+1	5,39910E-11
1,24369E+1	6,27070E-11
1,24455E+1	6,42210E-11
1,24542E+1	6,19390E-11
1,24628E+1	6,86400E-11
1,24715E+1	6,20790E-11
1,24802E+1	6,10840E-11
1,24888E+1	5,58360E-11
1,24975E+1	6,72130E-11
1,25061E+1	6,21420E-11
1,25148E+1	6,11580E-11
1,25235E+1	6,97980E-11
1,25321E+1	6,32240E-11
1,25408E+1	7,36710E-11
1,25494E+1	6,15800E-11
1,25581E+1	6,11900E-11
1,25668E+1	5,70400E-11
1,25754E+1	6,14730E-11
1,25841E+1	7,39070E-11
1,25927E+1	6,92490E-11
1,26014E+1	6,99230E-11
1,26101E+1	7,64720E-11
1,26187E+1	6,38100E-11
1,26274E+1	7,25820E-11
1,26361E+1	6,74640E-11
1,26447E+1	7,50060E-11
1,26534E+1	7,36370E-11
1,26620E+1	6,97510E-11
1,26707E+1	6,92430E-11
1,26794E+1	6,91140E-11
1,26880E+1	6,61780E-11
1,26967E+1	6,65040E-11
1,27053E+1	7,23310E-11
1,27140E+1	7,30550E-11
1,27227E+1	6,95670E-11
1,27313E+1	6,45590E-11
1,27400E+1	7,72990E-11
1,27486E+1	7,68310E-11
1,27573E+1	7,52060E-11
1,27660E+1	7,51190E-11
1,27746E+1	7,35200E-11
1,27833E+1	7,69250E-11
1,27919E+1	8,34870E-11
1,28006E+1	7,63130E-11
1,28093E+1	7,54280E-11
1,28179E+1	8,03210E-11
1,28266E+1	7,32860E-11
1,28353E+1	7,44590E-11
1,28439E+1	7,80460E-11
1,28526E+1	8,29430E-11
1,28612E+1	7,61010E-11
1,28699E+1	7,98060E-11
1,28786E+1	7,46150E-11
1,28872E+1	7,76220E-11
1,28959E+1	7,50510E-11
1,29045E+1	8,15890E-11
1,29132E+1	7,66850E-11
1,29219E+1	7,94680E-11
1,29305E+1	8,29480E-11
1,29392E+1	8,26320E-11
1,29478E+1	8,61200E-11
1,29565E+1	8,69120E-11
1,29652E+1	7,73570E-11
1,29738E+1	8,92100E-11
1,29825E+1	8,41560E-11
1,29911E+1	8,27970E-11
1,29998E+1	7,83350E-11
1,30085E+1	8,14150E-11
1,30171E+1	8,81730E-11
1,30258E+1	9,00840E-11
1,30344E+1	9,27890E-11
1,30431E+1	8,65330E-11
1,30518E+1	8,36210E-11
1,30604E+1	8,84840E-11
1,30691E+1	8,48020E-11
1,30778E+1	9,09740E-11
1,30864E+1	9,29410E-11
1,30951E+1	9,26250E-11
1,31037E+1	8,37110E-11
1,31124E+1	9,92380E-11
1,31211E+1	9,21360E-11
1,31297E+1	8,63720E-11
1,31384E+1	9,35410E-11
1,31470E+1	9,29420E-11
1,31557E+1	9,54780E-11
1,31644E+1	9,87710E-11
1,31730E+1	1,03605E-10
1,31817E+1	1,00481E-10
1,31903E+1	1,04949E-10
1,31990E+1	1,04196E-10
1,32077E+1	1,03487E-10
1,32163E+1	1,01204E-10
1,32250E+1	1,13535E-10
1,32336E+1	1,05981E-10
1,32423E+1	1,01366E-10
1,32510E+1	1,05922E-10
1,32596E+1	1,10066E-10
1,32683E+1	1,16599E-10
1,32770E+1	1,02195E-10
1,32856E+1	1,00912E-10
1,32943E+1	1,10028E-10
1,33029E+1	1,00413E-10
1,33116E+1	1,10469E-10
1,33203E+1	1,11086E-10
1,33289E+1	1,18624E-10
1,33376E+1	1,20635E-10
1,33462E+1	1,15092E-10
1,33549E+1	1,09475E-10
1,33636E+1	1,11076E-10
1,33722E+1	1,22655E-10
1,33809E+1	1,22086E-10
1,33895E+1	1,13322E-10
1,33982E+1	1,12502E-10
1,34069E+1	1,10177E-10
1,34155E+1	1,18711E-10
1,34242E+1	1,19627E-10
1,34328E+1	1,07656E-10
1,34415E+1	1,15984E-10
1,34502E+1	1,11755E-10
1,34588E+1	1,18643E-10
1,34675E+1	1,12991E-10
1,34761E+1	1,21275E-10
1,34848E+1	1,15125E-10
1,34935E+1	1,01996E-10
1,35021E+1	1,22921E-10
1,35108E+1	1,04605E-10
1,35195E+1	1,09091E-10
1,35281E+1	1,21455E-10
1,35368E+1	1,14983E-10
1,35454E+1	1,05763E-10
1,35541E+1	1,09411E-10
1,35628E+1	1,02846E-10
1,35714E+1	1,18234E-10
1,35801E+1	1,12389E-10
1,35887E+1	1,10339E-10
1,35974E+1	1,06013E-10
1,36061E+1	1,12996E-10
1,36147E+1	1,11752E-10
1,36234E+1	1,05421E-10
1,36320E+1	1,11196E-10
1,36407E+1	1,11448E-10
1,36494E+1	1,07546E-10
1,36580E+1	1,15588E-10
1,36667E+1	1,11609E-10
1,36753E+1	1,13854E-10
1,36840E+1	1,02058E-10
1,36927E+1	1,13060E-10
1,37013E+1	1,08793E-10
1,37100E+1	1,10641E-10
1,37187E+1	1,05945E-10
1,37273E+1	1,15368E-10
1,37360E+1	1,12717E-10
1,37446E+1	1,15802E-10
1,37533E+1	1,20082E-10
1,37620E+1	1,20332E-10
1,37706E+1	1,21552E-10
1,37793E+1	1,24864E-10
1,37879E+1	1,13816E-10
1,37966E+1	1,22155E-10
1,38053E+1	1,20660E-10
1,38139E+1	1,21700E-10
1,38226E+1	1,24151E-10
1,38312E+1	1,29468E-10
1,38399E+1	1,24590E-10
1,38486E+1	1,28850E-10
1,38572E+1	1,29634E-10
1,38659E+1	1,36086E-10
1,38745E+1	1,39806E-10
1,38832E+1	1,36601E-10
1,38919E+1	1,28697E-10
1,39005E+1	1,41168E-10
1,39092E+1	1,43792E-10
1,39179E+1	1,47389E-10
1,39265E+1	1,37748E-10
1,39352E+1	1,47315E-10
1,39438E+1	1,44604E-10
1,39525E+1	1,53845E-10
1,39612E+1	1,50795E-10
1,39698E+1	1,51548E-10
1,39785E+1	1,61844E-10
1,39871E+1	1,54950E-10
1,39958E+1	1,55134E-10
1,40045E+1	1,64338E-10
1,40131E+1	1,67944E-10
1,40218E+1	1,57132E-10
1,40304E+1	1,61824E-10
1,40391E+1	1,69439E-10
1,40478E+1	1,72707E-10
1,40564E+1	1,67368E-10
1,40651E+1	1,67329E-10
1,40737E+1	1,81862E-10
1,40824E+1	1,87930E-10
1,40911E+1	1,90317E-10
1,40997E+1	1,85970E-10
1,41084E+1	1,86049E-10
1,41170E+1	1,70847E-10
1,41257E+1	1,65245E-10
1,41344E+1	1,72552E-10
1,41430E+1	1,71265E-10
1,41517E+1	1,69526E-10
1,41604E+1	1,61701E-10
1,41690E+1	1,62941E-10
1,41777E+1	1,57286E-10
1,41863E+1	1,52189E-10
1,41950E+1	1,55927E-10
1,42037E+1	1,41968E-10
1,42123E+1	1,40810E-10
1,42210E+1	1,34029E-10
1,42296E+1	1,33439E-10
1,42383E+1	1,34954E-10
1,42470E+1	1,26216E-10
1,42556E+1	1,26591E-10
1,42643E+1	1,25957E-10
1,42729E+1	1,26745E-10
1,42816E+1	1,11895E-10
1,42903E+1	1,25962E-10
1,42989E+1	1,18850E-10
1,43076E+1	1,23738E-10
1,43162E+1	1,10044E-10
1,43249E+1	1,14260E-10
1,43336E+1	1,15569E-10
1,43422E+1	1,11171E-10
1,43509E+1	1,15658E-10
1,43596E+1	1,19184E-10
1,43682E+1	1,22565E-10
1,43769E+1	1,30385E-10
1,43855E+1	1,35311E-10
1,43942E+1	1,30100E-10
1,44029E+1	1,48938E-10
1,44115E+1	1,49038E-10
1,44202E+1	1,57022E-10
1,44288E+1	1,68609E-10
1,44375E+1	1,78856E-10
1,44462E+1	1,80801E-10
1,44548E+1	1,92367E-10
1,44635E+1	2,32000E-10
1,44721E+1	2,25900E-10
1,44808E+1	2,31800E-10
1,44895E+1	2,25510E-10
1,44981E+1	2,26660E-10
1,45068E+1	2,47000E-10
1,45154E+1	2,23680E-10
1,45241E+1	2,33670E-10
1,45328E+1	2,49590E-10
1,45414E+1	2,50120E-10
1,45501E+1	2,23230E-10
1,45587E+1	2,47990E-10
1,45674E+1	2,19500E-10
1,45761E+1	1,19879E-10
1,45847E+1	1,75302E-10
1,45934E+1	1,82058E-10
1,46021E+1	1,69121E-10
1,46107E+1	1,56054E-10
1,46194E+1	1,42002E-10
1,46280E+1	1,37993E-10
1,46367E+1	1,11576E-10
1,46454E+1	9,37770E-11
1,46540E+1	8,51030E-11
1,46627E+1	7,04920E-11
1,46713E+1	6,67150E-11
1,46800E+1	5,68390E-11
1,46887E+1	4,26910E-11
1,46973E+1	3,32150E-11
1,47060E+1	3,09500E-11
1,47146E+1	2,65560E-11
1,47233E+1	2,32780E-11
1,47320E+1	1,62492E-11
1,47406E+1	1,66307E-11
1,47493E+1	1,71563E-11
1,47579E+1	9,42330E-12
1,47666E+1	9,68020E-12
1,47753E+1	7,39180E-12
1,47839E+1	4,96080E-12
1,47926E+1	6,29080E-12
1,48013E+1	4,36830E-12
1,48099E+1	2,41050E-12
1,48186E+1	2,75050E-12
1,48272E+1	2,72510E-12
1,48359E+1	2,12500E-12
1,48446E+1	2,76800E-13
1,48532E+1	6,14100E-13
1,48619E+1	1,30370E-12
1,48705E+1	3,77900E-13
1,48792E+1	-4,93000E-14
1,48879E+1	-4,59900E-13
1,48965E+1	-1,59500E-13
1,49052E+1	1,42000E-12
1,49138E+1	8,01400E-13
1,49225E+1	-2,83300E-13
1,49312E+1	-8,33100E-13
1,49398E+1	-9,43700E-13
1,49485E+1	-5,25900E-13
1,49571E+1	4,78600E-13
1,49658E+1	-1,69500E-13
1,49745E+1	-7,46300E-13
1,49831E+1	-9,52300E-13
1,49918E+1	-1,14550E-12
1,50004E+1	-1,74140E-12
1,50091E+1	-1,47500E-12
1,50178E+1	-1,57390E-12
1,50264E+1	-1,92900E-12
1,50351E+1	-1,15490E-12
1,50438E+1	-1,39750E-12
1,50524E+1	-1,63460E-12
1,50611E+1	-1,75580E-12
1,50697E+1	-1,78440E-12
1,50784E+1	-1,54040E-12
1,50871E+1	-1,70730E-12
1,50957E+1	-1,62730E-12
1,51044E+1	-1,50080E-12
1,51130E+1	-8,04300E-13
1,51217E+1	-1,82990E-12
1,51304E+1	-1,15380E-12
1,51390E+1	-1,48510E-12
1,51477E+1	-1,95190E-12
1,51563E+1	-2,23380E-12
1,51650E+1	-1,47790E-12
1,51737E+1	-1,90770E-12
1,51823E+1	-1,94350E-12
1,51910E+1	-1,36210E-12
1,51996E+1	-1,81680E-12
1,52083E+1	-1,40430E-12
1,52170E+1	-1,87850E-12
1,52256E+1	-2,24370E-12
1,52343E+1	-1,84230E-12
1,52430E+1	-2,04090E-12
1,52516E+1	-2,16770E-12
1,52603E+1	-1,89860E-12
1,52689E+1	-1,78980E-12
1,52776E+1	-2,12170E-12
1,52863E+1	-2,08030E-12
1,52949E+1	-1,73040E-12
1,53036E+1	-1,83750E-12
1,53122E+1	-2,12180E-12
1,53209E+1	-2,30930E-12
1,53296E+1	-2,16580E-12
1,53382E+1	-2,05700E-12
1,53469E+1	-1,57370E-12
1,53555E+1	-2,16840E-12
1,53642E+1	-2,22720E-12
1,53729E+1	-1,89050E-12
1,53815E+1	-2,20610E-12
1,53902E+1	-2,26860E-12
1,53988E+1	-2,38730E-12
1,54075E+1	-1,71200E-12
1,54162E+1	-2,00150E-12
1,54248E+1	-1,91340E-12
1,54335E+1	-1,32320E-12
1,54421E+1	-8,37600E-13
1,54508E+1	-1,37800E-12
1,54595E+1	-1,96410E-12
1,54681E+1	-2,05190E-12
1,54768E+1	-2,16010E-12
1,54855E+1	-1,99710E-12
