E, keV	I, A
2,00109E+0	-1,25330E-12
2,01208E+0	1,31920E-12
2,02308E+0	1,85000E-13
2,03408E+0	1,77400E-13
2,04507E+0	-5,77000E-14
2,05606E+0	8,05700E-13
2,06706E+0	1,84100E-13
2,07805E+0	-3,44100E-13
2,08905E+0	-8,00000E-14
2,10004E+0	1,05820E-12
2,11104E+0	3,91000E-14
2,12203E+0	2,02600E-13
2,13303E+0	-5,02000E-13
2,14402E+0	-8,22500E-13
2,15502E+0	2,31400E-13
2,16601E+0	3,28200E-13
2,17701E+0	-1,25230E-12
2,18800E+0	-1,11900E-12
2,19900E+0	-1,09110E-12
2,20999E+0	-1,25630E-12
2,22099E+0	-1,15920E-12
2,23198E+0	-1,39240E-12
2,24298E+0	-1,09510E-12
2,25397E+0	-1,32670E-12
2,26497E+0	-3,74400E-13
2,27596E+0	-3,42700E-13
2,28696E+0	-1,25520E-12
2,29795E+0	-1,15430E-12
2,30895E+0	-6,81500E-13
2,31994E+0	-1,09920E-12
2,33094E+0	-1,71810E-12
2,34193E+0	-1,41860E-12
2,35293E+0	-1,81850E-12
2,36392E+0	-1,52770E-12
2,37492E+0	-1,61680E-12
2,38591E+0	-1,19430E-12
2,39691E+0	-1,84990E-12
2,40790E+0	-1,43240E-12
2,41890E+0	-1,38340E-12
2,42989E+0	-1,22080E-12
2,44089E+0	-1,62890E-12
2,45188E+0	-1,72400E-12
2,46288E+0	-1,69080E-12
2,47387E+0	-1,03240E-12
2,48487E+0	-1,25040E-12
2,49586E+0	-1,23190E-12
2,50686E+0	-1,52770E-12
2,51785E+0	-1,51680E-12
2,52885E+0	-2,06360E-12
2,53984E+0	-1,79400E-12
2,55084E+0	-1,87510E-12
2,56183E+0	-1,95630E-12
2,57283E+0	-1,73680E-12
2,58383E+0	-1,85700E-12
2,59482E+0	-1,67270E-12
2,60581E+0	-1,88280E-12
2,61681E+0	-2,08130E-12
2,62780E+0	-2,02460E-12
2,63880E+0	-1,31700E-12
2,64980E+0	-1,26760E-12
2,66079E+0	-1,70710E-12
2,67178E+0	-1,88050E-12
2,68278E+0	-2,00820E-12
2,69378E+0	-2,10340E-12
2,70477E+0	-8,99000E-13
2,71577E+0	-1,14690E-12
2,72676E+0	-2,00320E-12
2,73775E+0	-1,80200E-12
2,74875E+0	-2,06340E-12
2,75974E+0	-2,01070E-12
2,77074E+0	-8,66200E-13
2,78173E+0	-1,75240E-12
2,79273E+0	-1,71600E-12
2,80372E+0	-2,20440E-12
2,81472E+0	-1,41010E-12
2,82571E+0	-1,61160E-12
2,83671E+0	-1,57480E-12
2,84770E+0	-1,98110E-12
2,85870E+0	-2,08220E-12
2,86969E+0	-1,65140E-12
2,88069E+0	-1,55660E-12
2,89168E+0	-1,79390E-12
2,90268E+0	-2,15810E-12
2,91367E+0	-1,94070E-12
2,92467E+0	-2,19040E-12
2,93566E+0	-1,35790E-12
2,94666E+0	-2,13730E-12
2,95765E+0	-1,57030E-12
2,96865E+0	-1,73680E-12
2,97964E+0	-1,99740E-12
2,99064E+0	-1,57720E-12
3,00163E+0	-2,19300E-12
3,01263E+0	-1,49570E-12
3,02363E+0	-1,84710E-12
3,03462E+0	-2,01920E-12
3,04561E+0	-1,76190E-12
3,05661E+0	-1,40890E-12
3,06760E+0	-1,82840E-12
3,07860E+0	-2,04920E-12
3,08959E+0	-1,75940E-12
3,10059E+0	-1,15070E-12
3,11158E+0	-1,26490E-12
3,12258E+0	-2,03700E-12
3,13357E+0	-9,82700E-13
3,14457E+0	-1,53520E-12
3,15556E+0	-1,30710E-12
3,16656E+0	-1,66430E-12
3,17755E+0	-1,35530E-12
3,18855E+0	-1,64930E-12
3,19955E+0	-1,80060E-12
3,21054E+0	-1,68000E-12
3,22153E+0	-1,61090E-12
3,23253E+0	-1,75030E-12
3,24352E+0	-1,91160E-12
3,25452E+0	-1,87710E-12
3,26552E+0	-1,65590E-12
3,27651E+0	-1,85130E-12
3,28750E+0	-8,70300E-13
3,29850E+0	-1,68140E-12
3,30949E+0	-1,88570E-12
3,32049E+0	-1,25720E-12
3,33148E+0	-1,93750E-12
3,34248E+0	-1,39150E-12
3,35347E+0	-1,62840E-12
3,36447E+0	-1,26240E-12
3,37546E+0	-1,42400E-12
3,38646E+0	-2,18550E-12
3,39745E+0	-1,43430E-12
3,40845E+0	-1,74000E-12
3,41944E+0	-1,28090E-12
3,43044E+0	-1,23430E-12
3,44143E+0	-1,15570E-12
3,45243E+0	-1,36100E-12
3,46342E+0	-1,53360E-12
3,47442E+0	-1,46010E-12
3,48541E+0	-9,80900E-13
3,49641E+0	-8,67700E-13
3,50740E+0	-1,61800E-12
3,51840E+0	-1,50750E-12
3,52939E+0	-1,35080E-12
3,54039E+0	-1,39750E-12
3,55138E+0	-1,46520E-12
3,56238E+0	-9,39600E-13
3,57337E+0	-1,57760E-12
3,58437E+0	-1,54320E-12
3,59536E+0	-1,66750E-12
3,60636E+0	-1,62180E-12
3,61735E+0	-1,21580E-12
3,62835E+0	-1,90040E-12
3,63934E+0	-1,99180E-12
3,65034E+0	-1,63960E-12
3,66133E+0	-1,80400E-12
3,67233E+0	-1,64960E-12
3,68332E+0	-5,04200E-13
3,69432E+0	-1,61410E-12
3,70531E+0	3,70000E-14
3,71631E+0	-8,00100E-13
3,72730E+0	-1,19590E-12
3,73830E+0	-1,34590E-12
3,74930E+0	-1,40640E-12
3,76029E+0	-1,70740E-12
3,77128E+0	-1,11060E-12
3,78228E+0	-1,39220E-12
3,79327E+0	-1,64970E-12
3,80427E+0	-1,10720E-12
3,81527E+0	-4,85200E-13
3,82626E+0	-1,41880E-12
3,83725E+0	-2,05830E-12
3,84825E+0	-2,14870E-12
3,85924E+0	-1,74260E-12
3,87024E+0	-1,59510E-12
3,88123E+0	-1,35480E-12
3,89223E+0	-2,12460E-12
3,90322E+0	-9,99500E-13
3,91422E+0	-9,68500E-13
3,92521E+0	-1,44040E-12
3,93621E+0	-1,58250E-12
3,94720E+0	-1,98450E-12
3,95820E+0	-1,35660E-12
3,96919E+0	-2,83100E-13
3,98019E+0	-1,41670E-12
3,99118E+0	-1,94780E-12
4,00218E+0	-1,48010E-12
4,01317E+0	-7,73600E-13
4,02417E+0	7,89300E-13
4,03516E+0	-1,01390E-12
4,04616E+0	-1,00440E-12
4,05715E+0	-1,36070E-12
4,06815E+0	-6,79100E-13
4,07914E+0	-6,88900E-13
4,09014E+0	-1,71410E-12
4,10113E+0	-1,78130E-12
4,11213E+0	-1,55810E-12
4,12312E+0	-8,32300E-13
4,13412E+0	-1,01030E-12
4,14511E+0	-1,29650E-12
4,15611E+0	-1,31100E-12
4,16710E+0	-8,55900E-13
4,17810E+0	-8,75800E-13
4,18910E+0	-1,13290E-12
4,20009E+0	-7,17000E-14
4,21108E+0	-1,15830E-12
4,22208E+0	-9,36300E-13
4,23307E+0	-1,40050E-12
4,24407E+0	-1,48920E-12
4,25507E+0	-1,67950E-12
4,26606E+0	-1,16500E-12
4,27705E+0	-1,35100E-12
4,28805E+0	-1,57870E-12
4,29904E+0	-1,67240E-12
4,31004E+0	-1,67030E-12
4,32104E+0	-1,25920E-12
4,33203E+0	-1,79250E-12
4,34302E+0	-1,39610E-12
4,35402E+0	-1,44870E-12
4,36501E+0	-1,59420E-12
4,37601E+0	-1,34000E-12
4,38701E+0	-9,93700E-13
4,39800E+0	-1,17440E-12
4,40899E+0	-1,72170E-12
4,41999E+0	-4,36700E-13
4,43098E+0	-1,35780E-12
4,44198E+0	-4,07200E-13
4,45297E+0	3,30000E-14
4,46397E+0	-8,36900E-13
4,47497E+0	-5,14600E-13
4,48596E+0	-1,14310E-12
4,49695E+0	-1,18910E-12
4,50795E+0	-5,70000E-15
4,51895E+0	9,23000E-14
4,52994E+0	-1,88500E-13
4,54093E+0	-3,68600E-13
4,55193E+0	-1,09120E-12
4,56292E+0	1,96500E-13
4,57392E+0	-1,79000E-14
4,58491E+0	-8,30100E-13
4,59591E+0	-7,88700E-13
4,60691E+0	-7,81700E-13
4,61790E+0	-7,92700E-13
4,62889E+0	-1,06630E-12
4,63989E+0	-9,63400E-13
4,65088E+0	-1,25900E-12
4,66188E+0	-5,76600E-13
4,67287E+0	1,52600E-13
4,68387E+0	-1,18770E-12
4,69486E+0	2,21000E-14
4,70586E+0	-7,11900E-13
4,71685E+0	3,45300E-13
4,72785E+0	1,88900E-13
4,73884E+0	6,96200E-13
4,74984E+0	1,55700E-12
4,76084E+0	1,46610E-12
4,77183E+0	5,35000E-13
4,78282E+0	1,81400E-12
4,79382E+0	1,14070E-12
4,80481E+0	3,12850E-12
4,81581E+0	1,09010E-12
4,82680E+0	2,32770E-12
4,83780E+0	1,25290E-12
4,84879E+0	9,04800E-13
4,85979E+0	4,95600E-13
4,87078E+0	-4,96000E-13
4,88178E+0	-5,84700E-13
4,89277E+0	-8,26000E-14
4,90377E+0	4,76000E-14
4,91476E+0	-6,80800E-13
4,92576E+0	6,39800E-13
4,93675E+0	1,84460E-12
4,94775E+0	1,33900E-13
4,95874E+0	8,51300E-13
4,96974E+0	1,11460E-12
4,98074E+0	-1,00200E-13
4,99173E+0	-3,78200E-13
5,00272E+0	-7,85400E-13
5,01372E+0	6,68900E-13
5,02471E+0	9,70000E-14
5,03571E+0	-1,83400E-13
5,04670E+0	4,47900E-13
5,05770E+0	8,14500E-13
5,06869E+0	2,67100E-13
5,07969E+0	1,93000E-13
5,09068E+0	5,42800E-13
5,10168E+0	-5,59700E-13
5,11268E+0	-5,15900E-13
5,12367E+0	-4,49900E-13
5,13466E+0	-3,49000E-13
5,14566E+0	1,81700E-13
5,15665E+0	5,94600E-13
5,16765E+0	1,41900E-13
5,17864E+0	-1,21200E-13
5,18964E+0	-7,63000E-13
5,20064E+0	2,43000E-13
5,21163E+0	8,84400E-13
5,22262E+0	5,33100E-13
5,23362E+0	-6,93500E-13
5,24461E+0	2,66000E-14
5,25561E+0	2,37000E-12
5,26660E+0	7,09000E-13
5,27760E+0	1,32550E-12
5,28859E+0	1,89950E-12
5,29959E+0	8,75400E-13
5,31058E+0	-3,32700E-13
5,32158E+0	6,77800E-13
5,33257E+0	8,85900E-13
5,34357E+0	8,37700E-13
5,35457E+0	-3,97300E-13
5,36556E+0	6,05300E-13
5,37655E+0	5,42400E-13
5,38755E+0	1,81340E-12
5,39854E+0	8,55500E-13
5,40954E+0	7,42800E-13
5,42053E+0	-5,73000E-14
5,43153E+0	-1,30000E-14
5,44252E+0	8,05700E-13
5,45352E+0	1,17200E-13
5,46451E+0	1,45500E-13
5,47551E+0	1,51700E-13
5,48651E+0	-5,24100E-13
5,49750E+0	3,04200E-13
5,50849E+0	6,11400E-13
5,51949E+0	1,18150E-12
5,53048E+0	2,04900E-13
5,54148E+0	-1,67000E-13
5,55247E+0	1,85500E-12
5,56347E+0	2,15600E-13
5,57447E+0	1,91330E-12
5,58546E+0	2,56650E-12
5,59645E+0	2,58390E-12
5,60745E+0	2,69670E-12
5,61845E+0	3,25520E-12
5,62944E+0	1,01280E-12
5,64043E+0	1,95000E-12
5,65143E+0	1,54370E-12
5,66242E+0	1,48760E-12
5,67342E+0	3,00750E-12
5,68441E+0	2,97830E-12
5,69541E+0	1,50120E-12
5,70641E+0	1,46660E-12
5,71740E+0	2,24370E-12
5,72839E+0	2,47780E-12
5,73939E+0	1,43140E-12
5,75038E+0	9,03500E-13
5,76138E+0	2,34460E-12
5,77237E+0	2,94390E-12
5,78337E+0	2,12330E-12
5,79436E+0	2,94770E-12
5,80536E+0	3,27620E-12
5,81635E+0	5,50820E-12
5,82735E+0	2,58370E-12
5,83834E+0	4,76030E-12
5,84934E+0	2,82080E-12
5,86034E+0	2,22820E-12
5,87133E+0	2,23470E-12
5,88232E+0	2,69130E-12
5,89332E+0	2,01910E-12
5,90431E+0	3,28730E-12
5,91531E+0	1,14980E-12
5,92630E+0	1,23890E-12
5,93730E+0	2,67630E-12
5,94829E+0	2,49260E-12
5,95929E+0	1,72340E-12
5,97028E+0	1,82220E-12
5,98128E+0	2,46310E-12
5,99227E+0	1,68540E-12
6,00327E+0	3,17700E-12
6,01426E+0	1,64090E-12
6,02526E+0	1,37630E-12
6,03625E+0	1,83280E-12
6,04725E+0	2,04830E-12
6,05824E+0	3,32980E-12
6,06924E+0	4,03650E-12
6,08024E+0	2,40900E-12
6,09123E+0	1,22500E-12
6,10222E+0	2,76390E-12
6,11322E+0	1,84130E-12
6,12421E+0	3,16550E-12
6,13521E+0	1,45090E-12
6,14620E+0	6,17200E-13
6,15720E+0	3,76470E-12
6,16819E+0	2,97240E-12
6,17919E+0	1,51960E-12
6,19018E+0	1,91750E-12
6,20118E+0	2,27910E-12
6,21218E+0	2,99810E-12
6,22317E+0	2,42620E-12
6,23416E+0	1,90310E-12
6,24516E+0	2,97970E-12
6,25615E+0	1,81150E-12
6,26715E+0	3,77940E-12
6,27814E+0	3,89650E-12
6,28914E+0	4,38980E-12
6,30014E+0	3,41900E-12
6,31113E+0	4,03120E-12
6,32212E+0	3,35530E-12
6,33312E+0	3,77770E-12
6,34411E+0	3,15060E-12
6,35511E+0	3,06000E-12
6,36610E+0	2,04030E-12
6,37710E+0	2,11660E-12
6,38809E+0	3,12900E-12
6,39909E+0	2,28730E-12
6,41008E+0	8,24500E-13
6,42108E+0	1,34080E-12
6,43207E+0	2,84450E-12
6,44307E+0	3,53440E-12
6,45406E+0	2,38130E-12
6,46506E+0	1,89490E-12
6,47605E+0	5,20860E-12
6,48705E+0	3,60640E-12
6,49804E+0	1,95200E-12
6,50904E+0	3,23510E-12
6,52003E+0	1,20470E-12
6,53103E+0	3,89780E-12
6,54202E+0	2,45850E-12
6,55302E+0	2,11700E-12
6,56401E+0	3,94680E-12
6,57501E+0	2,98100E-12
6,58601E+0	4,41390E-12
6,59700E+0	4,68760E-12
6,60799E+0	2,65950E-12
6,61899E+0	4,94550E-12
6,62998E+0	6,79370E-12
6,64098E+0	2,75580E-12
6,65197E+0	3,61410E-12
6,66297E+0	4,84670E-12
6,67396E+0	3,65910E-12
6,68496E+0	3,86500E-12
6,69595E+0	2,56590E-12
6,70695E+0	2,50620E-12
6,71795E+0	4,89790E-12
6,72894E+0	3,35930E-12
6,73993E+0	5,84680E-12
6,75093E+0	4,66610E-12
6,76192E+0	4,34150E-12
6,77292E+0	2,57820E-12
6,78391E+0	3,38170E-12
6,79491E+0	2,40810E-12
6,80591E+0	1,86430E-12
6,81690E+0	2,50310E-12
6,82789E+0	3,09890E-12
6,83889E+0	1,81040E-12
6,84988E+0	3,98470E-12
6,86088E+0	1,87520E-12
6,87187E+0	4,24280E-12
6,88287E+0	3,20880E-12
6,89386E+0	3,71550E-12
6,90486E+0	3,88960E-12
6,91585E+0	5,31450E-12
6,92685E+0	2,07420E-12
6,93784E+0	6,00520E-12
6,94884E+0	3,31950E-12
6,95983E+0	3,88360E-12
6,97083E+0	3,61250E-12
6,98182E+0	3,73340E-12
6,99282E+0	4,47210E-12
7,00381E+0	4,93570E-12
7,01481E+0	3,40700E-12
7,02580E+0	4,85350E-12
7,03680E+0	5,35870E-12
7,04779E+0	5,66080E-12
7,05879E+0	6,68320E-12
7,06978E+0	5,98000E-12
7,08078E+0	4,24620E-12
7,09177E+0	6,05430E-12
7,10277E+0	7,65690E-12
7,11376E+0	4,11830E-12
7,12476E+0	4,15320E-12
7,13575E+0	5,66930E-12
7,14675E+0	4,49860E-12
7,15774E+0	4,67200E-12
7,16874E+0	4,50140E-12
7,17973E+0	4,09820E-12
7,19073E+0	4,43160E-12
7,20172E+0	7,11290E-12
7,21272E+0	4,70310E-12
7,22371E+0	3,40500E-12
7,23471E+0	4,97500E-12
7,24570E+0	4,75590E-12
7,25670E+0	6,61150E-12
7,26769E+0	4,96870E-12
7,27869E+0	4,15610E-12
7,28968E+0	5,41620E-12
7,30068E+0	5,02270E-12
7,31168E+0	3,20770E-12
7,32267E+0	5,54430E-12
7,33366E+0	4,70240E-12
7,34466E+0	4,39140E-12
7,35565E+0	2,95350E-12
7,36665E+0	3,06560E-12
7,37764E+0	6,93010E-12
7,38864E+0	3,13070E-12
7,39963E+0	3,62820E-12
7,41063E+0	4,25230E-12
7,42162E+0	5,57740E-12
7,43262E+0	3,97500E-12
7,44361E+0	3,40480E-12
7,45461E+0	3,80900E-12
7,46560E+0	3,19480E-12
7,47660E+0	2,03620E-12
7,48759E+0	4,27160E-12
7,49859E+0	4,85600E-12
7,50958E+0	3,74500E-12
7,52058E+0	4,98960E-12
7,53157E+0	2,39430E-12
7,54257E+0	4,57490E-12
7,55356E+0	4,21070E-12
7,56456E+0	4,03770E-12
7,57555E+0	4,32240E-12
7,58655E+0	1,78590E-12
7,59754E+0	4,53090E-12
7,60854E+0	3,37700E-12
7,61953E+0	2,84700E-12
7,63053E+0	4,77440E-12
7,64152E+0	2,59370E-12
7,65252E+0	2,51020E-12
7,66351E+0	3,59990E-12
7,67451E+0	1,51600E-12
7,68551E+0	3,48450E-12
7,69650E+0	3,26350E-12
7,70749E+0	6,58950E-12
7,71849E+0	2,07260E-12
7,72948E+0	3,07800E-12
7,74048E+0	2,12040E-12
7,75147E+0	3,83760E-12
7,76247E+0	5,39180E-12
7,77346E+0	4,11620E-12
7,78446E+0	4,14320E-12
7,79545E+0	2,25420E-12
7,80645E+0	5,71730E-12
7,81745E+0	5,21950E-12
7,82844E+0	2,12250E-12
7,83943E+0	1,63610E-12
7,85043E+0	2,59950E-12
7,86142E+0	4,92640E-12
7,87242E+0	6,42610E-12
7,88341E+0	2,20510E-12
7,89441E+0	5,63290E-12
7,90541E+0	4,67110E-12
7,91640E+0	1,96240E-12
7,92739E+0	4,28650E-12
7,93839E+0	5,22680E-12
7,94938E+0	5,15960E-12
7,96038E+0	4,94090E-12
7,97137E+0	3,33600E-12
7,98237E+0	4,91270E-12
7,99336E+0	3,78930E-12
8,00436E+0	4,03640E-12
8,01535E+0	4,81240E-12
8,02635E+0	3,14870E-12
8,03734E+0	6,28880E-12
8,04834E+0	4,80500E-12
8,05933E+0	4,74240E-12
8,07033E+0	4,54030E-12
8,08132E+0	5,57990E-12
8,09232E+0	4,96030E-12
8,10332E+0	4,97500E-12
8,11431E+0	6,06640E-12
8,12530E+0	2,51740E-12
8,13630E+0	3,35980E-12
8,14729E+0	8,80880E-12
8,15829E+0	4,64300E-12
8,16928E+0	4,14250E-12
8,18028E+0	6,87160E-12
8,19127E+0	5,14750E-12
8,20227E+0	4,05330E-12
8,21326E+0	6,08490E-12
8,22426E+0	4,24410E-12
8,23526E+0	3,89430E-12
8,24625E+0	4,81020E-12
8,25724E+0	4,73500E-12
8,26824E+0	7,46140E-12
8,27923E+0	8,89210E-12
8,29023E+0	5,63430E-12
8,30122E+0	7,78110E-12
8,31222E+0	4,07060E-12
8,32321E+0	2,44740E-12
8,33421E+0	6,60600E-12
8,34520E+0	3,72730E-12
8,35620E+0	7,09470E-12
8,36720E+0	3,95340E-12
8,37819E+0	4,31910E-12
8,38918E+0	8,86930E-12
8,40018E+0	5,67110E-12
8,41118E+0	3,19740E-12
8,42217E+0	4,23570E-12
8,43316E+0	5,76770E-12
8,44416E+0	8,72250E-12
8,45515E+0	5,96200E-12
8,46615E+0	7,73280E-12
8,47715E+0	4,46120E-12
8,48814E+0	2,74780E-12
8,49913E+0	3,75190E-12
8,51013E+0	6,01010E-12
8,52112E+0	5,57360E-12
8,53212E+0	7,74500E-12
8,54311E+0	6,20450E-12
8,55411E+0	6,09430E-12
8,56510E+0	6,25010E-12
8,57610E+0	5,11940E-12
8,58709E+0	8,18110E-12
8,59809E+0	6,12840E-12
8,60909E+0	6,98460E-12
8,62008E+0	5,89530E-12
8,63107E+0	6,15000E-12
8,64207E+0	6,09960E-12
8,65306E+0	7,17520E-12
8,66406E+0	8,23810E-12
8,67505E+0	6,89550E-12
8,68605E+0	5,31100E-12
8,69704E+0	6,97660E-12
8,70804E+0	6,90460E-12
8,71903E+0	6,49590E-12
8,73003E+0	6,63610E-12
8,74102E+0	7,55730E-12
8,75202E+0	9,78890E-12
8,76301E+0	5,43710E-12
8,77401E+0	8,09800E-12
8,78500E+0	1,27627E-11
8,79600E+0	6,24240E-12
8,80699E+0	3,82920E-12
8,81799E+0	9,07180E-12
8,82898E+0	8,79070E-12
8,83998E+0	7,41540E-12
8,85098E+0	6,41440E-12
8,86197E+0	6,78780E-12
8,87296E+0	7,45840E-12
8,88396E+0	6,91050E-12
8,89495E+0	9,82080E-12
8,90595E+0	7,57470E-12
8,91694E+0	7,45290E-12
8,92794E+0	9,90440E-12
8,93894E+0	1,02479E-11
8,94993E+0	8,84920E-12
8,96092E+0	9,43800E-12
8,97192E+0	7,61700E-12
8,98291E+0	6,31610E-12
8,99391E+0	6,54910E-12
9,00490E+0	8,41000E-12
9,01590E+0	8,43190E-12
9,02689E+0	8,46550E-12
9,03789E+0	1,41122E-11
9,04889E+0	1,09761E-11
9,05988E+0	8,41590E-12
9,07087E+0	5,89590E-12
9,08187E+0	1,04888E-11
9,09286E+0	7,58600E-12
9,10386E+0	9,67130E-12
9,11485E+0	8,49990E-12
9,12585E+0	8,73480E-12
9,13684E+0	9,50900E-12
9,14784E+0	7,05200E-12
9,15883E+0	9,07040E-12
9,16983E+0	1,02765E-11
9,18082E+0	8,81210E-12
9,19182E+0	9,74080E-12
9,20281E+0	8,14800E-12
9,21381E+0	1,00164E-11
9,22480E+0	1,17089E-11
9,23580E+0	8,65020E-12
9,24679E+0	1,08810E-11
9,25779E+0	9,94980E-12
9,26878E+0	1,29997E-11
9,27978E+0	9,90780E-12
9,29077E+0	1,19341E-11
9,30177E+0	1,53002E-11
9,31277E+0	1,25587E-11
9,32376E+0	1,15289E-11
9,33475E+0	1,40584E-11
9,34575E+0	1,10825E-11
9,35674E+0	1,17079E-11
9,36774E+0	1,30043E-11
9,37873E+0	1,25404E-11
9,38973E+0	1,03855E-11
9,40072E+0	1,29740E-11
9,41172E+0	1,41437E-11
9,42272E+0	1,14723E-11
9,43371E+0	1,43338E-11
9,44470E+0	1,33897E-11
9,45570E+0	1,03689E-11
9,46669E+0	1,71118E-11
9,47769E+0	1,53189E-11
9,48869E+0	1,69226E-11
9,49968E+0	1,86953E-11
9,51067E+0	1,59442E-11
9,52167E+0	1,59305E-11
9,53266E+0	1,87302E-11
9,54366E+0	1,57630E-11
9,55465E+0	1,79616E-11
9,56565E+0	2,04304E-11
9,57665E+0	2,02795E-11
9,58764E+0	2,21300E-11
9,59863E+0	2,16730E-11
9,60963E+0	2,28780E-11
9,62062E+0	2,92730E-11
9,62210E+0	2,33240E-11
9,63076E+0	2,49980E-11
9,63942E+0	2,42810E-11
9,64808E+0	3,09320E-11
9,65674E+0	2,81620E-11
9,66540E+0	3,57670E-11
9,67406E+0	3,41160E-11
9,68272E+0	3,17480E-11
9,69138E+0	3,74340E-11
9,70004E+0	3,13770E-11
9,70870E+0	3,57270E-11
9,71737E+0	3,36120E-11
9,72603E+0	3,14190E-11
9,73469E+0	3,47730E-11
9,74335E+0	3,63320E-11
9,75201E+0	3,67310E-11
9,76067E+0	3,93940E-11
9,76933E+0	3,67420E-11
9,77799E+0	3,82310E-11
9,78665E+0	3,84840E-11
9,79531E+0	3,68440E-11
9,80397E+0	3,37460E-11
9,81263E+0	3,40800E-11
9,82130E+0	3,65150E-11
9,82996E+0	2,73100E-11
9,83862E+0	2,88950E-11
9,84728E+0	2,96560E-11
9,85594E+0	2,78640E-11
9,86460E+0	2,87560E-11
9,87326E+0	2,59450E-11
9,88192E+0	2,72310E-11
9,89058E+0	2,67440E-11
9,89924E+0	2,83620E-11
9,90790E+0	2,55480E-11
9,91656E+0	2,41850E-11
9,92522E+0	2,04650E-11
9,93389E+0	2,34780E-11
9,94255E+0	2,57340E-11
9,95121E+0	2,64890E-11
9,95987E+0	2,36530E-11
9,96853E+0	2,46110E-11
9,97719E+0	2,22380E-11
9,98585E+0	2,26330E-11
9,99451E+0	2,14570E-11
1,00032E+1	2,60000E-11
1,00118E+1	2,13810E-11
1,00205E+1	2,27980E-11
1,00292E+1	2,29050E-11
1,00378E+1	2,32110E-11
1,00465E+1	2,12660E-11
1,00551E+1	1,67200E-11
1,00638E+1	2,04150E-11
1,00725E+1	2,40470E-11
1,00811E+1	2,20280E-11
1,00898E+1	2,08680E-11
1,00984E+1	2,11770E-11
1,01071E+1	2,01480E-11
1,01158E+1	2,05070E-11
1,01244E+1	1,82858E-11
1,01331E+1	2,34640E-11
1,01417E+1	2,25570E-11
1,01504E+1	2,04310E-11
1,01591E+1	2,01541E-11
1,01677E+1	2,43830E-11
1,01764E+1	2,09950E-11
1,01850E+1	2,58390E-11
1,01937E+1	2,36340E-11
1,02024E+1	2,35500E-11
1,02110E+1	2,23030E-11
1,02197E+1	2,59320E-11
1,02284E+1	2,26360E-11
1,02370E+1	2,43010E-11
1,02457E+1	2,36410E-11
1,02543E+1	2,31690E-11
1,02630E+1	2,09780E-11
1,02717E+1	2,03360E-11
1,02803E+1	2,32560E-11
1,02890E+1	2,20440E-11
1,02976E+1	2,25240E-11
1,03063E+1	2,42090E-11
1,03150E+1	2,23260E-11
1,03236E+1	2,33740E-11
1,03323E+1	2,74220E-11
1,03409E+1	2,66940E-11
1,03496E+1	2,53480E-11
1,03583E+1	2,41490E-11
1,03669E+1	2,25030E-11
1,03756E+1	2,11540E-11
1,03842E+1	2,45870E-11
1,03929E+1	2,65550E-11
1,04016E+1	2,36630E-11
1,04102E+1	2,09450E-11
1,04189E+1	2,39480E-11
1,04276E+1	2,87190E-11
1,04362E+1	2,52940E-11
1,04449E+1	2,98410E-11
1,04535E+1	3,03980E-11
1,04622E+1	2,86990E-11
1,04709E+1	2,80690E-11
1,04795E+1	2,54430E-11
1,04882E+1	2,59470E-11
1,04968E+1	2,28400E-11
1,05055E+1	2,66370E-11
1,05142E+1	2,61050E-11
1,05228E+1	2,24570E-11
1,05315E+1	2,51780E-11
1,05401E+1	2,61650E-11
1,05488E+1	2,82280E-11
1,05575E+1	2,65580E-11
1,05661E+1	3,16640E-11
1,05748E+1	2,68420E-11
1,05834E+1	3,28950E-11
1,05921E+1	3,22440E-11
1,06008E+1	2,98810E-11
1,06094E+1	2,95940E-11
1,06181E+1	3,14250E-11
1,06267E+1	2,64670E-11
1,06354E+1	2,77400E-11
1,06441E+1	2,55490E-11
1,06527E+1	2,92290E-11
1,06614E+1	2,99590E-11
1,06701E+1	2,62450E-11
1,06787E+1	3,16050E-11
1,06874E+1	3,46380E-11
1,06960E+1	3,45230E-11
1,07047E+1	2,98740E-11
1,07134E+1	2,76200E-11
1,07220E+1	2,86350E-11
1,07307E+1	2,82770E-11
1,07393E+1	3,05220E-11
1,07480E+1	3,65190E-11
1,07567E+1	2,90490E-11
1,07653E+1	2,75860E-11
1,07740E+1	2,87160E-11
1,07826E+1	3,12690E-11
1,07913E+1	3,01780E-11
1,08000E+1	3,09050E-11
1,08086E+1	3,23390E-11
1,08173E+1	2,85340E-11
1,08259E+1	2,97870E-11
1,08346E+1	2,87740E-11
1,08433E+1	2,51810E-11
1,08519E+1	2,85960E-11
1,08606E+1	2,97700E-11
1,08693E+1	2,39340E-11
1,08779E+1	3,13810E-11
1,08866E+1	3,10920E-11
1,08952E+1	3,30020E-11
1,09039E+1	3,95740E-11
1,09126E+1	3,20270E-11
1,09212E+1	3,90420E-11
1,09299E+1	3,05330E-11
1,09385E+1	2,73510E-11
1,09472E+1	2,60520E-11
1,09559E+1	3,63180E-11
1,09645E+1	3,17670E-11
1,09732E+1	3,04460E-11
1,09818E+1	3,02190E-11
1,09905E+1	3,05110E-11
1,09992E+1	2,83440E-11
1,10078E+1	3,45280E-11
1,10165E+1	3,57100E-11
1,10251E+1	3,32320E-11
1,10338E+1	3,49970E-11
1,10425E+1	3,32530E-11
1,10511E+1	3,58160E-11
1,10598E+1	2,99320E-11
1,10684E+1	3,33990E-11
1,10771E+1	3,30720E-11
1,10858E+1	3,54100E-11
1,10944E+1	3,31230E-11
1,11031E+1	4,04670E-11
1,11118E+1	3,39990E-11
1,11204E+1	3,78020E-11
1,11291E+1	3,20690E-11
1,11377E+1	3,38590E-11
1,11464E+1	3,70870E-11
1,11551E+1	3,11820E-11
1,11637E+1	3,72310E-11
1,11724E+1	3,32510E-11
1,11810E+1	3,37920E-11
1,11897E+1	3,35050E-11
1,11984E+1	3,52940E-11
1,12070E+1	3,69390E-11
1,12157E+1	3,36410E-11
1,12243E+1	3,46520E-11
1,12330E+1	3,40200E-11
1,12417E+1	3,39630E-11
1,12503E+1	3,42160E-11
1,12590E+1	3,14870E-11
1,12676E+1	3,74270E-11
1,12763E+1	3,92250E-11
1,12850E+1	3,75280E-11
1,12936E+1	3,74490E-11
1,13023E+1	4,17060E-11
1,13110E+1	3,87170E-11
1,13196E+1	3,38740E-11
1,13283E+1	3,95880E-11
1,13369E+1	3,56540E-11
1,13456E+1	4,33590E-11
1,13543E+1	4,07600E-11
1,13629E+1	5,04060E-11
1,13716E+1	3,85970E-11
1,13802E+1	4,05750E-11
1,13889E+1	4,50900E-11
1,13976E+1	4,08800E-11
1,14062E+1	4,00280E-11
1,14149E+1	3,59110E-11
1,14235E+1	3,82760E-11
1,14322E+1	4,54140E-11
1,14409E+1	4,44530E-11
1,14495E+1	4,76770E-11
1,14582E+1	3,68330E-11
1,14668E+1	3,78550E-11
1,14755E+1	4,32070E-11
1,14842E+1	4,35000E-11
1,14928E+1	4,27580E-11
1,15015E+1	4,33330E-11
1,15101E+1	4,15540E-11
1,15188E+1	4,46120E-11
1,15275E+1	4,45890E-11
1,15361E+1	4,99040E-11
1,15448E+1	4,46950E-11
1,15535E+1	4,83060E-11
1,15621E+1	4,04330E-11
1,15708E+1	4,01590E-11
1,15794E+1	4,32510E-11
1,15881E+1	4,67700E-11
1,15968E+1	4,79440E-11
1,16054E+1	4,89380E-11
1,16141E+1	4,73410E-11
1,16227E+1	4,57310E-11
1,16314E+1	4,32960E-11
1,16401E+1	4,81400E-11
1,16487E+1	4,61560E-11
1,16574E+1	5,26010E-11
1,16660E+1	5,66220E-11
1,16747E+1	4,63360E-11
1,16834E+1	4,42840E-11
1,16920E+1	5,16510E-11
1,17007E+1	5,00470E-11
1,17093E+1	5,77380E-11
1,17180E+1	5,06480E-11
1,17267E+1	4,38100E-11
1,17353E+1	4,20420E-11
1,17440E+1	5,41870E-11
1,17527E+1	4,98690E-11
1,17613E+1	4,92190E-11
1,17700E+1	5,33090E-11
1,17786E+1	4,76920E-11
1,17873E+1	5,21680E-11
1,17960E+1	5,49250E-11
1,18046E+1	5,49710E-11
1,18133E+1	5,44310E-11
1,18219E+1	5,92270E-11
1,18306E+1	5,42380E-11
1,18393E+1	5,50890E-11
1,18479E+1	5,63540E-11
1,18566E+1	6,33410E-11
1,18652E+1	5,57550E-11
1,18739E+1	5,16050E-11
1,18826E+1	6,01970E-11
1,18912E+1	5,47970E-11
1,18999E+1	5,64400E-11
1,19085E+1	5,56110E-11
1,19172E+1	5,41540E-11
1,19259E+1	5,40480E-11
1,19345E+1	5,64460E-11
1,19432E+1	5,48610E-11
1,19519E+1	6,05010E-11
1,19605E+1	5,89750E-11
1,19692E+1	5,97360E-11
1,19778E+1	6,89550E-11
1,19865E+1	5,88050E-11
1,19952E+1	5,97130E-11
1,20038E+1	6,06200E-11
1,20125E+1	5,92540E-11
1,20211E+1	5,99300E-11
1,20298E+1	5,76100E-11
1,20385E+1	6,41920E-11
1,20471E+1	5,98170E-11
1,20558E+1	5,97840E-11
1,20644E+1	6,22030E-11
1,20731E+1	5,61810E-11
1,20818E+1	5,86820E-11
1,20904E+1	6,08850E-11
1,20991E+1	5,35960E-11
1,21077E+1	5,66050E-11
1,21164E+1	6,40630E-11
1,21251E+1	6,31100E-11
1,21337E+1	6,16410E-11
1,21424E+1	6,50610E-11
1,21510E+1	6,58560E-11
1,21597E+1	6,61870E-11
1,21684E+1	5,91600E-11
1,21770E+1	5,85670E-11
1,21857E+1	6,04420E-11
1,21944E+1	7,05160E-11
1,22030E+1	6,24380E-11
1,22117E+1	6,10170E-11
1,22203E+1	6,35510E-11
1,22290E+1	6,64660E-11
1,22377E+1	6,81100E-11
1,22463E+1	6,81800E-11
1,22550E+1	6,72570E-11
1,22636E+1	6,97800E-11
1,22723E+1	6,57960E-11
1,22810E+1	5,99310E-11
1,22896E+1	7,05280E-11
1,22983E+1	6,51460E-11
1,23069E+1	6,69380E-11
1,23156E+1	5,95300E-11
1,23243E+1	6,22280E-11
1,23329E+1	7,16850E-11
1,23416E+1	6,74100E-11
1,23502E+1	7,18630E-11
1,23589E+1	7,15760E-11
1,23676E+1	7,61700E-11
1,23762E+1	7,63380E-11
1,23849E+1	7,79280E-11
1,23936E+1	7,55830E-11
1,24022E+1	7,62290E-11
1,24109E+1	7,56440E-11
1,24195E+1	7,60780E-11
1,24282E+1	6,92660E-11
1,24369E+1	7,62520E-11
1,24455E+1	7,23990E-11
1,24542E+1	7,07280E-11
1,24628E+1	7,56660E-11
1,24715E+1	7,28480E-11
1,24802E+1	7,95630E-11
1,24888E+1	6,55560E-11
1,24975E+1	7,39550E-11
1,25061E+1	7,88360E-11
1,25148E+1	7,57130E-11
1,25235E+1	8,09740E-11
1,25321E+1	8,02430E-11
1,25408E+1	8,45130E-11
1,25494E+1	8,02930E-11
1,25581E+1	8,08660E-11
1,25668E+1	8,19890E-11
1,25754E+1	8,51770E-11
1,25841E+1	8,20460E-11
1,25927E+1	8,55700E-11
1,26014E+1	8,97050E-11
1,26101E+1	8,14750E-11
1,26187E+1	8,37530E-11
1,26274E+1	8,13580E-11
1,26361E+1	7,93570E-11
1,26447E+1	9,32450E-11
1,26534E+1	8,27280E-11
1,26620E+1	9,43170E-11
1,26707E+1	8,39970E-11
1,26794E+1	8,61250E-11
1,26880E+1	8,44620E-11
1,26967E+1	8,09400E-11
1,27053E+1	7,98810E-11
1,27140E+1	9,00790E-11
1,27227E+1	9,11050E-11
1,27313E+1	9,71400E-11
1,27400E+1	9,25070E-11
1,27486E+1	8,51340E-11
1,27573E+1	9,06820E-11
1,27660E+1	9,71520E-11
1,27746E+1	9,19230E-11
1,27833E+1	9,24100E-11
1,27919E+1	9,69180E-11
1,28006E+1	8,77280E-11
1,28093E+1	9,21880E-11
1,28179E+1	9,72630E-11
1,28266E+1	1,00670E-10
1,28353E+1	9,53490E-11
1,28439E+1	9,42320E-11
1,28526E+1	9,78240E-11
1,28612E+1	1,00901E-10
1,28699E+1	1,08805E-10
1,28786E+1	1,05190E-10
1,28872E+1	1,07424E-10
1,28959E+1	1,03132E-10
1,29045E+1	1,02286E-10
1,29132E+1	1,11920E-10
1,29219E+1	1,04827E-10
1,29305E+1	1,03752E-10
1,29392E+1	1,06890E-10
1,29478E+1	1,05569E-10
1,29565E+1	1,07966E-10
1,29652E+1	1,13401E-10
1,29738E+1	1,16535E-10
1,29825E+1	1,16339E-10
1,29911E+1	1,15782E-10
1,29998E+1	1,15009E-10
1,30085E+1	1,16789E-10
1,30171E+1	1,14626E-10
1,30258E+1	1,11913E-10
1,30344E+1	1,13375E-10
1,30431E+1	1,20146E-10
1,30518E+1	1,10650E-10
1,30604E+1	1,18493E-10
1,30691E+1	1,17942E-10
1,30778E+1	1,07631E-10
1,30864E+1	1,15266E-10
1,30951E+1	1,22652E-10
1,31037E+1	1,25910E-10
1,31124E+1	1,26820E-10
1,31211E+1	1,27321E-10
1,31297E+1	1,26787E-10
1,31384E+1	1,29331E-10
1,31470E+1	1,16445E-10
1,31557E+1	1,29033E-10
1,31644E+1	1,24991E-10
1,31730E+1	1,26327E-10
1,31817E+1	1,37103E-10
1,31903E+1	1,28931E-10
1,31990E+1	1,33539E-10
1,32077E+1	1,46105E-10
1,32163E+1	1,41237E-10
1,32250E+1	1,36892E-10
1,32336E+1	1,38362E-10
1,32423E+1	1,40548E-10
1,32510E+1	1,40958E-10
1,32596E+1	1,49333E-10
1,32683E+1	1,45910E-10
1,32770E+1	1,46885E-10
1,32856E+1	1,47998E-10
1,32943E+1	1,51322E-10
1,33029E+1	1,50125E-10
1,33116E+1	1,51594E-10
1,33203E+1	1,46146E-10
1,33289E+1	1,57639E-10
1,33376E+1	1,44524E-10
1,33462E+1	1,58969E-10
1,33549E+1	1,63674E-10
1,33636E+1	1,60204E-10
1,33722E+1	1,64016E-10
1,33809E+1	1,63782E-10
1,33895E+1	1,61515E-10
1,33982E+1	1,59798E-10
1,34069E+1	1,57220E-10
1,34155E+1	1,57395E-10
1,34242E+1	1,51792E-10
1,34328E+1	1,51040E-10
1,34415E+1	1,55644E-10
1,34502E+1	1,64823E-10
1,34588E+1	1,65745E-10
1,34675E+1	1,70400E-10
1,34761E+1	1,59812E-10
1,34848E+1	1,47837E-10
1,34935E+1	1,50856E-10
1,35021E+1	1,62990E-10
1,35108E+1	1,56874E-10
1,35195E+1	1,49405E-10
1,35281E+1	1,62233E-10
1,35368E+1	1,52162E-10
1,35454E+1	1,53333E-10
1,35541E+1	1,46872E-10
1,35628E+1	1,51461E-10
1,35714E+1	1,41998E-10
1,35801E+1	1,51944E-10
1,35887E+1	1,45027E-10
1,35974E+1	1,59338E-10
1,36061E+1	1,41728E-10
1,36147E+1	1,56936E-10
1,36234E+1	1,61397E-10
1,36320E+1	1,53982E-10
1,36407E+1	1,59315E-10
1,36494E+1	1,55538E-10
1,36580E+1	1,57676E-10
1,36667E+1	1,52533E-10
1,36753E+1	1,53642E-10
1,36840E+1	1,57212E-10
1,36927E+1	1,55278E-10
1,37013E+1	1,53008E-10
1,37100E+1	1,58338E-10
1,37187E+1	1,56354E-10
1,37273E+1	1,58340E-10
1,37360E+1	1,62420E-10
1,37446E+1	1,62223E-10
1,37533E+1	1,68706E-10
1,37620E+1	1,75044E-10
1,37706E+1	1,60571E-10
1,37793E+1	1,75338E-10
1,37879E+1	1,54519E-10
1,37966E+1	1,71182E-10
1,38053E+1	1,66715E-10
1,38139E+1	1,77666E-10
1,38226E+1	1,70644E-10
1,38312E+1	1,89960E-10
1,38399E+1	1,84161E-10
1,38486E+1	1,92364E-10
1,38572E+1	1,90200E-10
1,38659E+1	1,83355E-10
1,38745E+1	2,04409E-10
1,38832E+1	1,92901E-10
1,38919E+1	2,05105E-10
1,39005E+1	2,09040E-10
1,39092E+1	1,20254E-10
1,39179E+1	1,90539E-10
1,39265E+1	2,00820E-10
1,39352E+1	1,34007E-10
1,39438E+1	2,02400E-10
1,39525E+1	2,16460E-10
1,39612E+1	2,45180E-10
1,39698E+1	2,51330E-10
1,39785E+1	2,00330E-10
1,39871E+1	2,33840E-10
1,39958E+1	2,63300E-10
1,40045E+1	2,42470E-10
1,40131E+1	2,55000E-10
1,40218E+1	2,37700E-10
1,40304E+1	2,21060E-10
1,40391E+1	2,45870E-10
1,40478E+1	2,91810E-10
1,40564E+1	2,65030E-10
1,40651E+1	2,87890E-10
1,40737E+1	2,81240E-10
1,40824E+1	2,76900E-10
1,40911E+1	2,61020E-10
1,40997E+1	2,56670E-10
1,41084E+1	2,50620E-10
1,41170E+1	3,04330E-10
1,41257E+1	2,71740E-10
1,41344E+1	2,51950E-10
1,41430E+1	3,00890E-10
1,41517E+1	2,40190E-10
1,41604E+1	2,58770E-10
1,41690E+1	2,48440E-10
1,41777E+1	2,59050E-10
1,41863E+1	2,28910E-10
1,41950E+1	1,41231E-10
1,42037E+1	2,16480E-10
1,42123E+1	2,31160E-10
1,42210E+1	1,26105E-10
1,42296E+1	2,01342E-10
1,42383E+1	2,07551E-10
1,42470E+1	1,86028E-10
1,42556E+1	1,82340E-10
1,42643E+1	1,76394E-10
1,42729E+1	1,79264E-10
1,42816E+1	1,79001E-10
1,42903E+1	1,68578E-10
1,42989E+1	1,58391E-10
1,43076E+1	1,64818E-10
1,43162E+1	1,65821E-10
1,43249E+1	1,62819E-10
1,43336E+1	1,60796E-10
1,43422E+1	1,59333E-10
1,43509E+1	1,65796E-10
1,43596E+1	1,68170E-10
1,43682E+1	1,77594E-10
1,43769E+1	1,92305E-10
1,43855E+1	1,90731E-10
1,43942E+1	2,01490E-10
1,44029E+1	2,24110E-10
1,44115E+1	2,39630E-10
1,44202E+1	2,52930E-10
1,44288E+1	2,65200E-10
1,44375E+1	2,90300E-10
1,44462E+1	2,88160E-10
1,44548E+1	2,95260E-10
1,44635E+1	3,28080E-10
1,44721E+1	3,23910E-10
1,44808E+1	3,89130E-10
1,44895E+1	3,82840E-10
1,44981E+1	3,21040E-10
1,45068E+1	3,97600E-10
1,45154E+1	3,64890E-10
1,45241E+1	3,78410E-10
1,45328E+1	3,81050E-10
1,45414E+1	3,25640E-10
1,45501E+1	3,11610E-10
1,45587E+1	3,21310E-10
1,45674E+1	3,73870E-10
1,45761E+1	3,03720E-10
1,45847E+1	3,05180E-10
1,45934E+1	2,76480E-10
1,46021E+1	2,17150E-10
1,46107E+1	2,52330E-10
1,46194E+1	1,32258E-10
1,46280E+1	1,82732E-10
1,46367E+1	1,80808E-10
1,46454E+1	1,65935E-10
1,46540E+1	1,41206E-10
1,46627E+1	1,25250E-10
1,46713E+1	1,14120E-10
1,46800E+1	8,78940E-11
1,46887E+1	7,78120E-11
1,46973E+1	5,91190E-11
1,47060E+1	5,31730E-11
1,47146E+1	4,43670E-11
1,47233E+1	4,20770E-11
1,47320E+1	3,06180E-11
1,47406E+1	2,50270E-11
1,47493E+1	1,74670E-11
1,47579E+1	1,32644E-11
1,47666E+1	1,22595E-11
1,47753E+1	1,13462E-11
1,47839E+1	8,98650E-12
1,47926E+1	8,18000E-12
1,48013E+1	5,15570E-12
1,48099E+1	4,98250E-12
1,48186E+1	3,10430E-12
1,48272E+1	3,02190E-12
1,48359E+1	3,55940E-12
1,48446E+1	1,87320E-12
1,48532E+1	1,44730E-12
1,48619E+1	2,12100E-12
1,48705E+1	1,81370E-12
1,48792E+1	1,50610E-12
1,48879E+1	4,22600E-13
1,48965E+1	3,15700E-13
1,49052E+1	8,55000E-14
1,49138E+1	-4,84400E-13
1,49225E+1	-3,19000E-13
1,49312E+1	-5,50000E-14
1,49398E+1	7,07800E-13
1,49485E+1	6,04600E-13
1,49571E+1	-2,96000E-13
1,49658E+1	-1,22380E-12
1,49745E+1	-5,31900E-13
1,49831E+1	-9,33300E-13
1,49918E+1	-7,44300E-13
1,50004E+1	-8,85000E-13
1,50091E+1	-5,42900E-13
1,50178E+1	-1,19320E-12
1,50264E+1	-9,08800E-13
1,50351E+1	-1,48330E-12
1,50438E+1	-1,31010E-12
1,50524E+1	-1,59800E-12
1,50611E+1	-1,20940E-12
1,50697E+1	1,62100E-13
1,50784E+1	-8,49300E-13
1,50871E+1	-1,24220E-12
1,50957E+1	-1,85320E-12
1,51044E+1	-1,28970E-12
1,51130E+1	-1,22160E-12
1,51217E+1	-2,00570E-12
1,51304E+1	-1,73080E-12
1,51390E+1	-2,09870E-12
1,51477E+1	-2,16130E-12
1,51563E+1	-1,09160E-12
1,51650E+1	-1,17030E-12
1,51737E+1	-1,78190E-12
1,51823E+1	-1,99750E-12
1,51910E+1	-1,48800E-12
1,51996E+1	-1,82040E-12
1,52083E+1	-1,78070E-12
1,52170E+1	-1,91200E-12
1,52256E+1	-4,80100E-13
1,52343E+1	-1,28650E-12
1,52430E+1	-1,46050E-12
1,52516E+1	-1,74030E-12
1,52603E+1	-1,91020E-12
1,52689E+1	-2,19780E-12
1,52776E+1	-1,54720E-12
1,52863E+1	-1,73130E-12
1,52949E+1	-1,89060E-12
1,53036E+1	-1,07790E-12
1,53122E+1	-1,56760E-12
1,53209E+1	-2,29810E-12
1,53296E+1	-1,86530E-12
1,53382E+1	-2,11590E-12
1,53469E+1	-1,96650E-12
1,53555E+1	-2,05940E-12
1,53642E+1	-1,91460E-12
1,53729E+1	-2,04530E-12
1,53815E+1	-2,20440E-12
1,53902E+1	-2,07510E-12
1,53988E+1	-1,25780E-12
1,54075E+1	-2,01990E-12
1,54162E+1	-2,12960E-12
1,54248E+1	-2,14680E-12
1,54335E+1	-2,16640E-12
1,54421E+1	-1,34060E-12
1,54508E+1	-1,87860E-12
1,54595E+1	-1,53530E-12
1,54681E+1	-1,87560E-12
1,54768E+1	-1,77140E-12
1,54855E+1	-1,72140E-12
