E, keV	I, A
2,00109E+0	-4,03350E-12
2,01208E+0	-2,60220E-12
2,02308E+0	-2,20900E-12
2,03408E+0	-2,35040E-12
2,04507E+0	-1,67660E-12
2,05606E+0	-1,84800E-12
2,06706E+0	-1,77340E-12
2,07805E+0	-2,24950E-12
2,08905E+0	-2,09470E-12
2,10004E+0	-1,99020E-12
2,11104E+0	-1,98150E-12
2,12203E+0	-2,04540E-12
2,13303E+0	-1,95470E-12
2,14402E+0	-1,61900E-12
2,15502E+0	-1,62920E-12
2,16601E+0	-1,95220E-12
2,17701E+0	-1,89670E-12
2,18800E+0	-2,11490E-12
2,19900E+0	-2,02650E-12
2,20999E+0	-1,68160E-12
2,22099E+0	-2,19790E-12
2,23198E+0	-2,05280E-12
2,24298E+0	-1,81320E-12
2,25397E+0	-2,07940E-12
2,26497E+0	-1,99160E-12
2,27596E+0	-2,14870E-12
2,28696E+0	-1,90470E-12
2,29795E+0	-1,33910E-12
2,30895E+0	-1,23020E-12
2,31994E+0	-1,63190E-12
2,33094E+0	-1,65970E-12
2,34193E+0	-1,38610E-12
2,35293E+0	-1,75370E-12
2,36392E+0	-1,77480E-12
2,37492E+0	-1,97770E-12
2,38591E+0	-2,07260E-12
2,39691E+0	-1,76370E-12
2,40790E+0	-2,30970E-12
2,41890E+0	-2,01450E-12
2,42989E+0	-1,41170E-12
2,44089E+0	-1,22870E-12
2,45188E+0	-2,03420E-12
2,46288E+0	-2,02640E-12
2,47387E+0	-2,13230E-12
2,48487E+0	-2,34060E-12
2,49586E+0	-2,30020E-12
2,50686E+0	-2,02230E-12
2,51785E+0	-1,72620E-12
2,52885E+0	-1,96950E-12
2,53984E+0	-1,87330E-12
2,55084E+0	-1,28740E-12
2,56183E+0	-1,69980E-12
2,57283E+0	-1,93120E-12
2,58383E+0	-1,94290E-12
2,59482E+0	-2,24690E-12
2,60581E+0	-1,86040E-12
2,61681E+0	-2,22280E-12
2,62780E+0	-1,87350E-12
2,63880E+0	-1,85140E-12
2,64980E+0	-1,82610E-12
2,66079E+0	-2,01490E-12
2,67178E+0	-2,22020E-12
2,68278E+0	-7,96100E-13
2,69378E+0	-6,63500E-13
2,70477E+0	-1,79690E-12
2,71577E+0	-1,80620E-12
2,72676E+0	-1,35800E-12
2,73775E+0	-1,13350E-12
2,74875E+0	-1,48340E-12
2,75974E+0	-1,43760E-12
2,77074E+0	-1,17760E-12
2,78173E+0	-1,64680E-12
2,79273E+0	-6,75900E-13
2,80372E+0	-1,12270E-12
2,81472E+0	-8,98800E-13
2,82571E+0	-5,94900E-13
2,83671E+0	-2,03940E-12
2,84770E+0	-2,07250E-12
2,85870E+0	-1,65950E-12
2,86969E+0	-1,70310E-12
2,88069E+0	-5,32600E-13
2,89168E+0	-1,23470E-12
2,90268E+0	-1,15060E-12
2,91367E+0	-1,58530E-12
2,92467E+0	-1,03130E-12
2,93566E+0	-1,98300E-13
2,94666E+0	-1,34240E-12
2,95765E+0	-1,14750E-12
2,96865E+0	-1,60110E-12
2,97964E+0	-1,65180E-12
2,99064E+0	-1,49550E-12
3,00163E+0	-1,92690E-12
3,01263E+0	-1,77010E-12
3,02363E+0	-1,54820E-12
3,03462E+0	-1,78410E-12
3,04561E+0	-1,02680E-12
3,05661E+0	-8,81500E-13
3,06760E+0	-1,33620E-12
3,07860E+0	-9,35600E-13
3,08959E+0	-1,05800E-12
3,10059E+0	-1,25140E-12
3,11158E+0	9,92000E-14
3,12258E+0	-8,01000E-13
3,13357E+0	-1,31530E-12
3,14457E+0	-6,27100E-13
3,15556E+0	-4,56700E-13
3,16656E+0	-7,53900E-13
3,17755E+0	-8,76800E-13
3,18855E+0	-8,19600E-13
3,19955E+0	-1,05980E-12
3,21054E+0	-1,17670E-12
3,22153E+0	-6,99400E-13
3,23253E+0	-1,55520E-12
3,24352E+0	-7,29700E-13
3,25452E+0	-1,19030E-12
3,26552E+0	-2,65800E-13
3,27651E+0	7,44000E-13
3,28750E+0	-7,58600E-13
3,29850E+0	2,93400E-13
3,30949E+0	-1,26700E-13
3,32049E+0	-8,49800E-13
3,33148E+0	-1,17670E-12
3,34248E+0	-4,75900E-13
3,35347E+0	-6,89200E-13
3,36447E+0	3,70600E-13
3,37546E+0	5,17200E-13
3,38646E+0	-9,67000E-14
3,39745E+0	-3,08100E-13
3,40845E+0	-3,72000E-13
3,41944E+0	2,45100E-13
3,43044E+0	3,09300E-13
3,44143E+0	-1,51600E-13
3,45243E+0	-2,25000E-13
3,46342E+0	-9,53900E-13
3,47442E+0	3,49900E-13
3,48541E+0	5,88100E-13
3,49641E+0	-5,63300E-13
3,50740E+0	7,00000E-15
3,51840E+0	-1,68100E-13
3,52939E+0	-2,02000E-13
3,54039E+0	-4,49000E-13
3,55138E+0	-3,83300E-13
3,56238E+0	-9,82800E-13
3,57337E+0	4,26800E-13
3,58437E+0	-8,38100E-13
3,59536E+0	-9,37400E-13
3,60636E+0	2,91300E-13
3,61735E+0	2,79000E-14
3,62835E+0	7,53600E-13
3,63934E+0	-6,01000E-14
3,65034E+0	-2,72400E-13
3,66133E+0	8,03000E-13
3,67233E+0	8,36000E-13
3,68332E+0	3,63100E-13
3,69432E+0	1,21000E-14
3,70531E+0	-1,04000E-14
3,71631E+0	-1,30740E-12
3,72730E+0	1,23300E-13
3,73830E+0	4,02400E-13
3,74930E+0	5,64300E-13
3,76029E+0	-2,03900E-13
3,77128E+0	1,24730E-12
3,78228E+0	2,38800E-13
3,79327E+0	-6,29200E-13
3,80427E+0	1,93500E-13
3,81527E+0	1,02800E-13
3,82626E+0	3,73900E-13
3,83725E+0	-6,18300E-13
3,84825E+0	-4,98700E-13
3,85924E+0	3,14300E-13
3,87024E+0	1,22800E-13
3,88123E+0	9,76600E-13
3,89223E+0	-1,63700E-13
3,90322E+0	1,28400E-13
3,91422E+0	6,43700E-13
3,92521E+0	1,12320E-12
3,93621E+0	-1,01960E-12
3,94720E+0	-7,72700E-13
3,95820E+0	-8,80000E-15
3,96919E+0	8,91500E-13
3,98019E+0	-2,34900E-13
3,99118E+0	3,38700E-13
4,00218E+0	1,26230E-12
4,01317E+0	1,60080E-12
4,02417E+0	4,42200E-13
4,03516E+0	1,21740E-12
4,04616E+0	2,39000E-13
4,05715E+0	3,02900E-13
4,06815E+0	2,85000E-14
4,07914E+0	5,54000E-13
4,09014E+0	1,42930E-12
4,10113E+0	1,13900E-13
4,11213E+0	1,18010E-12
4,12312E+0	4,18800E-13
4,13412E+0	1,13000E-12
4,14511E+0	1,24160E-12
4,15611E+0	1,28100E-12
4,16710E+0	9,96300E-13
4,17810E+0	1,09300E-13
4,18910E+0	9,23300E-13
4,20009E+0	1,51870E-12
4,21108E+0	3,59550E-12
4,22208E+0	1,07690E-12
4,23307E+0	1,79670E-12
4,24407E+0	1,03880E-12
4,25507E+0	1,62150E-12
4,26606E+0	9,27000E-13
4,27705E+0	2,40570E-12
4,28805E+0	2,40630E-12
4,29904E+0	1,63350E-12
4,31004E+0	1,31580E-12
4,32104E+0	1,94950E-12
4,33203E+0	9,93600E-13
4,34302E+0	6,65700E-13
4,35402E+0	2,15280E-12
4,36501E+0	4,12830E-12
4,37601E+0	1,74680E-12
4,38701E+0	2,12980E-12
4,39800E+0	8,72900E-13
4,40899E+0	1,60660E-12
4,41999E+0	1,44010E-12
4,43098E+0	1,59040E-12
4,44198E+0	1,09180E-12
4,45297E+0	1,58220E-12
4,46397E+0	8,06000E-13
4,47497E+0	2,11430E-12
4,48596E+0	1,92410E-12
4,49695E+0	5,84200E-13
4,50795E+0	3,10820E-12
4,51895E+0	3,67880E-12
4,52994E+0	6,17400E-13
4,54093E+0	2,24900E-12
4,55193E+0	1,98210E-12
4,56292E+0	1,62550E-12
4,57392E+0	2,13730E-12
4,58491E+0	1,37260E-12
4,59591E+0	2,29550E-12
4,60691E+0	2,18920E-12
4,61790E+0	1,60100E-12
4,62889E+0	2,57730E-12
4,63989E+0	3,59460E-12
4,65088E+0	2,52750E-12
4,66188E+0	2,43180E-12
4,67287E+0	1,42220E-12
4,68387E+0	2,49390E-12
4,69486E+0	1,84610E-12
4,70586E+0	2,08780E-12
4,71685E+0	2,41850E-12
4,72785E+0	2,84520E-12
4,73884E+0	2,23940E-12
4,74984E+0	1,69160E-12
4,76084E+0	3,24370E-12
4,77183E+0	2,84850E-12
4,78282E+0	3,99050E-12
4,79382E+0	2,78640E-12
4,80481E+0	2,37330E-12
4,81581E+0	1,92560E-12
4,82680E+0	2,26120E-12
4,83780E+0	2,66100E-12
4,84879E+0	2,72180E-12
4,85979E+0	3,89920E-12
4,87078E+0	2,35120E-12
4,88178E+0	3,53830E-12
4,89277E+0	1,03810E-12
4,90377E+0	1,32270E-12
4,91476E+0	1,73800E-12
4,92576E+0	1,34230E-12
4,93675E+0	2,09350E-12
4,94775E+0	4,02570E-12
4,95874E+0	2,35680E-12
4,96974E+0	4,02190E-12
4,98074E+0	3,70250E-12
4,99173E+0	2,48730E-12
5,00272E+0	3,22690E-12
5,01372E+0	2,61950E-12
5,02471E+0	5,77930E-12
5,03571E+0	3,85440E-12
5,04670E+0	3,43720E-12
5,05770E+0	3,51950E-12
5,06869E+0	3,51270E-12
5,07969E+0	2,18650E-12
5,09068E+0	2,03710E-12
5,10168E+0	1,46770E-12
5,11268E+0	3,06120E-12
5,12367E+0	1,49670E-12
5,13466E+0	2,63660E-12
5,14566E+0	2,77250E-12
5,15665E+0	4,65680E-12
5,16765E+0	2,40980E-12
5,17864E+0	2,86910E-12
5,18964E+0	1,04170E-12
5,20064E+0	1,11230E-12
5,21163E+0	1,67820E-12
5,22262E+0	1,89440E-12
5,23362E+0	2,83530E-12
5,24461E+0	1,80300E-12
5,25561E+0	3,45910E-12
5,26660E+0	3,05200E-12
5,27760E+0	2,78880E-12
5,28859E+0	1,43470E-12
5,29959E+0	2,76860E-12
5,31058E+0	2,21810E-12
5,32158E+0	1,84390E-12
5,33257E+0	3,71200E-13
5,34357E+0	1,41870E-12
5,35457E+0	2,73330E-12
5,36556E+0	1,63930E-12
5,37655E+0	3,33620E-12
5,38755E+0	3,90030E-12
5,39854E+0	1,48900E-12
5,40954E+0	2,37860E-12
5,42053E+0	2,70090E-12
5,43153E+0	2,71180E-12
5,44252E+0	3,10820E-12
5,45352E+0	6,93100E-13
5,46451E+0	2,56560E-12
5,47551E+0	2,37650E-12
5,48651E+0	2,42940E-12
5,49750E+0	3,54930E-12
5,50849E+0	2,51570E-12
5,51949E+0	2,60060E-12
5,53048E+0	3,18490E-12
5,54148E+0	3,04620E-12
5,55247E+0	3,02750E-12
5,56347E+0	1,63570E-12
5,57447E+0	2,48500E-12
5,58546E+0	3,86320E-12
5,59645E+0	4,41830E-12
5,60745E+0	3,28680E-12
5,61845E+0	2,06000E-12
5,62944E+0	1,99830E-12
5,64043E+0	3,81730E-12
5,65143E+0	3,94200E-12
5,66242E+0	3,55420E-12
5,67342E+0	2,38640E-12
5,68441E+0	3,66980E-12
5,69541E+0	2,79770E-12
5,70641E+0	2,08400E-12
5,71740E+0	3,55650E-12
5,72839E+0	1,75150E-12
5,73939E+0	2,55610E-12
5,75038E+0	2,42930E-12
5,76138E+0	2,44700E-12
5,77237E+0	4,09200E-12
5,78337E+0	2,47750E-12
5,79436E+0	5,23570E-12
5,80536E+0	4,08520E-12
5,81635E+0	4,55490E-12
5,82735E+0	5,02860E-12
5,83834E+0	3,15260E-12
5,84934E+0	2,41550E-12
5,86034E+0	4,01610E-12
5,87133E+0	4,61550E-12
5,88232E+0	2,93660E-12
5,89332E+0	5,83250E-12
5,90431E+0	3,50780E-12
5,91531E+0	1,99920E-12
5,92630E+0	4,62750E-12
5,93730E+0	4,43930E-12
5,94829E+0	4,60110E-12
5,95929E+0	3,84460E-12
5,97028E+0	2,62120E-12
5,98128E+0	4,42310E-12
5,99227E+0	4,23710E-12
6,00327E+0	2,83910E-12
6,01426E+0	3,23820E-12
6,02526E+0	2,91910E-12
6,03625E+0	3,30710E-12
6,04725E+0	5,91090E-12
6,05824E+0	4,99340E-12
6,06924E+0	3,58420E-12
6,08024E+0	3,79530E-12
6,09123E+0	3,87110E-12
6,10222E+0	4,63670E-12
6,11322E+0	4,79080E-12
6,12421E+0	5,01140E-12
6,13521E+0	3,63260E-12
6,14620E+0	3,43330E-12
6,15720E+0	4,42880E-12
6,16819E+0	3,61880E-12
6,17919E+0	5,80850E-12
6,19018E+0	6,90160E-12
6,20118E+0	4,45240E-12
6,21218E+0	4,65390E-12
6,22317E+0	4,45330E-12
6,23416E+0	5,40830E-12
6,24516E+0	5,26240E-12
6,25615E+0	4,92610E-12
6,26715E+0	3,54720E-12
6,27814E+0	5,09550E-12
6,28914E+0	6,89940E-12
6,30014E+0	6,29920E-12
6,31113E+0	5,79500E-12
6,32212E+0	5,44330E-12
6,33312E+0	5,40890E-12
6,34411E+0	4,48400E-12
6,35511E+0	5,81170E-12
6,36610E+0	4,89760E-12
6,37710E+0	6,65760E-12
6,38809E+0	3,27810E-12
6,39909E+0	3,01290E-12
6,41008E+0	8,32070E-12
6,42108E+0	5,21630E-12
6,43207E+0	8,07280E-12
6,44307E+0	4,32660E-12
6,45406E+0	7,51650E-12
6,46506E+0	5,25120E-12
6,47605E+0	6,53560E-12
6,48705E+0	5,94820E-12
6,49804E+0	4,58220E-12
6,50904E+0	3,39830E-12
6,52003E+0	5,53720E-12
6,53103E+0	5,63730E-12
6,54202E+0	7,31190E-12
6,55302E+0	4,54730E-12
6,56401E+0	5,94940E-12
6,57501E+0	5,95690E-12
6,58601E+0	6,11820E-12
6,59700E+0	7,13220E-12
6,60799E+0	6,30720E-12
6,61899E+0	6,30980E-12
6,62998E+0	8,02670E-12
6,64098E+0	5,54910E-12
6,65197E+0	7,23780E-12
6,66297E+0	9,01050E-12
6,67396E+0	6,74260E-12
6,68496E+0	7,13630E-12
6,69595E+0	7,24540E-12
6,70695E+0	7,63190E-12
6,71795E+0	6,97510E-12
6,72894E+0	7,00710E-12
6,73993E+0	8,65000E-12
6,75093E+0	6,32890E-12
6,76192E+0	5,47080E-12
6,77292E+0	6,75150E-12
6,78391E+0	7,54440E-12
6,79491E+0	7,43520E-12
6,80591E+0	7,40930E-12
6,81690E+0	8,69130E-12
6,82789E+0	9,78160E-12
6,83889E+0	6,67580E-12
6,84988E+0	9,13110E-12
6,86088E+0	7,28940E-12
6,87187E+0	8,14020E-12
6,88287E+0	7,94990E-12
6,89386E+0	8,86740E-12
6,90486E+0	7,75960E-12
6,91585E+0	6,20960E-12
6,92685E+0	6,68070E-12
6,93784E+0	1,07950E-11
6,94884E+0	7,61990E-12
6,95983E+0	9,17310E-12
6,97083E+0	8,52370E-12
6,98182E+0	7,75610E-12
6,99282E+0	1,01233E-11
7,00381E+0	6,85440E-12
7,01481E+0	1,10313E-11
7,02580E+0	9,10230E-12
7,03680E+0	8,80940E-12
7,04779E+0	8,73960E-12
7,05879E+0	7,08660E-12
7,06978E+0	8,90460E-12
7,08078E+0	8,81880E-12
7,09177E+0	9,20180E-12
7,10277E+0	7,07460E-12
7,11376E+0	9,55340E-12
7,12476E+0	9,49290E-12
7,13575E+0	8,46180E-12
7,14675E+0	6,15940E-12
7,15774E+0	8,42300E-12
7,16874E+0	8,81600E-12
7,17973E+0	1,07975E-11
7,19073E+0	1,01737E-11
7,20172E+0	8,42780E-12
7,21272E+0	7,66320E-12
7,22371E+0	9,96670E-12
7,23471E+0	9,65530E-12
7,24570E+0	1,05373E-11
7,25670E+0	8,66240E-12
7,26769E+0	1,01924E-11
7,27869E+0	1,00490E-11
7,28968E+0	1,15454E-11
7,30068E+0	1,28494E-11
7,31168E+0	1,08774E-11
7,32267E+0	1,05709E-11
7,33366E+0	1,04905E-11
7,34466E+0	8,90560E-12
7,35565E+0	1,03792E-11
7,36665E+0	1,02870E-11
7,37764E+0	1,15176E-11
7,38864E+0	1,14057E-11
7,39963E+0	9,18140E-12
7,41063E+0	1,04096E-11
7,42162E+0	1,09378E-11
7,43262E+0	1,34498E-11
7,44361E+0	1,01967E-11
7,45461E+0	1,16524E-11
7,46560E+0	1,16192E-11
7,47660E+0	1,22945E-11
7,48759E+0	1,23871E-11
7,49859E+0	1,23330E-11
7,50958E+0	1,55722E-11
7,52058E+0	1,09947E-11
7,53157E+0	1,26231E-11
7,54257E+0	1,03399E-11
7,55356E+0	1,13160E-11
7,56456E+0	1,46000E-11
7,57555E+0	1,38428E-11
7,58655E+0	1,32348E-11
7,59754E+0	1,43661E-11
7,60854E+0	1,26192E-11
7,61953E+0	1,24377E-11
7,63053E+0	1,29804E-11
7,64152E+0	1,20765E-11
7,65252E+0	1,30463E-11
7,66351E+0	1,51326E-11
7,67451E+0	1,62786E-11
7,68551E+0	1,39320E-11
7,69650E+0	1,36357E-11
7,70749E+0	1,34210E-11
7,71849E+0	1,47743E-11
7,72948E+0	1,57032E-11
7,74048E+0	1,53787E-11
7,75147E+0	1,48196E-11
7,76247E+0	1,41560E-11
7,77346E+0	1,58694E-11
7,78446E+0	1,61821E-11
7,79545E+0	1,34113E-11
7,80645E+0	1,48545E-11
7,81745E+0	1,33950E-11
7,82844E+0	1,77028E-11
7,83943E+0	1,94560E-11
7,85043E+0	1,82220E-11
7,86142E+0	1,59865E-11
7,87242E+0	1,67616E-11
7,88341E+0	1,56077E-11
7,89441E+0	1,52357E-11
7,90541E+0	1,84894E-11
7,91640E+0	1,81219E-11
7,92739E+0	1,60341E-11
7,93839E+0	1,62397E-11
7,94938E+0	1,54991E-11
7,96038E+0	1,48063E-11
7,97137E+0	1,75842E-11
7,98237E+0	1,58806E-11
7,99336E+0	1,60065E-11
8,00436E+0	1,89198E-11
8,01535E+0	1,81147E-11
8,02635E+0	1,86667E-11
8,03734E+0	1,81724E-11
8,04834E+0	1,65508E-11
8,05933E+0	1,87234E-11
8,07033E+0	1,90696E-11
8,08132E+0	1,80726E-11
8,09232E+0	1,91938E-11
8,10332E+0	1,89975E-11
8,11431E+0	1,96026E-11
8,12530E+0	1,92217E-11
8,13630E+0	1,99171E-11
8,14729E+0	2,05690E-11
8,15829E+0	1,78298E-11
8,16928E+0	1,93836E-11
8,18028E+0	1,92544E-11
8,19127E+0	2,13560E-11
8,20227E+0	2,11270E-11
8,21326E+0	2,07130E-11
8,22426E+0	2,03570E-11
8,23526E+0	2,29310E-11
8,24625E+0	2,05360E-11
8,25724E+0	2,17220E-11
8,26824E+0	2,45190E-11
8,27923E+0	2,20450E-11
8,29023E+0	2,17720E-11
8,30122E+0	2,09470E-11
8,31222E+0	2,55550E-11
8,32321E+0	1,89955E-11
8,33421E+0	2,28410E-11
8,34520E+0	2,21080E-11
8,35620E+0	2,48120E-11
8,36720E+0	2,33790E-11
8,37819E+0	2,19910E-11
8,38918E+0	2,34330E-11
8,40018E+0	2,38370E-11
8,41118E+0	2,09950E-11
8,42217E+0	2,56440E-11
8,43316E+0	2,29020E-11
8,44416E+0	2,22480E-11
8,45515E+0	2,00950E-11
8,46615E+0	2,47390E-11
8,47715E+0	2,67450E-11
8,48814E+0	2,58390E-11
8,49913E+0	2,50450E-11
8,51013E+0	2,46200E-11
8,52112E+0	3,16970E-11
8,53212E+0	2,99190E-11
8,54311E+0	2,71080E-11
8,55411E+0	2,78960E-11
8,56510E+0	3,01950E-11
8,57610E+0	2,95270E-11
8,58709E+0	2,95600E-11
8,59809E+0	2,82610E-11
8,60909E+0	3,11470E-11
8,62008E+0	3,42270E-11
8,63107E+0	2,68230E-11
8,64207E+0	3,19490E-11
8,65306E+0	3,44280E-11
8,66406E+0	3,10790E-11
8,67505E+0	3,48720E-11
8,68605E+0	3,49350E-11
8,69704E+0	3,62890E-11
8,70804E+0	3,85880E-11
8,71903E+0	3,72570E-11
8,73003E+0	3,66700E-11
8,74102E+0	3,76240E-11
8,75202E+0	3,31530E-11
8,76301E+0	3,52320E-11
8,77401E+0	3,73870E-11
8,78500E+0	3,64740E-11
8,79600E+0	3,43580E-11
8,80699E+0	3,96280E-11
8,81799E+0	3,71790E-11
8,82898E+0	3,63180E-11
8,83998E+0	3,64100E-11
8,85098E+0	3,57200E-11
8,86197E+0	3,89440E-11
8,87296E+0	3,49600E-11
8,88396E+0	3,96850E-11
8,89495E+0	3,51370E-11
8,90595E+0	3,54040E-11
8,91694E+0	3,59880E-11
8,92794E+0	3,72480E-11
8,93894E+0	3,36190E-11
8,94993E+0	4,01800E-11
8,96092E+0	3,88640E-11
8,97192E+0	3,76740E-11
8,98291E+0	3,77430E-11
8,99391E+0	4,02060E-11
9,00490E+0	4,17040E-11
9,01590E+0	4,11560E-11
9,02689E+0	3,20300E-11
9,03789E+0	3,10930E-11
9,04889E+0	3,46000E-11
9,05988E+0	3,82480E-11
9,07087E+0	3,45700E-11
9,08187E+0	3,53360E-11
9,09286E+0	3,99580E-11
9,10386E+0	3,55290E-11
9,11485E+0	3,57020E-11
9,12585E+0	3,94570E-11
9,13684E+0	3,94060E-11
9,14784E+0	3,57080E-11
9,15883E+0	3,56830E-11
9,16983E+0	3,57920E-11
9,18082E+0	4,01130E-11
9,19182E+0	4,04660E-11
9,20281E+0	3,72610E-11
9,21381E+0	3,94710E-11
9,22480E+0	3,50230E-11
9,23580E+0	3,83370E-11
9,24679E+0	3,52760E-11
9,25779E+0	3,74500E-11
9,26878E+0	3,78880E-11
9,27978E+0	3,58050E-11
9,29077E+0	3,72460E-11
9,30177E+0	3,40260E-11
9,31277E+0	3,29620E-11
9,32376E+0	3,72340E-11
9,33475E+0	3,68210E-11
9,34575E+0	3,38130E-11
9,35674E+0	3,55470E-11
9,36774E+0	3,61990E-11
9,37873E+0	3,43840E-11
9,38973E+0	3,33690E-11
9,40072E+0	4,09230E-11
9,41172E+0	3,71640E-11
9,42272E+0	3,96200E-11
9,43371E+0	3,60180E-11
9,44470E+0	4,21080E-11
9,45570E+0	3,86390E-11
9,46669E+0	4,06940E-11
9,47769E+0	3,62330E-11
9,48869E+0	4,12710E-11
9,49968E+0	4,20220E-11
9,51067E+0	3,95920E-11
9,52167E+0	4,08880E-11
9,53266E+0	4,00870E-11
9,54366E+0	4,10490E-11
9,55465E+0	3,99560E-11
9,56565E+0	3,81070E-11
9,57665E+0	3,26180E-11
9,58764E+0	3,57950E-11
9,59863E+0	4,12450E-11
9,60963E+0	3,87000E-11
9,62062E+0	4,03010E-11
9,62210E+0	4,35760E-11
9,63076E+0	4,12420E-11
9,63942E+0	4,64980E-11
9,64808E+0	4,36570E-11
9,65674E+0	3,97620E-11
9,66540E+0	4,22420E-11
9,67406E+0	3,97860E-11
9,68272E+0	4,03090E-11
9,69138E+0	4,46200E-11
9,70004E+0	4,27960E-11
9,70870E+0	3,96840E-11
9,71737E+0	4,60540E-11
9,72603E+0	5,36440E-11
9,73469E+0	4,30380E-11
9,74335E+0	4,80430E-11
9,75201E+0	4,57420E-11
9,76067E+0	4,69400E-11
9,76933E+0	5,02510E-11
9,77799E+0	4,81840E-11
9,78665E+0	5,38650E-11
9,79531E+0	5,54630E-11
9,80397E+0	5,71740E-11
9,81263E+0	5,51460E-11
9,82130E+0	5,57490E-11
9,82996E+0	5,49470E-11
9,83862E+0	5,24650E-11
9,84728E+0	5,36200E-11
9,85594E+0	5,75600E-11
9,86460E+0	6,18390E-11
9,87326E+0	6,47820E-11
9,88192E+0	6,06090E-11
9,89058E+0	5,58050E-11
9,89924E+0	5,96230E-11
9,90790E+0	6,21450E-11
9,91656E+0	5,72360E-11
9,92522E+0	5,83910E-11
9,93389E+0	5,51280E-11
9,94255E+0	5,15080E-11
9,95121E+0	5,78910E-11
9,95987E+0	5,09320E-11
9,96853E+0	5,97290E-11
9,97719E+0	4,82640E-11
9,98585E+0	5,40650E-11
9,99451E+0	5,85910E-11
1,00032E+1	6,17150E-11
1,00118E+1	5,37700E-11
1,00205E+1	5,12710E-11
1,00292E+1	5,09690E-11
1,00378E+1	5,66660E-11
1,00465E+1	4,94110E-11
1,00551E+1	5,35030E-11
1,00638E+1	4,70180E-11
1,00725E+1	5,44080E-11
1,00811E+1	5,27680E-11
1,00898E+1	5,19030E-11
1,00984E+1	5,00450E-11
1,01071E+1	5,08620E-11
1,01158E+1	4,96260E-11
1,01244E+1	4,75860E-11
1,01331E+1	4,36600E-11
1,01417E+1	5,00840E-11
1,01504E+1	4,78440E-11
1,01591E+1	5,11540E-11
1,01677E+1	4,49910E-11
1,01764E+1	4,62930E-11
1,01850E+1	4,67840E-11
1,01937E+1	4,61580E-11
1,02024E+1	4,10240E-11
1,02110E+1	4,60940E-11
1,02197E+1	4,08120E-11
1,02284E+1	4,41050E-11
1,02370E+1	4,38130E-11
1,02457E+1	4,16330E-11
1,02543E+1	4,37100E-11
1,02630E+1	4,56530E-11
1,02717E+1	4,33350E-11
1,02803E+1	3,96980E-11
1,02890E+1	4,31460E-11
1,02976E+1	4,05760E-11
1,03063E+1	4,19210E-11
1,03150E+1	3,90990E-11
1,03236E+1	3,84040E-11
1,03323E+1	3,94550E-11
1,03409E+1	4,00520E-11
1,03496E+1	3,93770E-11
1,03583E+1	3,80500E-11
1,03669E+1	3,76040E-11
1,03756E+1	3,93880E-11
1,03842E+1	3,93900E-11
1,03929E+1	4,01340E-11
1,04016E+1	4,00490E-11
1,04102E+1	3,23270E-11
1,04189E+1	3,61800E-11
1,04276E+1	3,40460E-11
1,04362E+1	2,76160E-11
1,04449E+1	3,47390E-11
1,04535E+1	3,41150E-11
1,04622E+1	3,17840E-11
1,04709E+1	2,95250E-11
1,04795E+1	3,04460E-11
1,04882E+1	3,83000E-11
1,04968E+1	2,79570E-11
1,05055E+1	2,84670E-11
1,05142E+1	2,53910E-11
1,05228E+1	2,19830E-11
1,05315E+1	2,10470E-11
1,05401E+1	2,41550E-11
1,05488E+1	2,03870E-11
1,05575E+1	2,21060E-11
1,05661E+1	2,07080E-11
1,05748E+1	1,56923E-11
1,05834E+1	1,85687E-11
1,05921E+1	1,70588E-11
1,06008E+1	1,49767E-11
1,06094E+1	1,45024E-11
1,06181E+1	1,50766E-11
1,06267E+1	1,31618E-11
1,06354E+1	1,38179E-11
1,06441E+1	9,64890E-12
1,06527E+1	9,43540E-12
1,06614E+1	9,85860E-12
1,06701E+1	7,76160E-12
1,06787E+1	5,32650E-12
1,06874E+1	9,24740E-12
1,06960E+1	6,32700E-12
1,07047E+1	7,15510E-12
1,07134E+1	6,52100E-12
1,07220E+1	3,85600E-12
1,07307E+1	5,14520E-12
1,07393E+1	3,06260E-12
1,07480E+1	2,48840E-12
1,07567E+1	3,01790E-12
1,07653E+1	2,07880E-12
1,07740E+1	8,24900E-13
1,07826E+1	2,94400E-13
1,07913E+1	1,00090E-12
1,08000E+1	-6,12000E-14
1,08086E+1	2,02100E-13
1,08173E+1	3,58000E-14
1,08259E+1	-3,24300E-13
1,08346E+1	4,15800E-13
1,08433E+1	-1,15530E-12
1,08519E+1	-1,55160E-12
1,08606E+1	-1,27910E-12
1,08693E+1	-1,57320E-12
1,08779E+1	-1,45810E-12
1,08866E+1	-1,61160E-12
1,08952E+1	-1,52710E-12
1,09039E+1	-2,06780E-12
1,09126E+1	-2,04900E-12
1,09212E+1	-1,32850E-12
1,09299E+1	-2,19370E-12
1,09385E+1	-1,96150E-12
1,09472E+1	-1,59200E-12
1,09559E+1	-1,93670E-12
1,09645E+1	-2,35790E-12
1,09732E+1	-2,38860E-12
1,09818E+1	-2,28940E-12
1,09905E+1	-2,40800E-12
1,09992E+1	-1,90080E-12
1,10078E+1	-2,36020E-12
1,10165E+1	-2,31260E-12
1,10251E+1	-2,40830E-12
1,10338E+1	-2,38670E-12
1,10425E+1	-2,41670E-12
1,10511E+1	-2,31110E-12
1,10598E+1	-2,42500E-12
1,10684E+1	-2,51370E-12
1,10771E+1	-2,47780E-12
1,10858E+1	-2,47200E-12
1,10944E+1	-2,52150E-12
1,11031E+1	-2,47490E-12
1,11118E+1	-2,53870E-12
1,11204E+1	-2,50240E-12
1,11291E+1	-2,47450E-12
1,11377E+1	-2,41930E-12
1,11464E+1	-2,45010E-12
1,11551E+1	-2,51220E-12
1,11637E+1	-2,35070E-12
1,11724E+1	-2,33040E-12
1,11810E+1	-2,31010E-12
1,11897E+1	-2,46710E-12
1,11984E+1	-2,52600E-12
1,12070E+1	-2,47500E-12
1,12157E+1	-2,49000E-12
1,12243E+1	-2,44900E-12
1,12330E+1	-2,48650E-12
1,12417E+1	-2,48970E-12
1,12503E+1	-2,53440E-12
1,12590E+1	-2,48190E-12
1,12676E+1	-2,53330E-12
1,12763E+1	-2,51600E-12
1,12850E+1	-2,38850E-12
1,12936E+1	-2,54170E-12
1,13023E+1	-2,48870E-12
1,13110E+1	-2,55270E-12
1,13196E+1	-2,52710E-12
1,13283E+1	-2,50210E-12
1,13369E+1	-2,56070E-12
1,13456E+1	-2,50690E-12
1,13543E+1	-2,51340E-12
1,13629E+1	-2,50400E-12
1,13716E+1	-2,48220E-12
1,13802E+1	-2,56200E-12
1,13889E+1	-2,49440E-12
1,13976E+1	-2,39200E-12
1,14062E+1	-2,47300E-12
1,14149E+1	-2,45240E-12
1,14235E+1	-2,55430E-12
1,14322E+1	-2,50960E-12
1,14409E+1	-2,52790E-12
1,14495E+1	-2,54470E-12
1,14582E+1	-2,48420E-12
1,14668E+1	-2,56210E-12
1,14755E+1	-2,51850E-12
1,14842E+1	-2,51400E-12
