E, keV	I, A
2,00109E+0	-2,68600E-13
2,01208E+0	6,17300E-13
2,02308E+0	-1,38900E-13
2,03408E+0	2,52000E-14
2,04507E+0	4,18000E-13
2,05606E+0	-4,71900E-13
2,06706E+0	6,91100E-13
2,07805E+0	3,45000E-14
2,08905E+0	-5,36200E-13
2,10004E+0	-3,92700E-13
2,11104E+0	-2,27000E-14
2,12203E+0	-1,05200E-13
2,13303E+0	-7,37600E-13
2,14402E+0	-8,91600E-13
2,15502E+0	-5,05100E-13
2,16601E+0	-6,94800E-13
2,17701E+0	-3,34800E-13
2,18800E+0	-9,00800E-13
2,19900E+0	-1,15240E-12
2,20999E+0	-8,52700E-13
2,22099E+0	-9,82100E-13
2,23198E+0	-6,57500E-13
2,24298E+0	-7,39700E-13
2,25397E+0	-1,12100E-12
2,26497E+0	-7,32100E-13
2,27596E+0	-7,64000E-14
2,28696E+0	-5,47900E-13
2,29795E+0	-4,35900E-13
2,30895E+0	-1,80880E-12
2,31994E+0	-7,71900E-13
2,33094E+0	-6,45900E-13
2,34193E+0	-1,18420E-12
2,35293E+0	-7,55000E-13
2,36392E+0	-1,05990E-12
2,37492E+0	-8,84700E-13
2,38591E+0	-1,25720E-12
2,39691E+0	-5,64100E-13
2,40790E+0	-7,83000E-14
2,41890E+0	-9,80400E-13
2,42989E+0	-1,56360E-12
2,44089E+0	-8,52900E-13
2,45188E+0	-2,52200E-13
2,46288E+0	-1,04750E-12
2,47387E+0	-1,31520E-12
2,48487E+0	7,34000E-14
2,49586E+0	-7,18600E-13
2,50686E+0	-8,28800E-13
2,51785E+0	1,54700E-13
2,52885E+0	-1,33670E-12
2,53984E+0	-1,45500E-12
2,55084E+0	-9,45600E-13
2,56183E+0	-1,37780E-12
2,57283E+0	-4,15200E-13
2,58383E+0	-1,04700E-13
2,59482E+0	-7,73000E-13
2,60581E+0	-8,18400E-13
2,61681E+0	-5,03400E-13
2,62780E+0	1,00700E-12
2,63880E+0	-5,51800E-13
2,64980E+0	-1,12950E-12
2,66079E+0	-9,64600E-13
2,67178E+0	-4,47700E-13
2,68278E+0	2,19400E-13
2,69378E+0	-3,81800E-13
2,70477E+0	-5,30800E-13
2,71577E+0	-1,11030E-12
2,72676E+0	-1,64250E-12
2,73775E+0	-1,09840E-12
2,74875E+0	-1,61160E-12
2,75974E+0	-7,80100E-13
2,77074E+0	-8,75800E-13
2,78173E+0	-1,16450E-12
2,79273E+0	-1,47100E-13
2,80372E+0	4,96500E-13
2,81472E+0	-7,10600E-13
2,82571E+0	-1,12680E-12
2,83671E+0	-6,19400E-13
2,84770E+0	-1,30570E-12
2,85870E+0	-2,74700E-13
2,86969E+0	1,55100E-13
2,88069E+0	-9,40000E-14
2,89168E+0	-8,70000E-14
2,90268E+0	-2,32600E-13
2,91367E+0	1,97500E-13
2,92467E+0	-4,62000E-14
2,93566E+0	-2,97600E-13
2,94666E+0	2,68400E-13
2,95765E+0	1,60310E-12
2,96865E+0	-2,34000E-13
2,97964E+0	1,28420E-12
2,99064E+0	4,91500E-13
3,00163E+0	3,15200E-13
3,01263E+0	1,18700E-13
3,02363E+0	1,31390E-12
3,03462E+0	7,24400E-13
3,04561E+0	-1,40400E-13
3,05661E+0	1,14080E-12
3,06760E+0	3,71000E-13
3,07860E+0	-8,46800E-13
3,08959E+0	-9,38200E-13
3,10059E+0	-2,35000E-14
3,11158E+0	-2,42300E-13
3,12258E+0	1,81150E-12
3,13357E+0	-1,66400E-13
3,14457E+0	-1,08380E-12
3,15556E+0	-7,20800E-13
3,16656E+0	7,18700E-13
3,17755E+0	1,91410E-12
3,18855E+0	6,33500E-13
3,19955E+0	9,00000E-15
3,21054E+0	1,94800E-13
3,22153E+0	3,94900E-13
3,23253E+0	9,38800E-13
3,24352E+0	7,04500E-13
3,25452E+0	2,39760E-12
3,26552E+0	1,46380E-12
3,27651E+0	1,16840E-12
3,28750E+0	5,47900E-13
3,29850E+0	8,78200E-13
3,30949E+0	1,16950E-12
3,32049E+0	7,57500E-13
3,33148E+0	3,57900E-13
3,34248E+0	2,18370E-12
3,35347E+0	1,83170E-12
3,36447E+0	3,04520E-12
3,37546E+0	2,87850E-12
3,38646E+0	1,66770E-12
3,39745E+0	2,29250E-12
3,40845E+0	2,16890E-12
3,41944E+0	3,19750E-12
3,43044E+0	5,59900E-12
3,44143E+0	4,50170E-12
3,45243E+0	3,79410E-12
3,46342E+0	3,45220E-12
3,47442E+0	1,59080E-12
3,48541E+0	3,37050E-12
3,49641E+0	4,81200E-12
3,50740E+0	2,70910E-12
3,51840E+0	2,10010E-12
3,52939E+0	2,77940E-12
3,54039E+0	2,12850E-12
3,55138E+0	3,59810E-12
3,56238E+0	3,05340E-12
3,57337E+0	2,67390E-12
3,58437E+0	2,20530E-12
3,59536E+0	1,24860E-12
3,60636E+0	1,42040E-12
3,61735E+0	1,14870E-12
3,62835E+0	2,15310E-12
3,63934E+0	4,10140E-12
3,65034E+0	2,81330E-12
3,66133E+0	2,94940E-12
3,67233E+0	1,46140E-12
3,68332E+0	1,94190E-12
3,69432E+0	3,16870E-12
3,70531E+0	2,62110E-12
3,71631E+0	2,20610E-12
3,72730E+0	2,03110E-12
3,73830E+0	1,66680E-12
3,74930E+0	3,43530E-12
3,76029E+0	3,07070E-12
3,77128E+0	2,38150E-12
3,78228E+0	1,59240E-12
3,79327E+0	2,01830E-12
3,80427E+0	2,32270E-12
3,81527E+0	2,51430E-12
3,82626E+0	1,75820E-12
3,83725E+0	1,67860E-12
3,84825E+0	1,88280E-12
3,85924E+0	2,87890E-12
3,87024E+0	2,28170E-12
3,88123E+0	1,61810E-12
3,89223E+0	2,93020E-12
3,90322E+0	2,15660E-12
3,91422E+0	2,24420E-12
3,92521E+0	2,50670E-12
3,93621E+0	2,87310E-12
3,94720E+0	2,62560E-12
3,95820E+0	1,61010E-12
3,96919E+0	3,89120E-12
3,98019E+0	2,64860E-12
3,99118E+0	2,22490E-12
4,00218E+0	2,03760E-12
4,01317E+0	2,76660E-12
4,02417E+0	2,26290E-12
4,03516E+0	2,72440E-12
4,04616E+0	2,58490E-12
4,05715E+0	1,03950E-12
4,06815E+0	4,88680E-12
4,07914E+0	4,84240E-12
4,09014E+0	3,37250E-12
4,10113E+0	2,61100E-12
4,11213E+0	3,31680E-12
4,12312E+0	1,80930E-12
4,13412E+0	3,10950E-12
4,14511E+0	3,09540E-12
4,15611E+0	3,65540E-12
4,16710E+0	3,59140E-12
4,17810E+0	2,96300E-12
4,18910E+0	3,77550E-12
4,20009E+0	3,60180E-12
4,21108E+0	4,51790E-12
4,22208E+0	4,58900E-12
4,23307E+0	3,56780E-12
4,24407E+0	2,23580E-12
4,25507E+0	4,03480E-12
4,26606E+0	3,84180E-12
4,27705E+0	3,48130E-12
4,28805E+0	7,45740E-12
4,29904E+0	3,76890E-12
4,31004E+0	4,72790E-12
4,32104E+0	5,95650E-12
4,33203E+0	3,45180E-12
4,34302E+0	3,43230E-12
4,35402E+0	4,64080E-12
4,36501E+0	3,64220E-12
4,37601E+0	4,89490E-12
4,38701E+0	4,41430E-12
4,39800E+0	3,52400E-12
4,40899E+0	4,81160E-12
4,41999E+0	3,87130E-12
4,43098E+0	2,93180E-12
4,44198E+0	2,48060E-12
4,45297E+0	4,55580E-12
4,46397E+0	3,58380E-12
4,47497E+0	5,39270E-12
4,48596E+0	4,38930E-12
4,49695E+0	4,74570E-12
4,50795E+0	4,97530E-12
4,51895E+0	3,44950E-12
4,52994E+0	3,05190E-12
4,54093E+0	5,45880E-12
4,55193E+0	5,35280E-12
4,56292E+0	4,18990E-12
4,57392E+0	2,54460E-12
4,58491E+0	5,05310E-12
4,59591E+0	3,00260E-12
4,60691E+0	4,04960E-12
4,61790E+0	3,45130E-12
4,62889E+0	3,04780E-12
4,63989E+0	4,17750E-12
4,65088E+0	4,19020E-12
4,66188E+0	4,61400E-12
4,67287E+0	4,10650E-12
4,68387E+0	5,03070E-12
4,69486E+0	4,76100E-12
4,70586E+0	3,20250E-12
4,71685E+0	4,96380E-12
4,72785E+0	7,34120E-12
4,73884E+0	7,30630E-12
4,74984E+0	6,10020E-12
4,76084E+0	5,38490E-12
4,77183E+0	5,15000E-12
4,78282E+0	5,33240E-12
4,79382E+0	5,49720E-12
4,80481E+0	7,82190E-12
4,81581E+0	4,73260E-12
4,82680E+0	5,15110E-12
4,83780E+0	4,60230E-12
4,84879E+0	5,02750E-12
4,85979E+0	5,27050E-12
4,87078E+0	6,98090E-12
4,88178E+0	5,92040E-12
4,89277E+0	6,10710E-12
4,90377E+0	6,15500E-12
4,91476E+0	5,07220E-12
4,92576E+0	5,85420E-12
4,93675E+0	4,80240E-12
4,94775E+0	6,69630E-12
4,95874E+0	4,44360E-12
4,96974E+0	7,54160E-12
4,98074E+0	5,71300E-12
4,99173E+0	5,29100E-12
5,00272E+0	7,24280E-12
5,01372E+0	7,76690E-12
5,02471E+0	5,98660E-12
5,03571E+0	5,43910E-12
5,04670E+0	5,40690E-12
5,05770E+0	7,02260E-12
5,06869E+0	4,44580E-12
5,07969E+0	5,64080E-12
5,09068E+0	6,51160E-12
5,10168E+0	7,75960E-12
5,11268E+0	6,42570E-12
5,12367E+0	6,98530E-12
5,13466E+0	4,69900E-12
5,14566E+0	6,59910E-12
5,15665E+0	5,32540E-12
5,16765E+0	3,51660E-12
5,17864E+0	5,75540E-12
5,18964E+0	3,77440E-12
5,20064E+0	6,49280E-12
5,21163E+0	5,92550E-12
5,22262E+0	6,87540E-12
5,23362E+0	6,03240E-12
5,24461E+0	3,48780E-12
5,25561E+0	4,80010E-12
5,26660E+0	6,65240E-12
5,27760E+0	6,07630E-12
5,28859E+0	5,27790E-12
5,29959E+0	3,66380E-12
5,31058E+0	6,04250E-12
5,32158E+0	6,43520E-12
5,33257E+0	5,28570E-12
5,34357E+0	6,86550E-12
5,35457E+0	4,99210E-12
5,36556E+0	5,57210E-12
5,37655E+0	7,47240E-12
5,38755E+0	6,15900E-12
5,39854E+0	6,72650E-12
5,40954E+0	4,26600E-12
5,42053E+0	6,05140E-12
5,43153E+0	4,80930E-12
5,44252E+0	4,89500E-12
5,45352E+0	6,52760E-12
5,46451E+0	5,26580E-12
5,47551E+0	7,48520E-12
5,48651E+0	8,52660E-12
5,49750E+0	4,62170E-12
5,50849E+0	6,26770E-12
5,51949E+0	7,44020E-12
5,53048E+0	8,24880E-12
5,54148E+0	7,65650E-12
5,55247E+0	6,89230E-12
5,56347E+0	5,71290E-12
5,57447E+0	4,98020E-12
5,58546E+0	6,06300E-12
5,59645E+0	8,72080E-12
5,60745E+0	8,24640E-12
5,61845E+0	6,51230E-12
5,62944E+0	7,06540E-12
5,64043E+0	6,53210E-12
5,65143E+0	8,17260E-12
5,66242E+0	5,65170E-12
5,67342E+0	7,51510E-12
5,68441E+0	8,48030E-12
5,69541E+0	7,52640E-12
5,70641E+0	8,47130E-12
5,71740E+0	7,29730E-12
5,72839E+0	8,15310E-12
5,73939E+0	9,68020E-12
5,75038E+0	6,63560E-12
5,76138E+0	6,45760E-12
5,77237E+0	6,60320E-12
5,78337E+0	5,78950E-12
5,79436E+0	9,24740E-12
5,80536E+0	6,91420E-12
5,81635E+0	6,07490E-12
5,82735E+0	7,08900E-12
5,83834E+0	8,61630E-12
5,84934E+0	5,99440E-12
5,86034E+0	1,06311E-11
5,87133E+0	6,69830E-12
5,88232E+0	5,92750E-12
5,89332E+0	6,61200E-12
5,90431E+0	6,80610E-12
5,91531E+0	6,83080E-12
5,92630E+0	9,84960E-12
5,93730E+0	9,40920E-12
5,94829E+0	1,00950E-11
5,95929E+0	8,48190E-12
5,97028E+0	1,00273E-11
5,98128E+0	8,57610E-12
5,99227E+0	9,01880E-12
6,00327E+0	1,00486E-11
6,01426E+0	1,11559E-11
6,02526E+0	1,16682E-11
6,03625E+0	7,82740E-12
6,04725E+0	7,93610E-12
6,05824E+0	7,10590E-12
6,06924E+0	1,03079E-11
6,08024E+0	1,08086E-11
6,09123E+0	9,97720E-12
6,10222E+0	9,23980E-12
6,11322E+0	1,04208E-11
6,12421E+0	9,29160E-12
6,13521E+0	1,22588E-11
6,14620E+0	1,07480E-11
6,15720E+0	1,10044E-11
6,16819E+0	9,07260E-12
6,17919E+0	9,94860E-12
6,19018E+0	9,97990E-12
6,20118E+0	7,08370E-12
6,21218E+0	9,65960E-12
6,22317E+0	9,52540E-12
6,23416E+0	9,35640E-12
6,24516E+0	9,83150E-12
6,25615E+0	7,49340E-12
6,26715E+0	7,80400E-12
6,27814E+0	8,50240E-12
6,28914E+0	1,01099E-11
6,30014E+0	1,10019E-11
6,31113E+0	1,08084E-11
6,32212E+0	1,05570E-11
6,33312E+0	1,05656E-11
6,34411E+0	9,23370E-12
6,35511E+0	1,01079E-11
6,36610E+0	1,07611E-11
6,37710E+0	6,71140E-12
6,38809E+0	9,35570E-12
6,39909E+0	9,44090E-12
6,41008E+0	1,12569E-11
6,42108E+0	1,28856E-11
6,43207E+0	1,36966E-11
6,44307E+0	1,14845E-11
6,45406E+0	1,34308E-11
6,46506E+0	1,04619E-11
6,47605E+0	9,05400E-12
6,48705E+0	1,23642E-11
6,49804E+0	1,13885E-11
6,50904E+0	1,19532E-11
6,52003E+0	1,16914E-11
6,53103E+0	1,13894E-11
6,54202E+0	1,39210E-11
6,55302E+0	1,22618E-11
6,56401E+0	1,22156E-11
6,57501E+0	1,13966E-11
6,58601E+0	1,24092E-11
6,59700E+0	1,49327E-11
6,60799E+0	1,50511E-11
6,61899E+0	1,12951E-11
6,62998E+0	1,22124E-11
6,64098E+0	1,09826E-11
6,65197E+0	1,38815E-11
6,66297E+0	1,20334E-11
6,67396E+0	1,25711E-11
6,68496E+0	1,40931E-11
6,69595E+0	1,38280E-11
6,70695E+0	1,44154E-11
6,71795E+0	1,32396E-11
6,72894E+0	1,44176E-11
6,73993E+0	1,25205E-11
6,75093E+0	1,34520E-11
6,76192E+0	1,22176E-11
6,77292E+0	1,16192E-11
6,78391E+0	1,27158E-11
6,79491E+0	1,58914E-11
6,80591E+0	1,41193E-11
6,81690E+0	1,33051E-11
6,82789E+0	1,35218E-11
6,83889E+0	1,29424E-11
6,84988E+0	1,36928E-11
6,86088E+0	1,42154E-11
6,87187E+0	1,29665E-11
6,88287E+0	1,25244E-11
6,89386E+0	1,12708E-11
6,90486E+0	1,33899E-11
6,91585E+0	1,61369E-11
6,92685E+0	1,69730E-11
6,93784E+0	1,63428E-11
6,94884E+0	1,56534E-11
6,95983E+0	1,45703E-11
6,97083E+0	1,41569E-11
6,98182E+0	1,62429E-11
6,99282E+0	1,67028E-11
7,00381E+0	1,58663E-11
7,01481E+0	1,77131E-11
7,02580E+0	1,64014E-11
7,03680E+0	2,06674E-11
7,04779E+0	1,82288E-11
7,05879E+0	1,57092E-11
7,06978E+0	1,52162E-11
7,08078E+0	1,30632E-11
7,09177E+0	1,76074E-11
7,10277E+0	1,76573E-11
7,11376E+0	1,45344E-11
7,12476E+0	1,29347E-11
7,13575E+0	1,74685E-11
7,14675E+0	1,63078E-11
7,15774E+0	1,84906E-11
7,16874E+0	1,64118E-11
7,17973E+0	1,73035E-11
7,19073E+0	1,69134E-11
7,20172E+0	1,89985E-11
7,21272E+0	1,75801E-11
7,22371E+0	1,72490E-11
7,23471E+0	1,63352E-11
7,24570E+0	1,87794E-11
7,25670E+0	1,67906E-11
7,26769E+0	2,08969E-11
7,27869E+0	1,71298E-11
7,28968E+0	1,71112E-11
7,30068E+0	1,81361E-11
7,31168E+0	1,86842E-11
7,32267E+0	1,45690E-11
7,33366E+0	1,94799E-11
7,34466E+0	1,95388E-11
7,35565E+0	1,66983E-11
7,36665E+0	2,07489E-11
7,37764E+0	1,92186E-11
7,38864E+0	1,76240E-11
7,39963E+0	1,49848E-11
7,41063E+0	1,84734E-11
7,42162E+0	2,00261E-11
7,43262E+0	1,87819E-11
7,44361E+0	2,40220E-11
7,45461E+0	2,09060E-11
7,46560E+0	2,22980E-11
7,47660E+0	2,27460E-11
7,48759E+0	2,50470E-11
7,49859E+0	2,20370E-11
7,50958E+0	2,04701E-11
7,52058E+0	1,88453E-11
7,53157E+0	2,03198E-11
7,54257E+0	2,09051E-11
7,55356E+0	2,09020E-11
7,56456E+0	2,00500E-11
7,57555E+0	2,35700E-11
7,58655E+0	2,30690E-11
7,59754E+0	2,05180E-11
7,60854E+0	2,11570E-11
7,61953E+0	2,26000E-11
7,63053E+0	2,34280E-11
7,64152E+0	2,44140E-11
7,65252E+0	2,02680E-11
7,66351E+0	2,38830E-11
7,67451E+0	2,35530E-11
7,68551E+0	2,13400E-11
7,69650E+0	2,36500E-11
7,70749E+0	2,15060E-11
7,71849E+0	2,17690E-11
7,72948E+0	2,33290E-11
7,74048E+0	2,63330E-11
7,75147E+0	2,58830E-11
7,76247E+0	2,67380E-11
7,77346E+0	2,34370E-11
7,78446E+0	2,15870E-11
7,79545E+0	2,28890E-11
7,80645E+0	2,36530E-11
7,81745E+0	2,54660E-11
7,82844E+0	2,27800E-11
7,83943E+0	2,72200E-11
7,85043E+0	2,64750E-11
7,86142E+0	2,54390E-11
7,87242E+0	2,83920E-11
7,88341E+0	2,61960E-11
7,89441E+0	2,83740E-11
7,90541E+0	2,47080E-11
7,91640E+0	2,27700E-11
7,92739E+0	3,40810E-11
7,93839E+0	2,96360E-11
7,94938E+0	2,75010E-11
7,96038E+0	2,75790E-11
7,97137E+0	3,04980E-11
7,98237E+0	3,22280E-11
7,99336E+0	2,93700E-11
8,00436E+0	2,67270E-11
8,01535E+0	2,71710E-11
8,02635E+0	2,80380E-11
8,03734E+0	2,47340E-11
8,04834E+0	3,44280E-11
8,05933E+0	2,87290E-11
8,07033E+0	2,89780E-11
8,08132E+0	3,09160E-11
8,09232E+0	3,18900E-11
8,10332E+0	2,98450E-11
8,11431E+0	3,39100E-11
8,12530E+0	3,18390E-11
8,13630E+0	2,95300E-11
8,14729E+0	3,16660E-11
8,15829E+0	3,19900E-11
8,16928E+0	3,08250E-11
8,18028E+0	3,10190E-11
8,19127E+0	2,97070E-11
8,20227E+0	3,78090E-11
8,21326E+0	3,91710E-11
8,22426E+0	3,07460E-11
8,23526E+0	3,03890E-11
8,24625E+0	3,10450E-11
8,25724E+0	3,14560E-11
8,26824E+0	3,47010E-11
8,27923E+0	3,48620E-11
8,29023E+0	3,05380E-11
8,30122E+0	3,37080E-11
8,31222E+0	3,35670E-11
8,32321E+0	3,38770E-11
8,33421E+0	3,43990E-11
8,34520E+0	3,44980E-11
8,35620E+0	3,83210E-11
8,36720E+0	3,56030E-11
8,37819E+0	3,39710E-11
8,38918E+0	3,40230E-11
8,40018E+0	3,27110E-11
8,41118E+0	3,49300E-11
8,42217E+0	4,06520E-11
8,43316E+0	3,71850E-11
8,44416E+0	3,98180E-11
8,45515E+0	3,49300E-11
8,46615E+0	3,83800E-11
8,47715E+0	3,79410E-11
8,48814E+0	4,05960E-11
8,49913E+0	4,27960E-11
8,51013E+0	4,30620E-11
8,52112E+0	3,75060E-11
8,53212E+0	4,35180E-11
8,54311E+0	4,50480E-11
8,55411E+0	4,46600E-11
8,56510E+0	4,28400E-11
8,57610E+0	4,22550E-11
8,58709E+0	3,65250E-11
8,59809E+0	4,66550E-11
8,60909E+0	4,46920E-11
8,62008E+0	4,51610E-11
8,63107E+0	4,85630E-11
8,64207E+0	4,35730E-11
8,65306E+0	4,90600E-11
8,66406E+0	4,80630E-11
8,67505E+0	4,86740E-11
8,68605E+0	4,53320E-11
8,69704E+0	4,84950E-11
8,70804E+0	4,96770E-11
8,71903E+0	4,33080E-11
8,73003E+0	4,73830E-11
8,74102E+0	4,55880E-11
8,75202E+0	4,98770E-11
8,76301E+0	5,31820E-11
8,77401E+0	4,65260E-11
8,78500E+0	5,02450E-11
8,79600E+0	4,80360E-11
8,80699E+0	4,52140E-11
8,81799E+0	4,99890E-11
8,82898E+0	4,88230E-11
8,83998E+0	4,68130E-11
8,85098E+0	4,62770E-11
8,86197E+0	4,45300E-11
8,87296E+0	4,20270E-11
8,88396E+0	4,96130E-11
8,89495E+0	4,37350E-11
8,90595E+0	4,35970E-11
8,91694E+0	4,77500E-11
8,92794E+0	4,25090E-11
8,93894E+0	4,63640E-11
8,94993E+0	4,31630E-11
8,96092E+0	4,14030E-11
8,97192E+0	4,72450E-11
8,98291E+0	4,52590E-11
8,99391E+0	4,60310E-11
9,00490E+0	4,59450E-11
9,01590E+0	4,37470E-11
9,02689E+0	4,45900E-11
9,03789E+0	4,39710E-11
9,04889E+0	4,15130E-11
9,05988E+0	4,28620E-11
9,07087E+0	4,19140E-11
9,08187E+0	4,46280E-11
9,09286E+0	3,67120E-11
9,10386E+0	4,36250E-11
9,11485E+0	4,24410E-11
9,12585E+0	4,96070E-11
9,13684E+0	4,23560E-11
9,14784E+0	4,10830E-11
9,15883E+0	4,14480E-11
9,16983E+0	4,40680E-11
9,18082E+0	4,72820E-11
9,19182E+0	4,44160E-11
9,20281E+0	4,11410E-11
9,21381E+0	3,60020E-11
9,22480E+0	4,21110E-11
9,23580E+0	3,97760E-11
9,24679E+0	4,67030E-11
9,25779E+0	4,37840E-11
9,26878E+0	3,62320E-11
9,27978E+0	3,82880E-11
9,29077E+0	4,08930E-11
9,30177E+0	4,25180E-11
9,31277E+0	4,54370E-11
9,32376E+0	4,05090E-11
9,33475E+0	3,96530E-11
9,34575E+0	3,65030E-11
9,35674E+0	4,53670E-11
9,36774E+0	4,13720E-11
9,37873E+0	3,73230E-11
9,38973E+0	3,64770E-11
9,40072E+0	4,33660E-11
9,41172E+0	4,11910E-11
9,42272E+0	3,69610E-11
9,43371E+0	4,63990E-11
9,44470E+0	3,96900E-11
9,45570E+0	4,07460E-11
9,46669E+0	4,16130E-11
9,47769E+0	4,15470E-11
9,48869E+0	4,13910E-11
9,49968E+0	3,83250E-11
9,51067E+0	4,36500E-11
9,52167E+0	3,98850E-11
9,53266E+0	4,24730E-11
9,54366E+0	4,24610E-11
9,55465E+0	4,08200E-11
9,56565E+0	4,37480E-11
9,57665E+0	3,71440E-11
9,58764E+0	4,07920E-11
9,59863E+0	4,43460E-11
9,60963E+0	4,40650E-11
9,62062E+0	4,25660E-11
9,62210E+0	4,16420E-11
9,63076E+0	4,12730E-11
9,63942E+0	4,10700E-11
9,64808E+0	4,58690E-11
9,65674E+0	4,49680E-11
9,66540E+0	4,34050E-11
9,67406E+0	4,35720E-11
9,68272E+0	5,02450E-11
9,69138E+0	4,91910E-11
9,70004E+0	4,31910E-11
9,70870E+0	4,88080E-11
9,71737E+0	4,50010E-11
9,72603E+0	4,97530E-11
9,73469E+0	4,84760E-11
9,74335E+0	5,20180E-11
9,75201E+0	5,66700E-11
9,76067E+0	5,12300E-11
9,76933E+0	5,00320E-11
9,77799E+0	5,44980E-11
9,78665E+0	5,16290E-11
9,79531E+0	5,20690E-11
9,80397E+0	5,75360E-11
9,81263E+0	5,19020E-11
9,82130E+0	5,48340E-11
9,82996E+0	5,72160E-11
9,83862E+0	5,46290E-11
9,84728E+0	5,58960E-11
9,85594E+0	5,50590E-11
9,86460E+0	6,63310E-11
9,87326E+0	5,87150E-11
9,88192E+0	5,88170E-11
9,89058E+0	6,43820E-11
9,89924E+0	6,75260E-11
9,90790E+0	6,64950E-11
9,91656E+0	6,24860E-11
9,92522E+0	5,97630E-11
9,93389E+0	5,42650E-11
9,94255E+0	5,92350E-11
9,95121E+0	5,95610E-11
9,95987E+0	5,89940E-11
9,96853E+0	6,13280E-11
9,97719E+0	5,87330E-11
9,98585E+0	5,75120E-11
9,99451E+0	5,39360E-11
1,00032E+1	5,08790E-11
1,00118E+1	5,01100E-11
1,00205E+1	5,70110E-11
1,00292E+1	5,22970E-11
1,00378E+1	5,28640E-11
1,00465E+1	5,43460E-11
1,00551E+1	5,18300E-11
1,00638E+1	5,06740E-11
1,00725E+1	4,93310E-11
1,00811E+1	5,92480E-11
1,00898E+1	5,62290E-11
1,00984E+1	5,05090E-11
1,01071E+1	5,35890E-11
1,01158E+1	5,15020E-11
1,01244E+1	4,57990E-11
1,01331E+1	4,82470E-11
1,01417E+1	5,31750E-11
1,01504E+1	4,78950E-11
1,01591E+1	4,86840E-11
1,01677E+1	4,66390E-11
1,01764E+1	4,73630E-11
1,01850E+1	4,64740E-11
1,01937E+1	5,18610E-11
1,02024E+1	4,84110E-11
1,02110E+1	4,71180E-11
1,02197E+1	4,46490E-11
1,02284E+1	4,68620E-11
1,02370E+1	5,03490E-11
1,02457E+1	4,71570E-11
1,02543E+1	4,61010E-11
1,02630E+1	4,61600E-11
1,02717E+1	5,06370E-11
1,02803E+1	4,99930E-11
1,02890E+1	4,88590E-11
1,02976E+1	5,24590E-11
1,03063E+1	4,73930E-11
1,03150E+1	4,15160E-11
1,03236E+1	4,74370E-11
1,03323E+1	4,60260E-11
1,03409E+1	4,39400E-11
1,03496E+1	4,58510E-11
1,03583E+1	4,22710E-11
1,03669E+1	3,63030E-11
1,03756E+1	4,29720E-11
1,03842E+1	4,47280E-11
1,03929E+1	3,91960E-11
1,04016E+1	3,79970E-11
1,04102E+1	3,71570E-11
1,04189E+1	3,65940E-11
1,04276E+1	3,61840E-11
1,04362E+1	3,89420E-11
1,04449E+1	3,43120E-11
1,04535E+1	3,71950E-11
1,04622E+1	3,53530E-11
1,04709E+1	3,35550E-11
1,04795E+1	3,28150E-11
1,04882E+1	3,11330E-11
1,04968E+1	3,12990E-11
1,05055E+1	2,46640E-11
1,05142E+1	2,48450E-11
1,05228E+1	2,21310E-11
1,05315E+1	2,86140E-11
1,05401E+1	2,58260E-11
1,05488E+1	2,37710E-11
1,05575E+1	2,01100E-11
1,05661E+1	2,03610E-11
1,05748E+1	2,06161E-11
1,05834E+1	1,81506E-11
1,05921E+1	1,86076E-11
1,06008E+1	2,01619E-11
1,06094E+1	1,42390E-11
1,06181E+1	1,88044E-11
1,06267E+1	1,27078E-11
1,06354E+1	1,03784E-11
1,06441E+1	1,11256E-11
1,06527E+1	1,37101E-11
1,06614E+1	8,79680E-12
1,06701E+1	9,05240E-12
1,06787E+1	6,65270E-12
1,06874E+1	9,22170E-12
1,06960E+1	8,80480E-12
1,07047E+1	6,59600E-12
1,07134E+1	6,56610E-12
1,07220E+1	7,58640E-12
1,07307E+1	4,75210E-12
1,07393E+1	4,93880E-12
1,07480E+1	3,89460E-12
1,07567E+1	3,24940E-12
1,07653E+1	3,19020E-12
1,07740E+1	1,22210E-12
1,07826E+1	3,99400E-13
1,07913E+1	9,30800E-13
1,08000E+1	7,28300E-13
1,08086E+1	5,81000E-13
1,08173E+1	1,32420E-12
1,08259E+1	-3,60000E-15
1,08346E+1	-6,72800E-13
1,08433E+1	-9,34600E-13
1,08519E+1	-1,33570E-12
1,08606E+1	-5,29900E-13
1,08693E+1	-7,37900E-13
1,08779E+1	-8,51800E-13
1,08866E+1	-1,70930E-12
1,08952E+1	-1,80850E-12
1,09039E+1	-1,50240E-12
1,09126E+1	-1,61820E-12
1,09212E+1	-1,92720E-12
1,09299E+1	-1,63060E-12
1,09385E+1	-2,11150E-12
1,09472E+1	-2,29790E-12
1,09559E+1	-2,10320E-12
1,09645E+1	-2,02700E-12
1,09732E+1	-2,19580E-12
1,09818E+1	-2,30390E-12
1,09905E+1	-2,20540E-12
1,09992E+1	-2,13790E-12
1,10078E+1	-2,10630E-12
1,10165E+1	-2,39040E-12
1,10251E+1	-2,26730E-12
1,10338E+1	-2,38400E-12
1,10425E+1	-2,32570E-12
1,10511E+1	-2,30040E-12
1,10598E+1	-2,47040E-12
1,10684E+1	-2,30530E-12
1,10771E+1	-2,50500E-12
1,10858E+1	-2,41860E-12
1,10944E+1	-2,37200E-12
1,11031E+1	-2,52510E-12
1,11118E+1	-2,41060E-12
1,11204E+1	-2,45540E-12
1,11291E+1	-2,35960E-12
1,11377E+1	-2,26050E-12
1,11464E+1	-2,37810E-12
1,11551E+1	-2,39870E-12
1,11637E+1	-2,41810E-12
1,11724E+1	-2,50680E-12
1,11810E+1	-2,30370E-12
1,11897E+1	-2,44180E-12
1,11984E+1	-2,45030E-12
1,12070E+1	-2,47840E-12
1,12157E+1	-2,49930E-12
1,12243E+1	-2,47130E-12
1,12330E+1	-2,49880E-12
1,12417E+1	-2,39350E-12
1,12503E+1	-2,07410E-12
1,12590E+1	-2,36750E-12
1,12676E+1	-2,46210E-12
1,12763E+1	-2,54020E-12
1,12850E+1	-2,49590E-12
1,12936E+1	-2,48550E-12
1,13023E+1	-2,54320E-12
1,13110E+1	-2,47680E-12
1,13196E+1	-2,52730E-12
1,13283E+1	-2,50460E-12
1,13369E+1	-2,48680E-12
1,13456E+1	-2,32710E-12
1,13543E+1	-2,45610E-12
1,13629E+1	-2,51040E-12
1,13716E+1	-2,52930E-12
1,13802E+1	-2,47270E-12
1,13889E+1	-2,55740E-12
1,13976E+1	-2,33640E-12
1,14062E+1	-2,46230E-12
1,14149E+1	-2,51820E-12
1,14235E+1	-2,48760E-12
1,14322E+1	-2,54530E-12
1,14409E+1	-2,50140E-12
1,14495E+1	-2,52440E-12
1,14582E+1	-2,46740E-12
1,14668E+1	-2,34970E-12
1,14755E+1	-2,52030E-12
1,14842E+1	-2,39030E-12
