E, keV	I, A
2,00109E+0	-1,50790E-12
2,01208E+0	8,53900E-13
2,02308E+0	9,49800E-13
2,03408E+0	7,75100E-13
2,04507E+0	-7,85000E-14
2,05606E+0	-5,27900E-13
2,06706E+0	1,77900E-13
2,07805E+0	-7,28000E-14
2,08905E+0	-2,65600E-13
2,10004E+0	-7,27000E-14
2,11104E+0	-6,98700E-13
2,12203E+0	6,07000E-13
2,13303E+0	-1,29300E-13
2,14402E+0	-6,07600E-13
2,15502E+0	6,00000E-14
2,16601E+0	-3,06800E-13
2,17701E+0	2,91200E-13
2,18800E+0	1,98000E-14
2,19900E+0	-7,93400E-13
2,20999E+0	-8,60000E-15
2,22099E+0	-2,54400E-13
2,23198E+0	-1,67000E-13
2,24298E+0	1,06500E-13
2,25397E+0	-7,40300E-13
2,26497E+0	-5,75300E-13
2,27596E+0	-1,31410E-12
2,28696E+0	-5,55600E-13
2,29795E+0	-1,33020E-12
2,30895E+0	-1,14810E-12
2,31994E+0	-1,38630E-12
2,33094E+0	-8,56900E-13
2,34193E+0	-4,75300E-13
2,35293E+0	-6,51900E-13
2,36392E+0	-1,33430E-12
2,37492E+0	-9,15900E-13
2,38591E+0	-1,24260E-12
2,39691E+0	-1,63030E-12
2,40790E+0	-2,75700E-13
2,41890E+0	-1,19140E-12
2,42989E+0	-8,17100E-13
2,44089E+0	-6,73100E-13
2,45188E+0	-8,25400E-13
2,46288E+0	-1,50570E-12
2,47387E+0	-1,79830E-12
2,48487E+0	-1,42440E-12
2,49586E+0	-1,57800E-12
2,50686E+0	-2,00030E-12
2,51785E+0	-1,45240E-12
2,52885E+0	-1,03580E-12
2,53984E+0	-7,36100E-13
2,55084E+0	-1,81460E-12
2,56183E+0	-1,44100E-12
2,57283E+0	-1,29650E-12
2,58383E+0	-1,21400E-12
2,59482E+0	-1,75790E-12
2,60581E+0	-1,40880E-12
2,61681E+0	-1,14870E-12
2,62780E+0	-1,33430E-12
2,63880E+0	-1,13040E-12
2,64980E+0	-1,60810E-12
2,66079E+0	-1,77580E-12
2,67178E+0	-1,74700E-12
2,68278E+0	-1,69660E-12
2,69378E+0	-1,19270E-12
2,70477E+0	-1,99710E-12
2,71577E+0	-1,69450E-12
2,72676E+0	-1,23750E-12
2,73775E+0	-1,16790E-12
2,74875E+0	-1,79350E-12
2,75974E+0	-1,22570E-12
2,77074E+0	-1,55280E-12
2,78173E+0	-1,68250E-12
2,79273E+0	-1,46070E-12
2,80372E+0	-1,19020E-12
2,81472E+0	-1,15720E-12
2,82571E+0	-8,35300E-13
2,83671E+0	-1,59170E-12
2,84770E+0	-1,35830E-12
2,85870E+0	-1,34130E-12
2,86969E+0	-9,95200E-13
2,88069E+0	-1,32330E-12
2,89168E+0	-1,54880E-12
2,90268E+0	-1,52110E-12
2,91367E+0	-8,19400E-13
2,92467E+0	-1,25390E-12
2,93566E+0	-1,27000E-12
2,94666E+0	-9,23800E-13
2,95765E+0	-1,17570E-12
2,96865E+0	-1,47110E-12
2,97964E+0	-1,84120E-12
2,99064E+0	-1,96640E-12
3,00163E+0	-1,56360E-12
3,01263E+0	-1,59340E-12
3,02363E+0	-1,13960E-12
3,03462E+0	-1,47720E-12
3,04561E+0	-7,39500E-13
3,05661E+0	5,98000E-14
3,06760E+0	-4,31800E-13
3,07860E+0	-8,29100E-13
3,08959E+0	-7,48600E-13
3,10059E+0	-9,74200E-13
3,11158E+0	-1,48930E-12
3,12258E+0	-1,16790E-12
3,13357E+0	-1,37500E-13
3,14457E+0	2,80000E-15
3,15556E+0	-5,22500E-13
3,16656E+0	-1,50780E-12
3,17755E+0	-1,23490E-12
3,18855E+0	-7,58600E-13
3,19955E+0	-1,31880E-12
3,21054E+0	-6,25200E-13
3,22153E+0	-7,33900E-13
3,23253E+0	-1,34950E-12
3,24352E+0	-1,49140E-12
3,25452E+0	-1,50390E-12
3,26552E+0	-1,27000E-12
3,27651E+0	-1,01600E-12
3,28750E+0	-1,00170E-12
3,29850E+0	-8,28500E-13
3,30949E+0	-1,53140E-12
3,32049E+0	-8,18300E-13
3,33148E+0	-1,28890E-12
3,34248E+0	-7,90900E-13
3,35347E+0	-1,37640E-12
3,36447E+0	-1,77530E-12
3,37546E+0	-1,03190E-12
3,38646E+0	-1,26180E-12
3,39745E+0	-7,50700E-13
3,40845E+0	-6,53400E-13
3,41944E+0	-1,30930E-12
3,43044E+0	-1,15360E-12
3,44143E+0	-7,69800E-13
3,45243E+0	-1,84700E-13
3,46342E+0	-1,18030E-12
3,47442E+0	-5,53600E-13
3,48541E+0	-6,56900E-13
3,49641E+0	-2,59100E-13
3,50740E+0	-1,16850E-12
3,51840E+0	-6,60400E-13
3,52939E+0	-7,76000E-13
3,54039E+0	-2,84700E-13
3,55138E+0	-7,26500E-13
3,56238E+0	-1,02890E-12
3,57337E+0	-4,05500E-13
3,58437E+0	-3,00500E-13
3,59536E+0	-1,49170E-12
3,60636E+0	-5,59000E-13
3,61735E+0	-1,30660E-12
3,62835E+0	-4,43200E-13
3,63934E+0	8,62000E-14
3,65034E+0	-2,15200E-13
3,66133E+0	-3,21000E-14
3,67233E+0	-1,99300E-13
3,68332E+0	-4,38900E-13
3,69432E+0	-5,19900E-13
3,70531E+0	-1,46090E-12
3,71631E+0	1,47500E-13
3,72730E+0	4,44000E-13
3,73830E+0	-2,68400E-13
3,74930E+0	-9,17500E-13
3,76029E+0	-1,52420E-12
3,77128E+0	4,83100E-13
3,78228E+0	-6,55000E-13
3,79327E+0	-3,30400E-13
3,80427E+0	-9,58500E-13
3,81527E+0	-1,01550E-12
3,82626E+0	-3,98300E-13
3,83725E+0	2,88500E-13
3,84825E+0	-5,20000E-13
3,85924E+0	-4,69500E-13
3,87024E+0	-4,45600E-13
3,88123E+0	-1,17670E-12
3,89223E+0	-5,54700E-13
3,90322E+0	-4,32000E-13
3,91422E+0	2,27000E-14
3,92521E+0	2,98100E-13
3,93621E+0	-9,67300E-13
3,94720E+0	-6,31300E-13
3,95820E+0	-1,31410E-12
3,96919E+0	-1,67890E-12
3,98019E+0	-7,51900E-13
3,99118E+0	5,92300E-13
4,00218E+0	1,18880E-12
4,01317E+0	-5,10000E-15
4,02417E+0	-3,80600E-13
4,03516E+0	7,89000E-14
4,04616E+0	-1,18000E-13
4,05715E+0	-1,08130E-12
4,06815E+0	-6,27800E-13
4,07914E+0	-7,94800E-13
4,09014E+0	-2,32700E-13
4,10113E+0	3,16300E-13
4,11213E+0	-1,65000E-14
4,12312E+0	-2,22300E-13
4,13412E+0	-1,17040E-12
4,14511E+0	6,61700E-13
4,15611E+0	-7,68600E-13
4,16710E+0	-1,40700E-13
4,17810E+0	-5,10000E-15
4,18910E+0	1,44300E-13
4,20009E+0	-3,83600E-13
4,21108E+0	5,34600E-13
4,22208E+0	-4,58000E-14
4,23307E+0	-5,42500E-13
4,24407E+0	-1,99200E-13
4,25507E+0	-2,03700E-13
4,26606E+0	6,23300E-13
4,27705E+0	3,26500E-13
4,28805E+0	1,74600E-13
4,29904E+0	-6,53500E-13
4,31004E+0	-4,90500E-13
4,32104E+0	6,77000E-13
4,33203E+0	3,29900E-13
4,34302E+0	1,00100E-13
4,35402E+0	-7,15300E-13
4,36501E+0	-7,57000E-14
4,37601E+0	-5,19600E-13
4,38701E+0	3,19000E-14
4,39800E+0	3,87500E-13
4,40899E+0	-4,97000E-13
4,41999E+0	-1,53600E-13
4,43098E+0	-5,45000E-14
4,44198E+0	1,71200E-13
4,45297E+0	4,64200E-13
4,46397E+0	6,07000E-13
4,47497E+0	3,82000E-14
4,48596E+0	-2,67900E-13
4,49695E+0	1,93300E-13
4,50795E+0	-6,37300E-13
4,51895E+0	-3,45600E-13
4,52994E+0	3,51800E-13
4,54093E+0	1,94000E-14
4,55193E+0	-1,51800E-13
4,56292E+0	-1,88900E-13
4,57392E+0	6,47100E-13
4,58491E+0	1,78660E-12
4,59591E+0	3,33400E-13
4,60691E+0	1,59380E-12
4,61790E+0	6,74500E-13
4,62889E+0	9,03000E-14
4,63989E+0	5,07500E-13
4,65088E+0	1,35900E-12
4,66188E+0	8,65000E-13
4,67287E+0	1,63390E-12
4,68387E+0	1,29780E-12
4,69486E+0	4,24200E-13
4,70586E+0	6,69000E-13
4,71685E+0	8,13400E-13
4,72785E+0	1,10820E-12
4,73884E+0	2,39160E-12
4,74984E+0	2,45590E-12
4,76084E+0	3,89640E-12
4,77183E+0	2,26180E-12
4,78282E+0	5,06260E-12
4,79382E+0	7,21680E-12
4,80481E+0	5,10590E-12
4,81581E+0	4,05440E-12
4,82680E+0	3,95390E-12
4,83780E+0	3,51670E-12
4,84879E+0	3,27170E-12
4,85979E+0	4,24790E-12
4,87078E+0	3,61670E-12
4,88178E+0	3,75650E-12
4,89277E+0	2,19930E-12
4,90377E+0	2,40270E-12
4,91476E+0	1,98810E-12
4,92576E+0	4,73620E-12
4,93675E+0	2,01220E-12
4,94775E+0	1,69340E-12
4,95874E+0	2,38600E-12
4,96974E+0	4,74690E-12
4,98074E+0	2,38260E-12
4,99173E+0	1,65920E-12
5,00272E+0	2,17200E-12
5,01372E+0	1,54990E-12
5,02471E+0	1,00470E-12
5,03571E+0	3,30000E-13
5,04670E+0	9,64800E-13
5,05770E+0	1,64720E-12
5,06869E+0	2,68280E-12
5,07969E+0	1,89850E-12
5,09068E+0	2,58330E-12
5,10168E+0	3,18140E-12
5,11268E+0	2,62150E-12
5,12367E+0	1,39400E-12
5,13466E+0	3,07720E-12
5,14566E+0	5,14150E-12
5,15665E+0	1,86320E-12
5,16765E+0	4,34850E-12
5,17864E+0	3,43800E-12
5,18964E+0	3,42760E-12
5,20064E+0	2,11180E-12
5,21163E+0	2,15700E-12
5,22262E+0	1,65250E-12
5,23362E+0	4,10360E-12
5,24461E+0	2,11780E-12
5,25561E+0	3,75910E-12
5,26660E+0	4,67970E-12
5,27760E+0	5,56760E-12
5,28859E+0	3,97160E-12
5,29959E+0	4,23650E-12
5,31058E+0	3,96080E-12
5,32158E+0	4,19700E-12
5,33257E+0	4,27400E-12
5,34357E+0	4,50910E-12
5,35457E+0	5,23080E-12
5,36556E+0	3,64960E-12
5,37655E+0	2,60590E-12
5,38755E+0	2,98300E-12
5,39854E+0	4,50730E-12
5,40954E+0	3,33390E-12
5,42053E+0	4,81600E-12
5,43153E+0	3,81680E-12
5,44252E+0	2,75060E-12
5,45352E+0	2,37060E-12
5,46451E+0	2,38330E-12
5,47551E+0	4,57030E-12
5,48651E+0	4,46980E-12
5,49750E+0	2,79690E-12
5,50849E+0	1,81020E-12
5,51949E+0	4,21070E-12
5,53048E+0	3,36770E-12
5,54148E+0	2,38280E-12
5,55247E+0	3,84160E-12
5,56347E+0	4,60820E-12
5,57447E+0	3,50330E-12
5,58546E+0	3,76290E-12
5,59645E+0	4,25690E-12
5,60745E+0	3,71610E-12
5,61845E+0	4,37910E-12
5,62944E+0	5,45780E-12
5,64043E+0	5,36730E-12
5,65143E+0	2,79640E-12
5,66242E+0	4,13750E-12
5,67342E+0	6,11060E-12
5,68441E+0	4,18470E-12
5,69541E+0	4,19420E-12
5,70641E+0	4,14550E-12
5,71740E+0	4,72370E-12
5,72839E+0	6,77840E-12
5,73939E+0	5,66220E-12
5,75038E+0	5,29310E-12
5,76138E+0	6,56330E-12
5,77237E+0	2,84280E-12
5,78337E+0	4,91940E-12
5,79436E+0	4,53750E-12
5,80536E+0	5,44040E-12
5,81635E+0	5,25140E-12
5,82735E+0	6,45290E-12
5,83834E+0	4,64270E-12
5,84934E+0	6,39990E-12
5,86034E+0	5,14150E-12
5,87133E+0	5,60570E-12
5,88232E+0	6,13980E-12
5,89332E+0	4,80920E-12
5,90431E+0	6,72900E-12
5,91531E+0	4,43630E-12
5,92630E+0	6,10860E-12
5,93730E+0	9,43560E-12
5,94829E+0	5,69070E-12
5,95929E+0	7,51780E-12
5,97028E+0	6,19640E-12
5,98128E+0	5,86830E-12
5,99227E+0	6,17490E-12
6,00327E+0	5,96810E-12
6,01426E+0	6,51470E-12
6,02526E+0	5,30420E-12
6,03625E+0	5,63160E-12
6,04725E+0	7,23170E-12
6,05824E+0	5,97800E-12
6,06924E+0	4,30470E-12
6,08024E+0	7,21100E-12
6,09123E+0	7,75600E-12
6,10222E+0	6,81350E-12
6,11322E+0	6,28020E-12
6,12421E+0	7,20410E-12
6,13521E+0	9,03170E-12
6,14620E+0	6,23750E-12
6,15720E+0	6,19100E-12
6,16819E+0	3,91910E-12
6,17919E+0	5,75160E-12
6,19018E+0	6,58960E-12
6,20118E+0	4,47400E-12
6,21218E+0	3,27790E-12
6,22317E+0	6,76630E-12
6,23416E+0	5,42080E-12
6,24516E+0	6,50600E-12
6,25615E+0	5,59610E-12
6,26715E+0	8,33960E-12
6,27814E+0	7,95230E-12
6,28914E+0	7,84960E-12
6,30014E+0	7,60190E-12
6,31113E+0	8,13690E-12
6,32212E+0	9,01470E-12
6,33312E+0	1,15952E-11
6,34411E+0	7,90190E-12
6,35511E+0	7,66590E-12
6,36610E+0	7,98120E-12
6,37710E+0	1,27617E-11
6,38809E+0	6,65170E-12
6,39909E+0	6,75570E-12
6,41008E+0	6,91300E-12
6,42108E+0	6,07460E-12
6,43207E+0	7,34850E-12
6,44307E+0	6,49590E-12
6,45406E+0	5,06030E-12
6,46506E+0	6,52440E-12
6,47605E+0	5,77780E-12
6,48705E+0	6,47560E-12
6,49804E+0	4,03430E-12
6,50904E+0	4,82640E-12
6,52003E+0	7,33320E-12
6,53103E+0	6,82300E-12
6,54202E+0	6,70420E-12
6,55302E+0	8,34360E-12
6,56401E+0	6,79350E-12
6,57501E+0	6,25890E-12
6,58601E+0	8,36610E-12
6,59700E+0	5,31640E-12
6,60799E+0	6,50350E-12
6,61899E+0	4,77930E-12
6,62998E+0	7,83720E-12
6,64098E+0	5,31640E-12
6,65197E+0	6,08230E-12
6,66297E+0	5,05030E-12
6,67396E+0	9,24050E-12
6,68496E+0	5,98020E-12
6,69595E+0	5,47920E-12
6,70695E+0	4,31050E-12
6,71795E+0	9,59790E-12
6,72894E+0	5,88540E-12
6,73993E+0	6,85630E-12
6,75093E+0	6,93320E-12
6,76192E+0	7,58940E-12
6,77292E+0	5,64410E-12
6,78391E+0	4,25180E-12
6,79491E+0	5,78100E-12
6,80591E+0	7,56630E-12
6,81690E+0	7,29230E-12
6,82789E+0	5,10570E-12
6,83889E+0	4,45030E-12
6,84988E+0	6,85160E-12
6,86088E+0	1,01713E-11
6,87187E+0	7,19530E-12
6,88287E+0	5,63020E-12
6,89386E+0	7,95450E-12
6,90486E+0	7,08910E-12
6,91585E+0	7,18730E-12
6,92685E+0	7,32970E-12
6,93784E+0	9,21120E-12
6,94884E+0	4,65960E-12
6,95983E+0	5,43360E-12
6,97083E+0	8,52540E-12
6,98182E+0	9,24200E-12
6,99282E+0	7,49720E-12
7,00381E+0	8,10450E-12
7,01481E+0	8,06560E-12
7,02580E+0	1,01803E-11
7,03680E+0	8,15120E-12
7,04779E+0	8,48020E-12
7,05879E+0	9,52150E-12
7,06978E+0	8,29390E-12
7,08078E+0	7,34260E-12
7,09177E+0	6,19040E-12
7,10277E+0	5,56630E-12
7,11376E+0	6,37930E-12
7,12476E+0	8,19300E-12
7,13575E+0	7,65150E-12
7,14675E+0	6,15940E-12
7,15774E+0	6,05030E-12
7,16874E+0	1,00581E-11
7,17973E+0	8,63920E-12
7,19073E+0	7,81990E-12
7,20172E+0	5,92770E-12
7,21272E+0	9,55690E-12
7,22371E+0	7,72600E-12
7,23471E+0	8,10260E-12
7,24570E+0	9,45300E-12
7,25670E+0	9,24490E-12
7,26769E+0	8,06180E-12
7,27869E+0	8,45330E-12
7,28968E+0	7,80310E-12
7,30068E+0	5,36130E-12
7,31168E+0	5,41750E-12
7,32267E+0	9,22730E-12
7,33366E+0	8,32940E-12
7,34466E+0	7,92660E-12
7,35565E+0	8,68780E-12
7,36665E+0	8,22560E-12
7,37764E+0	8,74130E-12
7,38864E+0	6,68220E-12
7,39963E+0	8,40630E-12
7,41063E+0	6,30350E-12
7,42162E+0	9,41380E-12
7,43262E+0	9,34350E-12
7,44361E+0	7,43370E-12
7,45461E+0	7,34700E-12
7,46560E+0	6,33590E-12
7,47660E+0	5,50730E-12
7,48759E+0	7,66270E-12
7,49859E+0	6,69470E-12
7,50958E+0	9,53600E-12
7,52058E+0	7,41090E-12
7,53157E+0	9,82200E-12
7,54257E+0	6,58850E-12
7,55356E+0	7,46160E-12
7,56456E+0	8,80920E-12
7,57555E+0	6,54070E-12
7,58655E+0	1,01508E-11
7,59754E+0	7,47450E-12
7,60854E+0	5,52000E-12
7,61953E+0	8,97540E-12
7,63053E+0	6,68080E-12
7,64152E+0	8,79640E-12
7,65252E+0	1,02325E-11
7,66351E+0	9,40120E-12
7,67451E+0	7,28790E-12
7,68551E+0	7,10170E-12
7,69650E+0	6,37770E-12
7,70749E+0	7,14590E-12
7,71849E+0	7,48140E-12
7,72948E+0	1,25505E-11
7,74048E+0	8,26240E-12
7,75147E+0	5,87360E-12
7,76247E+0	5,11360E-12
7,77346E+0	6,82790E-12
7,78446E+0	8,41820E-12
7,79545E+0	8,05460E-12
7,80645E+0	6,88520E-12
7,81745E+0	1,02689E-11
7,82844E+0	9,44260E-12
7,83943E+0	7,49450E-12
7,85043E+0	6,94610E-12
7,86142E+0	9,52270E-12
7,87242E+0	7,31970E-12
7,88341E+0	5,20670E-12
7,89441E+0	6,20810E-12
7,90541E+0	8,72140E-12
7,91640E+0	7,58320E-12
7,92739E+0	1,03674E-11
7,93839E+0	6,93220E-12
7,94938E+0	6,33040E-12
7,96038E+0	7,40720E-12
7,97137E+0	7,08250E-12
7,98237E+0	6,77310E-12
7,99336E+0	6,61530E-12
8,00436E+0	9,54870E-12
8,01535E+0	8,88470E-12
8,02635E+0	8,17810E-12
8,03734E+0	7,01230E-12
8,04834E+0	7,17250E-12
8,05933E+0	7,35790E-12
8,07033E+0	8,45010E-12
8,08132E+0	7,10950E-12
8,09232E+0	5,82250E-12
8,10332E+0	7,48650E-12
8,11431E+0	7,54660E-12
8,12530E+0	8,19940E-12
8,13630E+0	8,23220E-12
8,14729E+0	7,86420E-12
8,15829E+0	1,02107E-11
8,16928E+0	1,27078E-11
8,18028E+0	8,11630E-12
8,19127E+0	8,37280E-12
8,20227E+0	1,21493E-11
8,21326E+0	8,77790E-12
8,22426E+0	1,06671E-11
8,23526E+0	9,67790E-12
8,24625E+0	1,29859E-11
8,25724E+0	9,13800E-12
8,26824E+0	6,27770E-12
8,27923E+0	1,13107E-11
8,29023E+0	8,78250E-12
8,30122E+0	7,91840E-12
8,31222E+0	9,54450E-12
8,32321E+0	1,02467E-11
8,33421E+0	8,13610E-12
8,34520E+0	7,61490E-12
8,35620E+0	7,97140E-12
8,36720E+0	1,20415E-11
8,37819E+0	9,97040E-12
8,38918E+0	7,76430E-12
8,40018E+0	7,05350E-12
8,41118E+0	9,06050E-12
8,42217E+0	9,21780E-12
8,43316E+0	1,01994E-11
8,44416E+0	1,01976E-11
8,45515E+0	7,75770E-12
8,46615E+0	1,04243E-11
8,47715E+0	1,06293E-11
8,48814E+0	1,08147E-11
8,49913E+0	7,53400E-12
8,51013E+0	8,99410E-12
8,52112E+0	1,03996E-11
8,53212E+0	8,02570E-12
8,54311E+0	1,16200E-11
8,55411E+0	8,59050E-12
8,56510E+0	1,02299E-11
8,57610E+0	9,93030E-12
8,58709E+0	1,04470E-11
8,59809E+0	8,58120E-12
8,60909E+0	9,45640E-12
8,62008E+0	1,09105E-11
8,63107E+0	8,67760E-12
8,64207E+0	1,03591E-11
8,65306E+0	1,06306E-11
8,66406E+0	1,12076E-11
8,67505E+0	1,15945E-11
8,68605E+0	1,30687E-11
8,69704E+0	1,25386E-11
8,70804E+0	1,44029E-11
8,71903E+0	1,06564E-11
8,73003E+0	1,04202E-11
8,74102E+0	1,19067E-11
8,75202E+0	1,13122E-11
8,76301E+0	1,44393E-11
8,77401E+0	1,43801E-11
8,78500E+0	1,23647E-11
8,79600E+0	1,17234E-11
8,80699E+0	1,06987E-11
8,81799E+0	1,03539E-11
8,82898E+0	1,18144E-11
8,83998E+0	1,31690E-11
8,85098E+0	1,10499E-11
8,86197E+0	1,08020E-11
8,87296E+0	1,21592E-11
8,88396E+0	9,70680E-12
8,89495E+0	1,03781E-11
8,90595E+0	1,05655E-11
8,91694E+0	1,31591E-11
8,92794E+0	1,51034E-11
8,93894E+0	1,35235E-11
8,94993E+0	1,19168E-11
8,96092E+0	1,15147E-11
8,97192E+0	1,45952E-11
8,98291E+0	1,46246E-11
8,99391E+0	1,27514E-11
9,00490E+0	1,49013E-11
9,01590E+0	1,33862E-11
9,02689E+0	1,23790E-11
9,03789E+0	1,13846E-11
9,04889E+0	1,16400E-11
9,05988E+0	1,23958E-11
9,07087E+0	1,20162E-11
9,08187E+0	1,46974E-11
9,09286E+0	1,44783E-11
9,10386E+0	1,21552E-11
9,11485E+0	1,12485E-11
9,12585E+0	1,68283E-11
9,13684E+0	1,61737E-11
9,14784E+0	1,56952E-11
9,15883E+0	1,43791E-11
9,16983E+0	1,42633E-11
9,18082E+0	1,60151E-11
9,19182E+0	1,38854E-11
9,20281E+0	1,50031E-11
9,21381E+0	1,77715E-11
9,22480E+0	1,64362E-11
9,23580E+0	1,53569E-11
9,24679E+0	1,60360E-11
9,25779E+0	1,55397E-11
9,26878E+0	1,38158E-11
9,27978E+0	1,62823E-11
9,29077E+0	1,59058E-11
9,30177E+0	1,60621E-11
9,31277E+0	1,32040E-11
9,32376E+0	1,54031E-11
9,33475E+0	1,93140E-11
9,34575E+0	1,45463E-11
9,35674E+0	2,08914E-11
9,36774E+0	1,98574E-11
9,37873E+0	2,08050E-11
9,38973E+0	1,99390E-11
9,40072E+0	1,76192E-11
9,41172E+0	1,85300E-11
9,42272E+0	2,04578E-11
9,43371E+0	1,90635E-11
9,44470E+0	1,80153E-11
9,45570E+0	1,75120E-11
9,46669E+0	2,47710E-11
9,47769E+0	1,73476E-11
9,48869E+0	2,47200E-11
9,49968E+0	2,44460E-11
9,51067E+0	2,30100E-11
9,52167E+0	2,46840E-11
9,53266E+0	2,34790E-11
9,54366E+0	2,58580E-11
9,55465E+0	2,84300E-11
9,56565E+0	2,67080E-11
9,57665E+0	2,37790E-11
9,58764E+0	2,89050E-11
9,59863E+0	2,82510E-11
9,60963E+0	2,59180E-11
9,62062E+0	3,67650E-11
9,62210E+0	3,28480E-11
9,63076E+0	4,01640E-11
9,63942E+0	4,08640E-11
9,64808E+0	4,13210E-11
9,65674E+0	4,00030E-11
9,66540E+0	4,17220E-11
9,67406E+0	4,58250E-11
9,68272E+0	4,84060E-11
9,69138E+0	4,96860E-11
9,70004E+0	4,86830E-11
9,70870E+0	5,33220E-11
9,71737E+0	5,29000E-11
9,72603E+0	5,51410E-11
9,73469E+0	5,66710E-11
9,74335E+0	5,38160E-11
9,75201E+0	5,77300E-11
9,76067E+0	5,29350E-11
9,76933E+0	5,37450E-11
9,77799E+0	5,61970E-11
9,78665E+0	5,61230E-11
9,79531E+0	5,43410E-11
9,80397E+0	4,71870E-11
9,81263E+0	5,15870E-11
9,82130E+0	5,59940E-11
9,82996E+0	5,43010E-11
9,83862E+0	5,50360E-11
9,84728E+0	4,85590E-11
9,85594E+0	4,72300E-11
9,86460E+0	4,54650E-11
9,87326E+0	4,62620E-11
9,88192E+0	4,92790E-11
9,89058E+0	3,95680E-11
9,89924E+0	4,13390E-11
9,90790E+0	4,24500E-11
9,91656E+0	4,97130E-11
9,92522E+0	4,05730E-11
9,93389E+0	4,69620E-11
9,94255E+0	3,45510E-11
9,95121E+0	4,28730E-11
9,95987E+0	4,08840E-11
9,96853E+0	3,92440E-11
9,97719E+0	3,72320E-11
9,98585E+0	3,53530E-11
9,99451E+0	2,99970E-11
1,00032E+1	3,53000E-11
1,00118E+1	3,84830E-11
1,00205E+1	3,93330E-11
1,00292E+1	3,16240E-11
1,00378E+1	3,38440E-11
1,00465E+1	3,21730E-11
1,00551E+1	3,76560E-11
1,00638E+1	3,59080E-11
1,00725E+1	3,60780E-11
1,00811E+1	3,52990E-11
1,00898E+1	3,08720E-11
1,00984E+1	3,59290E-11
1,01071E+1	3,20510E-11
1,01158E+1	3,09390E-11
1,01244E+1	3,34010E-11
1,01331E+1	3,47910E-11
1,01417E+1	3,34970E-11
1,01504E+1	3,76640E-11
1,01591E+1	4,05760E-11
1,01677E+1	3,15030E-11
1,01764E+1	3,08870E-11
1,01850E+1	3,27140E-11
1,01937E+1	3,25320E-11
1,02024E+1	3,40720E-11
1,02110E+1	3,87300E-11
1,02197E+1	3,62010E-11
1,02284E+1	3,30530E-11
1,02370E+1	3,13110E-11
1,02457E+1	3,03890E-11
1,02543E+1	3,12580E-11
1,02630E+1	3,25690E-11
1,02717E+1	3,53290E-11
1,02803E+1	3,70910E-11
1,02890E+1	3,83910E-11
1,02976E+1	3,60200E-11
1,03063E+1	3,39470E-11
1,03150E+1	3,24130E-11
1,03236E+1	3,97680E-11
1,03323E+1	3,57610E-11
1,03409E+1	3,56960E-11
1,03496E+1	3,26820E-11
1,03583E+1	3,26520E-11
1,03669E+1	3,62210E-11
1,03756E+1	4,01900E-11
1,03842E+1	3,43100E-11
1,03929E+1	3,51080E-11
1,04016E+1	3,21680E-11
1,04102E+1	3,53290E-11
1,04189E+1	3,39630E-11
1,04276E+1	3,62560E-11
1,04362E+1	4,22860E-11
1,04449E+1	3,75070E-11
1,04535E+1	3,36980E-11
1,04622E+1	3,94310E-11
1,04709E+1	3,96060E-11
1,04795E+1	3,66440E-11
1,04882E+1	3,72010E-11
1,04968E+1	4,11650E-11
1,05055E+1	3,92370E-11
1,05142E+1	3,72680E-11
1,05228E+1	4,00650E-11
1,05315E+1	4,02960E-11
1,05401E+1	4,35920E-11
1,05488E+1	4,19170E-11
1,05575E+1	4,03840E-11
1,05661E+1	4,15340E-11
1,05748E+1	4,52300E-11
1,05834E+1	4,39860E-11
1,05921E+1	3,73450E-11
1,06008E+1	4,72950E-11
1,06094E+1	4,11150E-11
1,06181E+1	4,18920E-11
1,06267E+1	3,90860E-11
1,06354E+1	4,60390E-11
1,06441E+1	4,79530E-11
1,06527E+1	3,77570E-11
1,06614E+1	4,12510E-11
1,06701E+1	3,88030E-11
1,06787E+1	4,33810E-11
1,06874E+1	4,88520E-11
1,06960E+1	4,87630E-11
1,07047E+1	5,19180E-11
1,07134E+1	5,19510E-11
1,07220E+1	5,21470E-11
1,07307E+1	4,64520E-11
1,07393E+1	4,38120E-11
1,07480E+1	4,64840E-11
1,07567E+1	4,06080E-11
1,07653E+1	4,46140E-11
1,07740E+1	4,78360E-11
1,07826E+1	4,35570E-11
1,07913E+1	4,96240E-11
1,08000E+1	4,24590E-11
1,08086E+1	4,78640E-11
1,08173E+1	4,50520E-11
1,08259E+1	4,82200E-11
1,08346E+1	4,01010E-11
1,08433E+1	3,77850E-11
1,08519E+1	4,32000E-11
1,08606E+1	4,86610E-11
1,08693E+1	4,55570E-11
1,08779E+1	4,96710E-11
1,08866E+1	4,54560E-11
1,08952E+1	4,76280E-11
1,09039E+1	4,60070E-11
1,09126E+1	5,05690E-11
1,09212E+1	4,95210E-11
1,09299E+1	4,68880E-11
1,09385E+1	4,40920E-11
1,09472E+1	5,06000E-11
1,09559E+1	4,48770E-11
1,09645E+1	5,21770E-11
1,09732E+1	5,21340E-11
1,09818E+1	4,60770E-11
1,09905E+1	4,56050E-11
1,09992E+1	4,96510E-11
1,10078E+1	5,20260E-11
1,10165E+1	5,34550E-11
1,10251E+1	4,78330E-11
1,10338E+1	4,26800E-11
1,10425E+1	4,57270E-11
1,10511E+1	4,98770E-11
1,10598E+1	5,35480E-11
1,10684E+1	5,66990E-11
1,10771E+1	5,88880E-11
1,10858E+1	5,66890E-11
1,10944E+1	4,98260E-11
1,11031E+1	5,55870E-11
1,11118E+1	5,45010E-11
1,11204E+1	5,38350E-11
1,11291E+1	4,50310E-11
1,11377E+1	5,48310E-11
1,11464E+1	5,89250E-11
1,11551E+1	5,83730E-11
1,11637E+1	5,68060E-11
1,11724E+1	5,16450E-11
1,11810E+1	5,93800E-11
1,11897E+1	6,38650E-11
1,11984E+1	5,67160E-11
1,12070E+1	5,22920E-11
1,12157E+1	5,68550E-11
1,12243E+1	5,86330E-11
1,12330E+1	5,92600E-11
1,12417E+1	5,87410E-11
1,12503E+1	6,16860E-11
1,12590E+1	5,75900E-11
1,12676E+1	5,38040E-11
1,12763E+1	5,70090E-11
1,12850E+1	5,62030E-11
1,12936E+1	6,04680E-11
1,13023E+1	6,43130E-11
1,13110E+1	5,65140E-11
1,13196E+1	5,06460E-11
1,13283E+1	5,85200E-11
1,13369E+1	5,88290E-11
1,13456E+1	6,00960E-11
1,13543E+1	5,45590E-11
1,13629E+1	6,17720E-11
1,13716E+1	6,83080E-11
1,13802E+1	6,24770E-11
1,13889E+1	6,37720E-11
1,13976E+1	6,76090E-11
1,14062E+1	6,50250E-11
1,14149E+1	6,51280E-11
1,14235E+1	6,17410E-11
1,14322E+1	5,98950E-11
1,14409E+1	6,14590E-11
1,14495E+1	6,25870E-11
1,14582E+1	7,04470E-11
1,14668E+1	6,90650E-11
1,14755E+1	6,87380E-11
1,14842E+1	7,15190E-11
1,14928E+1	6,69950E-11
1,15015E+1	6,40940E-11
1,15101E+1	6,31990E-11
1,15188E+1	7,10420E-11
1,15275E+1	6,80050E-11
1,15361E+1	6,52620E-11
1,15448E+1	6,54500E-11
1,15535E+1	6,33820E-11
1,15621E+1	6,54950E-11
1,15708E+1	6,22680E-11
1,15794E+1	6,99350E-11
1,15881E+1	7,39390E-11
1,15968E+1	6,92870E-11
1,16054E+1	7,32400E-11
1,16141E+1	7,58070E-11
1,16227E+1	6,76220E-11
1,16314E+1	6,98560E-11
1,16401E+1	6,16980E-11
1,16487E+1	6,69400E-11
1,16574E+1	8,15660E-11
1,16660E+1	7,19570E-11
1,16747E+1	7,37770E-11
1,16834E+1	6,68650E-11
1,16920E+1	8,04590E-11
1,17007E+1	7,76760E-11
1,17093E+1	6,33070E-11
1,17180E+1	6,63030E-11
1,17267E+1	6,74950E-11
1,17353E+1	6,32990E-11
1,17440E+1	7,80120E-11
1,17527E+1	7,15410E-11
1,17613E+1	6,77050E-11
1,17700E+1	6,72570E-11
1,17786E+1	7,54220E-11
1,17873E+1	6,77870E-11
1,17960E+1	7,09020E-11
1,18046E+1	6,97890E-11
1,18133E+1	7,47160E-11
1,18219E+1	7,95920E-11
1,18306E+1	7,27840E-11
1,18393E+1	8,15600E-11
1,18479E+1	8,23650E-11
1,18566E+1	7,75090E-11
1,18652E+1	8,39140E-11
1,18739E+1	8,42390E-11
1,18826E+1	8,74730E-11
1,18912E+1	8,75300E-11
1,18999E+1	7,96300E-11
1,19085E+1	7,47360E-11
1,19172E+1	8,07380E-11
1,19259E+1	8,78770E-11
1,19345E+1	8,49730E-11
1,19432E+1	8,50610E-11
1,19519E+1	8,20180E-11
1,19605E+1	8,68130E-11
1,19692E+1	8,48290E-11
1,19778E+1	8,32330E-11
1,19865E+1	8,16970E-11
1,19952E+1	8,51050E-11
1,20038E+1	9,28520E-11
1,20125E+1	8,41650E-11
1,20211E+1	8,29080E-11
1,20298E+1	9,01220E-11
1,20385E+1	8,45250E-11
1,20471E+1	8,12260E-11
1,20558E+1	8,62340E-11
1,20644E+1	8,60710E-11
1,20731E+1	8,74140E-11
1,20818E+1	9,32640E-11
1,20904E+1	8,87840E-11
1,20991E+1	9,40030E-11
1,21077E+1	9,32830E-11
1,21164E+1	8,31300E-11
1,21251E+1	8,96340E-11
1,21337E+1	8,54030E-11
1,21424E+1	8,33080E-11
1,21510E+1	9,24150E-11
1,21597E+1	9,04660E-11
1,21684E+1	8,74340E-11
1,21770E+1	9,33480E-11
1,21857E+1	9,05170E-11
1,21944E+1	9,11260E-11
1,22030E+1	9,60610E-11
1,22117E+1	1,00237E-10
1,22203E+1	1,04315E-10
1,22290E+1	9,65240E-11
1,22377E+1	1,00489E-10
1,22463E+1	9,66360E-11
1,22550E+1	1,00273E-10
1,22636E+1	9,82530E-11
1,22723E+1	9,32130E-11
1,22810E+1	1,00803E-10
1,22896E+1	9,55460E-11
1,22983E+1	9,64880E-11
1,23069E+1	8,74620E-11
1,23156E+1	9,93520E-11
1,23243E+1	9,73690E-11
1,23329E+1	1,00970E-10
1,23416E+1	9,69830E-11
1,23502E+1	9,98580E-11
1,23589E+1	1,00785E-10
1,23676E+1	1,02155E-10
1,23762E+1	1,03427E-10
1,23849E+1	1,03035E-10
1,23936E+1	1,02360E-10
1,24022E+1	1,18206E-10
1,24109E+1	1,11341E-10
1,24195E+1	1,04051E-10
1,24282E+1	9,94940E-11
1,24369E+1	1,09867E-10
1,24455E+1	1,08692E-10
1,24542E+1	1,16441E-10
1,24628E+1	1,09343E-10
1,24715E+1	1,07088E-10
1,24802E+1	1,21702E-10
1,24888E+1	1,13199E-10
1,24975E+1	1,12890E-10
1,25061E+1	1,09635E-10
1,25148E+1	1,01645E-10
1,25235E+1	1,10114E-10
1,25321E+1	1,12900E-10
1,25408E+1	1,15879E-10
1,25494E+1	1,22435E-10
1,25581E+1	1,21405E-10
1,25668E+1	1,20817E-10
1,25754E+1	1,23033E-10
1,25841E+1	1,20021E-10
1,25927E+1	1,11073E-10
1,26014E+1	1,17508E-10
1,26101E+1	1,29426E-10
1,26187E+1	1,22294E-10
1,26274E+1	1,19212E-10
1,26361E+1	1,21509E-10
1,26447E+1	1,26857E-10
1,26534E+1	1,21950E-10
1,26620E+1	1,29660E-10
1,26707E+1	1,19366E-10
1,26794E+1	1,17056E-10
1,26880E+1	1,22982E-10
1,26967E+1	1,27852E-10
1,27053E+1	1,29681E-10
1,27140E+1	1,25875E-10
1,27227E+1	1,32981E-10
1,27313E+1	1,35444E-10
1,27400E+1	1,40427E-10
1,27486E+1	1,39692E-10
1,27573E+1	1,24189E-10
1,27660E+1	1,42351E-10
1,27746E+1	1,38753E-10
1,27833E+1	1,39812E-10
1,27919E+1	1,33469E-10
1,28006E+1	1,40277E-10
1,28093E+1	1,37913E-10
1,28179E+1	1,49084E-10
1,28266E+1	1,37863E-10
1,28353E+1	1,40745E-10
1,28439E+1	1,53212E-10
1,28526E+1	1,34372E-10
1,28612E+1	1,45313E-10
1,28699E+1	1,45274E-10
1,28786E+1	1,45001E-10
1,28872E+1	1,47842E-10
1,28959E+1	1,39930E-10
1,29045E+1	1,42861E-10
1,29132E+1	1,39754E-10
1,29219E+1	1,41531E-10
1,29305E+1	1,43116E-10
1,29392E+1	1,58444E-10
1,29478E+1	1,45209E-10
1,29565E+1	1,54236E-10
1,29652E+1	1,42747E-10
1,29738E+1	1,45606E-10
1,29825E+1	1,53636E-10
1,29911E+1	1,52483E-10
1,29998E+1	1,55997E-10
1,30085E+1	1,51942E-10
1,30171E+1	1,51835E-10
1,30258E+1	1,51844E-10
1,30344E+1	1,50065E-10
1,30431E+1	1,52259E-10
1,30518E+1	1,60283E-10
1,30604E+1	1,55683E-10
1,30691E+1	1,66610E-10
1,30778E+1	1,72498E-10
1,30864E+1	1,63363E-10
1,30951E+1	1,61682E-10
1,31037E+1	1,57450E-10
1,31124E+1	1,71526E-10
1,31211E+1	1,73540E-10
1,31297E+1	1,66536E-10
1,31384E+1	1,80543E-10
1,31470E+1	1,66574E-10
1,31557E+1	1,75424E-10
1,31644E+1	1,70494E-10
1,31730E+1	1,71213E-10
1,31817E+1	1,87555E-10
1,31903E+1	1,81158E-10
1,31990E+1	1,73599E-10
1,32077E+1	1,79568E-10
1,32163E+1	2,01078E-10
1,32250E+1	2,05918E-10
1,32336E+1	1,96896E-10
1,32423E+1	1,86123E-10
1,32510E+1	2,01512E-10
1,32596E+1	1,94403E-10
1,32683E+1	1,94115E-10
1,32770E+1	2,00613E-10
1,32856E+1	2,05382E-10
1,32943E+1	2,04109E-10
1,33029E+1	2,00965E-10
1,33116E+1	1,96979E-10
1,33203E+1	2,12690E-10
1,33289E+1	2,11120E-10
1,33376E+1	1,26483E-10
1,33462E+1	1,98630E-10
1,33549E+1	2,24610E-10
1,33636E+1	2,10450E-10
1,33722E+1	2,28420E-10
1,33809E+1	2,36980E-10
1,33895E+1	2,07850E-10
1,33982E+1	2,05700E-10
1,34069E+1	1,34074E-10
1,34155E+1	2,03871E-10
1,34242E+1	2,39020E-10
1,34328E+1	2,29520E-10
1,34415E+1	2,38890E-10
1,34502E+1	2,71010E-10
1,34588E+1	2,21640E-10
1,34675E+1	2,28990E-10
1,34761E+1	2,14660E-10
1,34848E+1	2,04820E-10
1,34935E+1	2,28060E-10
1,35021E+1	2,02590E-10
1,35108E+1	2,09460E-10
1,35195E+1	1,30368E-10
1,35281E+1	1,92604E-10
1,35368E+1	2,05208E-10
1,35454E+1	1,92339E-10
1,35541E+1	1,97547E-10
1,35628E+1	1,99941E-10
1,35714E+1	1,93316E-10
1,35801E+1	2,08370E-10
1,35887E+1	2,00238E-10
1,35974E+1	1,99192E-10
1,36061E+1	1,98114E-10
1,36147E+1	2,04473E-10
1,36234E+1	2,08504E-10
1,36320E+1	1,98230E-10
1,36407E+1	2,03967E-10
1,36494E+1	2,20840E-10
1,36580E+1	2,07070E-10
1,36667E+1	1,17946E-10
1,36753E+1	1,88321E-10
1,36840E+1	1,93840E-10
1,36927E+1	2,07580E-10
1,37013E+1	2,06216E-10
1,37100E+1	2,04790E-10
1,37187E+1	2,51870E-10
1,37273E+1	2,48710E-10
1,37360E+1	2,39020E-10
1,37446E+1	2,36490E-10
1,37533E+1	2,38440E-10
1,37620E+1	2,39560E-10
1,37706E+1	2,24990E-10
1,37793E+1	2,65100E-10
1,37879E+1	2,20120E-10
1,37966E+1	1,43856E-10
1,38053E+1	2,36610E-10
1,38139E+1	2,41450E-10
1,38226E+1	2,84390E-10
1,38312E+1	2,53440E-10
1,38399E+1	2,18900E-10
1,38486E+1	2,49570E-10
1,38572E+1	2,67340E-10
1,38659E+1	2,45490E-10
1,38745E+1	2,30410E-10
1,38832E+1	2,87340E-10
1,38919E+1	2,86430E-10
1,39005E+1	2,77930E-10
1,39092E+1	2,87450E-10
1,39179E+1	2,93540E-10
1,39265E+1	2,84400E-10
1,39352E+1	3,00780E-10
1,39438E+1	2,89860E-10
1,39525E+1	3,30590E-10
1,39612E+1	3,05500E-10
1,39698E+1	2,63090E-10
1,39785E+1	2,83100E-10
1,39871E+1	3,29080E-10
1,39958E+1	2,96470E-10
1,40045E+1	2,68630E-10
1,40131E+1	3,29410E-10
1,40218E+1	2,79200E-10
1,40304E+1	3,32610E-10
1,40391E+1	2,80690E-10
1,40478E+1	3,40580E-10
1,40564E+1	3,19990E-10
1,40651E+1	3,25210E-10
1,40737E+1	3,10910E-10
1,40824E+1	3,26820E-10
1,40911E+1	3,39420E-10
1,40997E+1	2,98590E-10
1,41084E+1	3,31120E-10
1,41170E+1	2,96240E-10
1,41257E+1	2,93270E-10
1,41344E+1	2,96940E-10
1,41430E+1	2,74460E-10
1,41517E+1	2,68010E-10
1,41604E+1	2,92920E-10
1,41690E+1	2,42710E-10
1,41777E+1	2,57830E-10
1,41863E+1	2,49470E-10
1,41950E+1	2,69720E-10
1,42037E+1	2,36380E-10
1,42123E+1	2,38630E-10
1,42210E+1	2,35700E-10
1,42296E+1	2,62740E-10
1,42383E+1	2,19180E-10
1,42470E+1	2,02880E-10
1,42556E+1	2,05720E-10
1,42643E+1	2,17720E-10
1,42729E+1	1,20964E-10
1,42816E+1	1,94568E-10
1,42903E+1	1,96145E-10
1,42989E+1	2,20360E-10
1,43076E+1	1,16918E-10
1,43162E+1	1,94330E-10
1,43249E+1	2,06821E-10
1,43336E+1	2,08556E-10
1,43422E+1	1,98911E-10
1,43509E+1	2,98070E-10
1,43596E+1	2,48860E-10
1,43682E+1	2,24760E-10
1,43769E+1	2,29790E-10
1,43855E+1	2,76490E-10
1,43942E+1	3,13120E-10
1,44029E+1	2,92770E-10
1,44115E+1	2,84920E-10
1,44202E+1	3,36330E-10
1,44288E+1	3,75760E-10
1,44375E+1	3,54680E-10
1,44462E+1	3,66920E-10
1,44548E+1	4,45540E-10
1,44635E+1	4,63490E-10
1,44721E+1	4,40910E-10
1,44808E+1	4,35130E-10
1,44895E+1	4,72110E-10
1,44981E+1	4,81690E-10
1,45068E+1	4,79660E-10
1,45154E+1	4,94210E-10
1,45241E+1	4,76680E-10
1,45328E+1	4,84860E-10
1,45414E+1	4,27210E-10
1,45501E+1	4,67820E-10
1,45587E+1	4,48880E-10
1,45674E+1	4,58010E-10
1,45761E+1	3,94890E-10
1,45847E+1	3,55730E-10
1,45934E+1	3,00160E-10
1,46021E+1	3,25120E-10
1,46107E+1	3,20940E-10
1,46194E+1	2,87570E-10
1,46280E+1	2,35870E-10
1,46367E+1	2,41910E-10
1,46454E+1	1,18626E-10
1,46540E+1	1,65085E-10
1,46627E+1	1,63602E-10
1,46713E+1	1,31229E-10
1,46800E+1	1,26817E-10
1,46887E+1	1,07701E-10
1,46973E+1	8,95520E-11
1,47060E+1	7,26320E-11
1,47146E+1	6,02670E-11
1,47233E+1	4,75390E-11
1,47320E+1	4,64110E-11
1,47406E+1	3,57050E-11
1,47493E+1	3,14470E-11
1,47579E+1	2,43850E-11
1,47666E+1	2,11470E-11
1,47753E+1	1,53538E-11
1,47839E+1	1,15109E-11
1,47926E+1	9,20160E-12
1,48013E+1	7,29260E-12
1,48099E+1	7,47030E-12
1,48186E+1	2,59060E-12
1,48272E+1	5,07550E-12
1,48359E+1	3,90150E-12
1,48446E+1	2,88370E-12
1,48532E+1	3,01490E-12
1,48619E+1	5,06910E-12
1,48705E+1	5,03820E-12
1,48792E+1	3,41100E-12
1,48879E+1	2,18420E-12
1,48965E+1	6,93900E-13
1,49052E+1	1,17650E-12
1,49138E+1	1,59820E-12
1,49225E+1	2,32350E-12
1,49312E+1	-2,12500E-13
1,49398E+1	1,98240E-12
1,49485E+1	6,75500E-13
1,49571E+1	-3,50400E-13
1,49658E+1	1,68900E-13
1,49745E+1	2,94350E-12
1,49831E+1	9,03500E-13
1,49918E+1	-1,12900E-13
1,50004E+1	-1,30000E-14
1,50091E+1	-2,70500E-13
1,50178E+1	1,78500E-13
1,50264E+1	-3,23200E-13
1,50351E+1	8,83200E-13
1,50438E+1	-1,31330E-12
1,50524E+1	-7,02900E-13
1,50611E+1	-1,23340E-12
1,50697E+1	8,20000E-14
1,50784E+1	-1,72200E-12
1,50871E+1	-1,75710E-12
1,50957E+1	-1,65060E-12
1,51044E+1	-1,10490E-12
1,51130E+1	-1,28640E-12
1,51217E+1	-1,56390E-12
1,51304E+1	-1,96920E-12
1,51390E+1	-1,70000E-12
1,51477E+1	-2,11810E-12
1,51563E+1	-2,04860E-12
1,51650E+1	-1,62160E-12
1,51737E+1	-1,47430E-12
1,51823E+1	-1,47830E-12
1,51910E+1	-8,33300E-13
1,51996E+1	-9,39500E-13
1,52083E+1	-1,39850E-12
1,52170E+1	-1,42930E-12
1,52256E+1	-1,67550E-12
1,52343E+1	-1,52420E-12
1,52430E+1	-1,96420E-12
1,52516E+1	-1,77180E-12
1,52603E+1	-1,57130E-12
1,52689E+1	-1,77530E-12
1,52776E+1	-1,93660E-12
1,52863E+1	-2,24730E-12
1,52949E+1	-1,74550E-12
1,53036E+1	-1,76570E-12
1,53122E+1	-1,67070E-12
1,53209E+1	-1,74170E-12
1,53296E+1	-2,03150E-12
1,53382E+1	-1,45550E-12
1,53469E+1	-2,04500E-12
1,53555E+1	-1,56440E-12
1,53642E+1	-2,17850E-12
1,53729E+1	-1,81360E-12
1,53815E+1	-2,03910E-12
1,53902E+1	-1,50440E-12
1,53988E+1	-1,96270E-12
1,54075E+1	-1,54990E-12
1,54162E+1	-1,48440E-12
1,54248E+1	-1,84880E-12
1,54335E+1	-1,96480E-12
1,54421E+1	-1,54260E-12
1,54508E+1	-1,56220E-12
1,54595E+1	-1,79250E-12
1,54681E+1	-1,47120E-12
1,54768E+1	-1,62370E-12
1,54855E+1	-1,65180E-12
