0.01	0.03342
0.02	0.03335
0.03	0.03327
0.04	0.0332
0.05	0.03312
0.06	0.03305
0.07	0.03297
0.08	0.0329
0.09	0.03282
0.1	0.03275
0.11	0.03267
0.12	0.03259
0.13	0.03252
0.14	0.03244
0.15	0.03237
0.16	0.03229
0.17	0.03222
0.18	0.03214
0.19	0.03207
0.2	0.03199
0.21	0.03192
0.22	0.03184
0.23	0.03176
0.24	0.03169
0.25	0.03161
0.26	0.03154
0.27	0.03146
0.28	0.03139
0.29	0.03131
0.3	0.03124
0.31	0.03116
0.32	0.03109
0.33	0.03101
0.34	0.03093
0.35	0.03086
0.36	0.03078
0.37	0.03071
0.38	0.03063
0.39	0.03056
0.4	0.03048
0.41	0.03041
0.42	0.03033
0.43	0.03026
0.44	0.03018
0.45	0.0301
0.46	0.03003
0.47	0.02995
0.48	0.02988
0.49	0.0298
0.5	0.02973
0.51	0.02965
0.52	0.02958
0.53	0.0295
0.54	0.02943
0.55	0.02935
0.56	0.02927
0.57	0.0292
0.58	0.02912
0.59	0.02905
0.6	0.02897
0.61	0.0289
0.62	0.02882
0.63	0.02875
0.64	0.02867
0.65	0.0286
0.66	0.02852
0.67	0.02844
0.68	0.02837
0.69	0.02829
0.7	0.02822
0.71	0.02814
0.72	0.02807
0.73	0.02799
0.74	0.02792
0.75	0.02784
0.76	0.02777
0.77	0.02769
0.78	0.02761
0.79	0.02754
0.8	0.02746
0.81	0.02739
0.82	0.02731
0.83	0.02724
0.84	0.02716
0.85	0.02709
0.86	0.02701
0.87	0.02694
0.88	0.02686
0.89	0.02678
0.9	0.02671
0.91	0.02663
0.92	0.02656
0.93	0.02648
0.94	0.02641
0.95	0.02633
0.96	0.02626
0.97	0.02618
0.98	0.02611
0.99	0.02603
1	0.02595
1.01	0.02588
1.02	0.02492
1.03	0.02319
1.04	0.02036
1.05	0.01793
1.06	0.01636
1.07	0.01499
1.08	0.01443
1.09	0.01398
1.1	0.01403
1.11	0.01376
1.12	0.01271
1.13	0.01144
1.14	0.01007
1.15	0.00935
1.16	0.00906
1.17	0.00848
1.18	0.00747
1.19	0.00634
1.2	0.00595
1.21	0.00563
1.22	0.00571
1.23	0.00546
1.24	0.00544
1.25	0.00506
1.26	0.00491
1.27	0.00538
1.28	0.00611
1.29	0.00632
1.3	0.00627
1.31	0.00552
1.32	0.00536
1.33	0.0049
1.34	0.00481
1.35	0.00439
1.36	0.00401
1.37	0.00418
1.38	0.0043
1.39	0.00441
1.4	0.00514
1.41	0.00591
1.42	0.00618
1.43	0.00527
1.44	0.00435
1.45	0.00425
1.46	0.00458
1.47	0.00507
1.48	0.00532
1.49	0.00574
1.5	0.00613
1.51	0.00597
1.52	0.00579
1.53	0.00563
1.54	0.00657
1.55	0.00663
1.56	0.00683
1.57	0.00613
1.58	0.00589
1.59	0.00558
1.6	0.00612
1.61	0.00693
1.62	0.00701
1.63	0.00726
1.64	0.00725
1.65	0.00808
1.66	0.00729
1.67	0.00655
1.68	0.00656
1.69	0.00767
1.7	0.00847
1.71	0.00851
1.72	0.00894
1.73	0.00956
1.74	0.00947
1.75	0.00887
1.76	0.00919
1.77	0.00961
1.78	0.01076
1.79	0.01124
1.8	0.01199
1.81	0.01296
1.82	0.01449
1.83	0.01578
1.84	0.01609
1.85	0.01545
1.86	0.01451
1.87	0.01321
1.88	0.01109
1.89	0.01042
1.9	0.00996
1.91	0.00976
1.92	0.00854
1.93	0.008
1.94	0.00847
1.95	0.00864
1.96	0.00833
1.97	0.00738
1.98	0.0069
1.99	0.0059
2	0.00552
2.01	0.00512
2.02	0.00502
2.03	0.00488
2.04	0.00463
2.05	0.00434
2.06	0.00418
2.07	0.00398
2.08	0.00394
2.09	0.00352
2.1	0.00359
2.11	0.00336
2.12	0.00309
2.13	0.00251
2.14	0.00226
2.15	0.0022
2.16	0.00227
2.17	0.00245
2.18	0.00245
2.19	0.00242
2.2	0.00199
2.21	0.00225
2.22	0.00261
2.23	0.00289
2.24	0.00247
2.25	0.00198
2.26	0.00214
2.27	0.00264
2.28	0.00303
2.29	0.00334
2.3	0.00326
2.31	0.00325
2.32	0.0031
2.33	0.00284
2.34	0.00255
2.35	0.00254
2.36	0.00303
2.37	0.0033
2.38	0.0032
2.39	0.00315
2.4	0.00322
2.41	0.00318
2.42	0.00332
2.43	0.00348
2.44	0.00351
2.45	0.00308
2.46	0.00298
2.47	0.00314
2.48	0.00317
2.49	0.00284
2.5	0.00256
2.51	0.00258
2.52	0.00267
2.53	0.00305
2.54	0.0031
2.55	0.00294
2.56	0.00245
2.57	0.00217
2.58	0.00223
2.59	0.00242
2.6	0.0027
2.61	0.00289
2.62	0.00286
2.63	0.00301
2.64	0.00339
2.65	0.00342
2.66	0.00332
2.67	0.00276
2.68	0.00278
2.69	0.00292
2.7	0.00342
2.71	0.00371
2.72	0.00365
2.73	0.00358
2.74	0.00319
2.75	0.0031
2.76	0.00262
2.77	0.00281
2.78	0.00304
2.79	0.00343
2.8	0.00387
2.81	0.00433
2.82	0.00458
2.83	0.00413
2.84	0.00349
2.85	0.00287
2.86	0.00238
2.87	0.00214
2.88	0.00243
2.89	0.00301
2.9	0.00335
2.91	0.00321
2.92	0.00297
2.93	0.00307
2.94	0.00368
2.95	0.00397
2.96	0.00395
2.97	0.00394
2.98	0.00499
2.99	0.00504
3	0.0051
3.01	0.0041
3.02	0.00368
3.03	0.00298
3.04	0.00273
3.05	0.00287
3.06	0.00309
3.07	0.00311
3.08	0.00306
3.09	0.0031
3.1	0.00306
3.11	0.00303
3.12	0.00262
3.13	0.00266
3.14	0.00284
3.15	0.00323
3.16	0.00342
3.17	0.00318
3.18	0.00287
3.19	0.00334
3.2	0.00336
3.21	0.00332
3.22	0.00267
3.23	0.00298
3.24	0.00346
3.25	0.0036
3.26	0.00344
3.27	0.00336
3.28	0.00349
3.29	0.0035
3.3	0.00345
3.31	0.00343
3.32	0.0035
3.33	0.00356
3.34	0.00375
3.35	0.00396
3.36	0.00417
3.37	0.00404
3.38	0.00363
3.39	0.00337
3.4	0.00337
3.41	0.00337
3.42	0.00333
3.43	0.00343
3.44	0.0039
3.45	0.00378
3.46	0.00346
3.47	0.00326
3.48	0.00339
3.49	0.00378
3.5	0.00448
3.51	0.00452
3.52	0.00439
3.53	0.0035
3.54	0.00349
3.55	0.00355
3.56	0.00394
3.57	0.00406
3.58	0.00402
3.59	0.00424
3.6	0.00467
3.61	0.00503
3.62	0.00532
3.63	0.00528
3.64	0.00503
3.65	0.00483
3.66	0.00517
3.67	0.00555
3.68	0.00597
3.69	0.00591
3.7	0.00569
3.71	0.00522
3.72	0.00482
3.73	0.00474
3.74	0.00478
3.75	0.00475
3.76	0.00522
3.77	0.0052
3.78	0.00547
3.79	0.00496
3.8	0.00479
3.81	0.00459
3.82	0.00443
3.83	0.00402
3.84	0.00371
3.85	0.00379
3.86	0.00457
3.87	0.00429
3.88	0.00469
3.89	0.00447
3.9	0.00487
3.91	0.00436
3.92	0.0042
3.93	0.00451
3.94	0.00489
3.95	0.00479
3.96	0.00424
3.97	0.00381
3.98	0.00388
3.99	0.00411
4	0.00422
4.01	0.00451
4.02	0.00485
4.03	0.00477
4.04	0.00409
4.05	0.00368
4.06	0.00391
4.07	0.00403
4.08	0.00414
4.09	0.00427
4.1	0.00466
4.11	0.0048
4.12	0.00508
4.13	0.00528
4.14	0.00506
4.15	0.00447
4.16	0.00403
4.17	0.00404
4.18	0.00386
4.19	0.00425
4.2	0.00483
4.21	0.00616
4.22	0.00661
4.23	0.00653
4.24	0.00608
4.25	0.00571
4.26	0.00495
4.27	0.00406
4.28	0.00386
4.29	0.00406
4.3	0.00421
4.31	0.00457
4.32	0.00518
4.33	0.00518
4.34	0.00461
4.35	0.00404
4.36	0.00391
4.37	0.00395
4.38	0.00443
4.39	0.0052
4.4	0.00615
4.41	0.006
4.42	0.00574
4.43	0.00514
4.44	0.0049
4.45	0.00466
4.46	0.00488
4.47	0.00576
4.48	0.0066
4.49	0.00694
4.5	0.00681
4.51	0.00586
4.52	0.00568
4.53	0.00545
4.54	0.00642
4.55	0.00651
4.56	0.00734
4.57	0.00775
4.58	0.00777
4.59	0.00685
4.6	0.0057
4.61	0.00529
4.62	0.00594
4.63	0.00605
4.64	0.00686
4.65	0.00615
4.66	0.00687
4.67	0.00696
4.68	0.00743
4.69	0.00703
4.7	0.0066
4.71	0.00685
4.72	0.00724
4.73	0.00721
4.74	0.00766
4.75	0.00853
4.76	0.0091
4.77	0.00944
4.78	0.00903
4.79	0.00892
4.8	0.00832
4.81	0.00815
4.82	0.00824
4.83	0.00794
4.84	0.00764
4.85	0.00762
4.86	0.00793
4.87	0.00839
4.88	0.00865
4.89	0.00864
4.9	0.00784
4.91	0.00719
4.92	0.00752
4.93	0.00827
4.94	0.00845
4.95	0.00778
4.96	0.00731
4.97	0.00709
4.98	0.00745
4.99	0.00834
5	0.00864
5.01	0.00832
5.02	0.0076
5.03	0.00761
5.04	0.00795
5.05	0.00814
5.06	0.00896
5.07	0.00859
5.08	0.00858
5.09	0.00817
5.1	0.00917
5.11	0.00934
5.12	0.00891
5.13	0.00813
5.14	0.00786
5.15	0.00794
5.16	0.00812
5.17	0.00873
5.18	0.00877
5.19	0.00853
5.2	0.00847
5.21	0.00807
5.22	0.00803
5.23	0.00754
5.24	0.00806
5.25	0.00888
5.26	0.00964
5.27	0.00981
5.28	0.0097
5.29	0.0089
5.3	0.00934
5.31	0.00918
5.32	0.0105
5.33	0.01058
5.34	0.01061
5.35	0.00945
5.36	0.00831
5.37	0.00741
5.38	0.00686
5.39	0.00704
5.4	0.0081
5.41	0.00864
5.42	0.00911
5.43	0.00939
5.44	0.01014
5.45	0.01026
5.46	0.00996
5.47	0.01001
5.48	0.01049
5.49	0.01075
5.5	0.01088
5.51	0.01107
5.52	0.01104
5.53	0.01058
5.54	0.01
5.55	0.00951
5.56	0.00927
5.57	0.00936
5.58	0.00987
5.59	0.01009
5.6	0.00996
5.61	0.01027
5.62	0.01093
5.63	0.0113
5.64	0.01145
5.65	0.01113
5.66	0.01056
5.67	0.00977
5.68	0.01008
5.69	0.01132
5.7	0.01217
5.71	0.01193
5.72	0.01102
5.73	0.01069
5.74	0.01089
5.75	0.01084
5.76	0.01089
5.77	0.0107
5.78	0.01082
5.79	0.01029
5.8	0.00997
5.81	0.01028
5.82	0.01055
5.83	0.01004
5.84	0.00957
5.85	0.01054
5.86	0.01182
5.87	0.01369
5.88	0.01395
5.89	0.01353
5.9	0.01151
5.91	0.01015
5.92	0.01042
5.93	0.01169
5.94	0.01267
5.95	0.01265
5.96	0.01266
5.97	0.01198
5.98	0.01165
5.99	0.01041
6	0.01118
6.01	0.01243
6.02	0.01316
6.03	0.01235
6.04	0.01181
6.05	0.01194
6.06	0.01268
6.07	0.01214
6.08	0.01233
6.09	0.01342
6.1	0.01441
6.11	0.0145
6.12	0.01294
6.13	0.0117
6.14	0.01124
6.15	0.01143
6.16	0.01144
6.17	0.01136
6.18	0.01172
6.19	0.01378
6.2	0.01477
6.21	0.01432
6.22	0.01336
6.23	0.01332
6.24	0.01415
6.25	0.01424
6.26	0.01354
6.27	0.01382
6.28	0.01479
6.29	0.01636
6.3	0.01659
6.31	0.01554
6.32	0.01452
6.33	0.0133
6.34	0.01267
6.35	0.01235
6.36	0.01248
6.37	0.01274
6.38	0.01325
6.39	0.01279
6.4	0.01275
6.41	0.01194
6.42	0.01263
6.43	0.01309
6.44	0.01385
6.45	0.0143
6.46	0.01452
6.47	0.01449
6.48	0.01393
6.49	0.01312
6.5	0.0127
6.51	0.01219
6.52	0.01202
6.53	0.01225
6.54	0.01361
6.55	0.01449
6.56	0.01452
6.57	0.01506
6.58	0.01639
6.59	0.01696
6.6	0.01737
6.61	0.017
6.62	0.01763
6.63	0.01665
6.64	0.01544
6.65	0.01406
6.66	0.01333
6.67	0.01397
6.68	0.01518
6.69	0.01591
6.7	0.01572
6.71	0.01551
6.72	0.01547
6.73	0.01558
6.74	0.01628
6.75	0.01694
6.76	0.01718
6.77	0.01685
6.78	0.01647
6.79	0.01646
6.8	0.01632
6.81	0.01596
6.82	0.01551
6.83	0.01488
6.84	0.01549
6.85	0.01671
6.86	0.0168
6.87	0.0156
6.88	0.01383
6.89	0.01455
6.9	0.01665
6.91	0.01863
6.92	0.01931
6.93	0.01889
6.94	0.01931
6.95	0.01895
6.96	0.01832
6.97	0.01854
6.98	0.02063
6.99	0.02273
7	0.02302
7.01	0.02223
7.02	0.02211
7.03	0.02228
7.04	0.02213
7.05	0.02212
7.06	0.0215
7.07	0.02085
7.08	0.01997
7.09	0.02014
7.1	0.02067
7.11	0.02159
7.12	0.02196
7.13	0.02215
7.14	0.02252
7.15	0.02264
7.16	0.0229
7.17	0.02361
7.18	0.02427
7.19	0.02534
7.2	0.02552
7.21	0.02709
7.22	0.02752
7.23	0.02713
7.24	0.02567
7.25	0.02443
7.26	0.02381
7.27	0.02304
7.28	0.02231
7.29	0.02254
7.3	0.02331
7.31	0.02586
7.32	0.02655
7.33	0.02596
7.34	0.02418
7.35	0.02387
7.36	0.02491
7.37	0.02645
7.38	0.02722
7.39	0.02651
7.4	0.0264
7.41	0.02713
7.42	0.02885
7.43	0.03037
7.44	0.03083
7.45	0.03161
7.46	0.03119
7.47	0.0297
7.48	0.02829
7.49	0.02791
7.5	0.03015
7.51	0.03019
7.52	0.02869
7.53	0.02679
7.54	0.02687
7.55	0.02685
7.56	0.02605
7.57	0.0256
7.58	0.02561
7.59	0.02562
7.6	0.02667
7.61	0.02591
7.62	0.02582
7.63	0.02461
7.64	0.02595
7.65	0.02539
7.66	0.02602
7.67	0.02607
7.68	0.02697
7.69	0.02765
7.7	0.02755
7.71	0.02721
7.72	0.02458
7.73	0.02384
7.74	0.02441
7.75	0.02599
7.76	0.02627
7.77	0.02628
7.78	0.02607
7.79	0.02621
7.8	0.02614
7.81	0.02523
7.82	0.02586
7.83	0.02493
7.84	0.02575
7.85	0.02527
7.86	0.02512
7.87	0.02451
7.88	0.02427
7.89	0.02554
7.9	0.02689
7.91	0.0277
7.92	0.02774
7.93	0.02752
7.94	0.02817
7.95	0.02815
7.96	0.02703
7.97	0.02529
7.98	0.0244
7.99	0.02445
8	0.02442
8.01	0.02485
8.02	0.02532
8.03	0.02585
8.04	0.02747
8.05	0.02944
8.06	0.0304
8.07	0.02845
8.08	0.02694
8.09	0.02513
8.1	0.02593
8.11	0.02704
8.12	0.02798
8.13	0.02646
8.14	0.0242
8.15	0.02352
8.16	0.02406
8.17	0.02525
8.18	0.02617
8.19	0.02639
8.2	0.02637
8.21	0.02586
8.22	0.02552
8.23	0.02519
8.24	0.02625
8.25	0.02781
8.26	0.02909
8.27	0.02915
8.28	0.0284
8.29	0.02757
8.3	0.02655
8.31	0.02652
8.32	0.02687
8.33	0.02818
8.34	0.03063
8.35	0.03294
8.36	0.0333
8.37	0.03186
8.38	0.02908
8.39	0.02812
8.4	0.0287
8.41	0.02917
8.42	0.02882
8.43	0.02796
8.44	0.02853
8.45	0.02941
8.46	0.02937
8.47	0.02854
8.48	0.02813
8.49	0.02883
8.5	0.02909
8.51	0.02934
8.52	0.02771
8.53	0.02715
8.54	0.02674
8.55	0.02801
8.56	0.02885
8.57	0.02957
8.58	0.03045
8.59	0.02976
8.6	0.02928
8.61	0.02892
8.62	0.02894
8.63	0.02882
8.64	0.02993
8.65	0.03176
8.66	0.03276
8.67	0.03275
8.68	0.03408
8.69	0.03568
8.7	0.03555
8.71	0.03511
8.72	0.03298
8.73	0.03229
8.74	0.03225
8.75	0.03347
8.76	0.0328
8.77	0.03107
8.78	0.03041
8.79	0.03135
8.8	0.03278
8.81	0.03409
8.82	0.03577
8.83	0.03542
8.84	0.03571
8.85	0.0336
8.86	0.03465
8.87	0.0346
8.88	0.03566
8.89	0.03483
8.9	0.0343
8.91	0.03483
8.92	0.03543
8.93	0.03585
8.94	0.03714
8.95	0.03791
8.96	0.03879
8.97	0.03736
8.98	0.0357
8.99	0.03451
9	0.03484
9.01	0.03551
9.02	0.03532
9.03	0.03487
9.04	0.0344
9.05	0.03462
9.06	0.03456
9.07	0.0348
9.08	0.03392
9.09	0.03396
9.1	0.03501
9.11	0.03585
9.12	0.03503
9.13	0.03449
9.14	0.03607
9.15	0.03836
9.16	0.03822
9.17	0.03483
9.18	0.03242
9.19	0.03335
9.2	0.0362
9.21	0.03773
9.22	0.03703
9.23	0.03604
9.24	0.03526
9.25	0.03476
9.26	0.03461
9.27	0.0357
9.28	0.03831
9.29	0.0379
9.3	0.03559
9.31	0.03224
9.32	0.03327
9.33	0.0355
9.34	0.03676
9.35	0.03728
9.36	0.03851
9.37	0.03875
9.38	0.03808
9.39	0.03773
9.4	0.0375
9.41	0.03837
9.42	0.03797
9.43	0.03954
9.44	0.04069
9.45	0.04172
9.46	0.04192
9.47	0.04049
9.48	0.03842
9.49	0.03742
9.5	0.03741
9.51	0.03929
9.52	0.03978
9.53	0.04203
9.54	0.04331
9.55	0.04376
9.56	0.04215
9.57	0.0402
9.58	0.03813
9.59	0.03673
9.6	0.03662
9.61	0.03707
9.62	0.03903
9.63	0.04079
9.64	0.04439
9.65	0.04599
9.66	0.04391
9.67	0.04125
9.68	0.04095
9.69	0.04094
9.7	0.04285
9.71	0.04329
9.72	0.04641
9.73	0.04826
9.74	0.04855
9.75	0.04736
9.76	0.04393
9.77	0.04476
9.78	0.04665
9.79	0.04943
9.8	0.04952
9.81	0.04717
9.82	0.04651
9.83	0.04455
9.84	0.04749
9.85	0.0494
9.86	0.05161
9.87	0.05071
9.88	0.0487
9.89	0.04868
9.9	0.0484
9.91	0.05268
9.92	0.05343
9.93	0.05514
9.94	0.05272
9.95	0.05344
9.96	0.05438
9.97	0.05232
9.98	0.05048
9.99	0.05027
10	0.05303
10.01	0.05426
10.02	0.05365
10.03	0.05632
10.04	0.05739
10.05	0.05797
10.06	0.05524
10.07	0.05333
10.08	0.05066
10.09	0.05171
10.1	0.05188
10.11	0.05407
10.12	0.05224
10.13	0.05147
10.14	0.05347
10.15	0.05418
10.16	0.05509
10.17	0.0532
10.18	0.05374
10.19	0.05727
10.2	0.05814
10.21	0.05787
10.22	0.056
10.23	0.05659
10.24	0.05551
10.25	0.05456
10.26	0.05377
10.27	0.05648
10.28	0.05797
10.29	0.05722
10.3	0.05381
10.31	0.05192
10.32	0.05081
10.33	0.05175
10.34	0.05004
10.35	0.04996
10.36	0.04956
10.37	0.04986
10.38	0.05092
10.39	0.0518
10.4	0.05294
10.41	0.05195
10.42	0.05287
10.43	0.05254
10.44	0.05279
10.45	0.05101
10.46	0.05176
10.47	0.05254
10.48	0.05236
10.49	0.05234
10.5	0.05395
10.51	0.05606
10.52	0.05401
10.53	0.05249
10.54	0.04919
10.55	0.0484
10.56	0.04489
10.57	0.04508
10.58	0.04843
10.59	0.0502
10.6	0.05042
10.61	0.05029
10.62	0.05243
10.63	0.056
10.64	0.05672
10.65	0.05514
10.66	0.05059
10.67	0.0482
10.68	0.04745
10.69	0.04965
10.7	0.04914
10.71	0.04927
10.72	0.0476
10.73	0.04812
10.74	0.04981
10.75	0.05368
10.76	0.05784
10.77	0.05907
10.78	0.05673
10.79	0.05156
10.8	0.04795
10.81	0.04648
10.82	0.04662
10.83	0.04681
10.84	0.04854
10.85	0.04945
10.86	0.04947
10.87	0.04986
10.88	0.05243
10.89	0.05654
10.9	0.05648
10.91	0.05622
10.92	0.05527
10.93	0.05688
10.94	0.0558
10.95	0.05606
10.96	0.05513
10.97	0.05369
10.98	0.05051
10.99	0.04851
11	0.04854
11.01	0.04936
11.02	0.04837
11.03	0.04886
11.04	0.04963
11.05	0.05045
11.06	0.05111
11.07	0.0516
11.08	0.05159
11.09	0.05064
11.1	0.04726
11.11	0.05035
11.12	0.05373
11.13	0.05905
11.14	0.05621
11.15	0.052
11.16	0.04792
11.17	0.05091
11.18	0.05313
11.19	0.05336
11.2	0.04893
11.21	0.04619
11.22	0.04798
11.23	0.05136
11.24	0.05153
11.25	0.0505
11.26	0.04984
11.27	0.05248
11.28	0.05149
11.29	0.0509
11.3	0.05083
11.31	0.05382
11.32	0.05447
11.33	0.05597
11.34	0.05361
11.35	0.05259
11.36	0.0507
11.37	0.05017
11.38	0.05088
11.39	0.05166
11.4	0.05462
11.41	0.05548
11.42	0.05546
11.43	0.0541
11.44	0.05431
11.45	0.05279
11.46	0.05276
11.47	0.05134
11.48	0.0532
11.49	0.05191
11.5	0.05248
11.51	0.04991
11.52	0.04978
11.53	0.04867
11.54	0.05106
11.55	0.0551
11.56	0.05796
11.57	0.05682
11.58	0.05584
11.59	0.05536
11.6	0.05575
11.61	0.05557
11.62	0.05535
11.63	0.05492
11.64	0.05301
11.65	0.05144
11.66	0.05181
11.67	0.05271
11.68	0.05346
11.69	0.05265
11.7	0.05097
11.71	0.05083
11.72	0.05112
11.73	0.05244
11.74	0.05002
11.75	0.05064
11.76	0.0499
11.77	0.05197
11.78	0.05464
11.79	0.05604
11.8	0.05463
11.81	0.05098
11.82	0.05146
11.83	0.05286
11.84	0.05406
11.85	0.05258
11.86	0.05233
11.87	0.05059
11.88	0.05137
11.89	0.05224
11.9	0.05231
11.91	0.05288
11.92	0.05148
11.93	0.05138
11.94	0.0487
11.95	0.04976
11.96	0.05246
11.97	0.05315
11.98	0.05267
11.99	0.05198
12	0.052
12.01	0.05251
12.02	0.05044
12.03	0.04976
12.04	0.05015
12.05	0.05272
12.06	0.05518
12.07	0.05669
12.08	0.05541
12.09	0.05511
12.1	0.05286
12.11	0.05255
12.12	0.05318
12.13	0.05547
12.14	0.05657
12.15	0.05447
12.16	0.05132
12.17	0.049
12.18	0.04915
12.19	0.05079
12.2	0.05405
12.21	0.05417
12.22	0.05447
12.23	0.05361
12.24	0.05485
12.25	0.05598
12.26	0.05509
12.27	0.05248
12.28	0.05175
12.29	0.05107
12.3	0.05247
12.31	0.05379
12.32	0.0535
12.33	0.05173
12.34	0.0475
12.35	0.04911
12.36	0.054
12.37	0.05684
12.38	0.05723
12.39	0.05433
12.4	0.05476
12.41	0.05361
12.42	0.05402
12.43	0.05127
12.44	0.05064
12.45	0.05131
12.46	0.05039
12.47	0.05135
12.48	0.05133
12.49	0.05444
12.5	0.05493
12.51	0.05602
12.52	0.0567
12.53	0.05858
12.54	0.05899
12.55	0.05945
12.56	0.05841
12.57	0.05726
12.58	0.05517
12.59	0.05402
12.6	0.05445
12.61	0.05603
12.62	0.05704
12.63	0.05889
12.64	0.06046
12.65	0.05939
12.66	0.05977
12.67	0.05704
12.68	0.05887
12.69	0.05508
12.7	0.05534
12.71	0.055
12.72	0.05537
12.73	0.05612
12.74	0.05586
12.75	0.05686
12.76	0.05547
12.77	0.05626
12.78	0.05783
12.79	0.05802
12.8	0.05574
12.81	0.05479
12.82	0.05575
12.83	0.05766
12.84	0.05794
12.85	0.05846
12.86	0.06186
12.87	0.06066
12.88	0.05943
12.89	0.05557
12.9	0.05469
12.91	0.05657
12.92	0.05834
12.93	0.06044
12.94	0.0588
12.95	0.0577
12.96	0.05984
12.97	0.06235
12.98	0.06477
12.99	0.06182
13	0.0626
13.01	0.06013
13.02	0.06256
13.03	0.06252
13.04	0.06541
13.05	0.06597
13.06	0.06441
13.07	0.06392
13.08	0.06468
13.09	0.0667
13.1	0.06591
13.11	0.06417
13.12	0.06456
13.13	0.06185
13.14	0.06005
13.15	0.0582
13.16	0.06361
13.17	0.06979
13.18	0.07292
13.19	0.07225
13.2	0.07111
13.21	0.07188
13.22	0.07316
13.23	0.0748
13.24	0.07432
13.25	0.07245
13.26	0.07129
13.27	0.07388
13.28	0.07592
13.29	0.07833
13.3	0.07891
13.31	0.0795
13.32	0.08204
13.33	0.08411
13.34	0.08794
13.35	0.08424
13.36	0.08357
13.37	0.07886
13.38	0.0812
13.39	0.08141
13.4	0.08502
13.41	0.08537
13.42	0.08799
13.43	0.08973
13.44	0.09188
13.45	0.08813
13.46	0.08706
13.47	0.08996
13.48	0.09531
13.49	0.09753
13.5	0.09514
13.51	0.09183
13.52	0.09029
13.53	0.09162
13.54	0.09408
13.55	0.09609
13.56	0.09574
13.57	0.09518
13.58	0.09773
13.59	0.09961
13.6	0.10109
13.61	0.10153
13.62	0.10296
13.63	0.1057
13.64	0.11351
13.65	0.11081
13.66	0.10148
13.67	0.09232
13.68	0.0926
13.69	0.10183
13.7	0.10473
13.71	0.11207
13.72	0.11419
13.73	0.11828
13.74	0.12051
13.75	0.11168
13.76	0.10775
13.77	0.10216
13.78	0.11549
13.79	0.11334
13.8	0.11415
13.81	0.11589
13.82	0.11822
13.83	0.12252
13.84	0.10638
13.85	0.10701
13.86	0.0996
13.87	0.1114
13.88	0.11631
13.89	0.13025
13.9	0.13204
13.91	0.13613
13.92	0.13564
13.93	0.13634
13.94	0.13487
13.95	0.14265
13.96	0.15821
13.97	0.16465
13.98	0.16063
13.99	0.14926
14	0.14783
14.01	0.1494
14.02	0.15301
14.03	0.16563
14.04	0.16628
14.05	0.17584
14.06	0.17228
14.07	0.18537
14.08	0.19173
14.09	0.20178
14.1	0.19022
14.11	0.18539
14.12	0.18657
14.13	0.21294
14.14	0.2223
14.15	0.22857
14.16	0.23573
14.17	0.25284
14.18	0.26579
14.19	0.26121
14.2	0.25
14.21	0.24971
14.22	0.26326
14.23	0.27133
14.24	0.28966
14.25	0.29174
14.26	0.29948
14.27	0.28002
14.28	0.28007
14.29	0.3155
14.3	0.36713
14.31	0.4029
14.32	0.4062
14.33	0.42542
14.34	0.42879
14.35	0.46691
14.36	0.49468
14.37	0.54945
14.38	0.5684
14.39	0.59147
14.4	0.61603
14.41	0.67507
14.42	0.7172
14.43	0.76584
14.44	0.78289
14.45	0.82302
14.46	0.86178
14.47	0.92287
14.48	0.99136
14.49	0.98995
14.5	1
14.51	0.959
14.52	0.96879
14.53	0.94525
14.54	0.95141
14.55	0.93046
14.56	0.9503
14.57	0.89817
14.58	0.88486
14.59	0.82162
14.6	0.79549
14.61	0.72273
14.62	0.62741
14.63	0.54587
14.64	0.49303
14.65	0.4646
14.66	0.42249
14.67	0.35994
14.68	0.29536
14.69	0.23612
14.7	0.19275
14.71	0.15318
14.72	0.11637
14.73	0.09842
14.74	0.08396
14.75	0.07753
14.76	0.06229
14.77	0.04656
14.78	0.03512
14.79	0.02606
14.8	0.02138
14.81	0.0164
14.82	0.01291
14.83	0.00983
14.84	0.0082
14.85	0.00718
14.86	0.00622
14.87	0.00488
14.88	0.00448
14.89	0.00383
14.9	0.00343
14.91	0.00267
14.92	0.00279
14.93	0.00267
14.94	0.00247
14.95	0.00206
14.96	0.00185
14.97	0.0015
14.98	0.00116
14.99	6.30076E-4
15	0