E, keV	I, A
2,00109E+0	-5,64690E-12
2,02308E+0	-3,09060E-12
2,04507E+0	-2,31330E-12
2,06706E+0	-1,34970E-12
2,08905E+0	-6,46200E-13
2,11104E+0	-2,67930E-12
2,13303E+0	-2,14730E-12
2,15502E+0	-2,63170E-12
2,17701E+0	-3,12030E-12
2,19900E+0	-1,56380E-12
2,22099E+0	-1,07330E-12
2,24298E+0	7,50400E-13
2,26497E+0	-1,41360E-12
2,28696E+0	-2,84400E-13
2,30895E+0	6,53300E-13
2,33094E+0	3,52400E-13
2,35293E+0	-8,24800E-13
2,37492E+0	-1,58790E-12
2,39691E+0	-5,81200E-13
2,41890E+0	-1,87770E-12
2,44089E+0	-1,03160E-12
2,46288E+0	-2,89600E-13
2,48487E+0	-2,22240E-12
2,50686E+0	-2,00370E-12
2,52885E+0	-1,35510E-12
2,55084E+0	-1,61000E-13
2,57283E+0	-2,72550E-12
2,59482E+0	-2,51100E-13
2,61681E+0	-2,22880E-12
2,63880E+0	-1,76400E-12
2,66079E+0	-9,78900E-13
2,68278E+0	-7,27400E-13
2,70477E+0	-1,36000E-13
2,72676E+0	2,61890E-12
2,74875E+0	-4,33700E-13
2,77074E+0	7,80300E-13
2,79273E+0	-6,45400E-13
2,81472E+0	-1,30660E-12
2,83671E+0	1,32670E-12
2,85870E+0	2,71700E-13
2,88069E+0	-4,77800E-13
2,90268E+0	-9,34000E-13
2,92467E+0	-1,47900E-13
2,94666E+0	-6,66000E-14
2,96865E+0	5,74600E-13
2,99064E+0	-1,24190E-12
3,01263E+0	8,96600E-13
3,03462E+0	-8,06600E-13
3,05661E+0	7,83800E-13
3,07860E+0	-4,39600E-13
3,10059E+0	-1,47270E-12
3,12258E+0	2,54600E-13
3,14457E+0	-3,78400E-13
3,16656E+0	2,65020E-12
3,18855E+0	9,45100E-13
3,21054E+0	9,80000E-14
3,23253E+0	2,18710E-12
3,25452E+0	2,18520E-12
3,27651E+0	1,94040E-12
3,29850E+0	2,78680E-12
3,32049E+0	2,16290E-12
3,34248E+0	2,92850E-12
3,36447E+0	3,20330E-12
3,38646E+0	4,70750E-12
3,40845E+0	5,87740E-12
3,43044E+0	6,49430E-12
3,45243E+0	7,29000E-12
3,47442E+0	4,65620E-12
3,49641E+0	6,22970E-12
3,51840E+0	8,02950E-12
3,54039E+0	6,16560E-12
3,56238E+0	7,39170E-12
3,58437E+0	5,08750E-12
3,60636E+0	2,82670E-12
3,62835E+0	5,92820E-12
3,65034E+0	7,50970E-12
3,67233E+0	4,32110E-12
3,69432E+0	3,27530E-12
3,71631E+0	5,08950E-12
3,73830E+0	4,23600E-12
3,76029E+0	2,97430E-12
3,78228E+0	5,97740E-12
3,80427E+0	5,10000E-12
3,82626E+0	9,95570E-12
3,84825E+0	1,05979E-11
3,87024E+0	6,59810E-12
3,89223E+0	7,77910E-12
3,91422E+0	8,41430E-12
3,93621E+0	6,74930E-12
3,95820E+0	8,14960E-12
3,98019E+0	3,35000E-12
4,00218E+0	2,94060E-12
4,02417E+0	3,90950E-12
4,04616E+0	8,55330E-12
4,06815E+0	3,22360E-12
4,09014E+0	4,05450E-12
4,11213E+0	4,26610E-12
4,13412E+0	4,19880E-12
4,15611E+0	5,89120E-12
4,17810E+0	4,89430E-12
4,20009E+0	4,93030E-12
4,22208E+0	5,72860E-12
4,24407E+0	9,96780E-12
4,26606E+0	5,59510E-12
4,28805E+0	4,43300E-12
4,31004E+0	6,99350E-12
4,33203E+0	8,25210E-12
4,35402E+0	5,19000E-12
4,37601E+0	2,65400E-12
4,39800E+0	4,50120E-12
4,41999E+0	6,26720E-12
4,44198E+0	7,28650E-12
4,46397E+0	6,40000E-12
4,48596E+0	6,69190E-12
4,50795E+0	5,06350E-12
4,52994E+0	5,14170E-12
4,55193E+0	3,89810E-12
4,57392E+0	5,94310E-12
4,59591E+0	5,86040E-12
4,61790E+0	7,94530E-12
4,63989E+0	7,44300E-12
4,66188E+0	5,55170E-12
4,68387E+0	5,70580E-12
4,70586E+0	6,59780E-12
4,72785E+0	5,42950E-12
4,74984E+0	8,33900E-12
4,77183E+0	6,52280E-12
4,79382E+0	5,24830E-12
4,81581E+0	5,01440E-12
4,83780E+0	5,45120E-12
4,85979E+0	7,50110E-12
4,88178E+0	6,43760E-12
4,90377E+0	6,99640E-12
4,92576E+0	9,56030E-12
4,94775E+0	8,37100E-12
4,96974E+0	5,92040E-12
4,99173E+0	7,34910E-12
5,01372E+0	8,89330E-12
5,03571E+0	5,63460E-12
5,05770E+0	1,04191E-11
5,07969E+0	1,23778E-11
5,10168E+0	1,02663E-11
5,12367E+0	8,19840E-12
5,14566E+0	9,25290E-12
5,16765E+0	8,04790E-12
5,18964E+0	9,08910E-12
5,21163E+0	8,95620E-12
5,23362E+0	7,04230E-12
5,25561E+0	8,26150E-12
5,27760E+0	7,36570E-12
5,29959E+0	6,31420E-12
5,32158E+0	7,22450E-12
5,34357E+0	9,06800E-12
5,36556E+0	1,18469E-11
5,38755E+0	1,28409E-11
5,40954E+0	1,13523E-11
5,43153E+0	1,03306E-11
5,45352E+0	1,01448E-11
5,47551E+0	1,14660E-11
5,49750E+0	1,18252E-11
5,51949E+0	9,00690E-12
5,54148E+0	1,13938E-11
5,56347E+0	9,65770E-12
5,58546E+0	7,47650E-12
5,60745E+0	1,18693E-11
5,62944E+0	1,12466E-11
5,65143E+0	1,10062E-11
5,67342E+0	1,46507E-11
5,69541E+0	1,23169E-11
5,71740E+0	1,13843E-11
5,73939E+0	9,70990E-12
5,76138E+0	1,12358E-11
5,78337E+0	7,92580E-12
5,80536E+0	1,31098E-11
5,82735E+0	1,33264E-11
5,84934E+0	1,31624E-11
5,87133E+0	1,23802E-11
5,89332E+0	1,30140E-11
5,91531E+0	1,31257E-11
5,93730E+0	1,36897E-11
5,95929E+0	1,42767E-11
5,98128E+0	1,02720E-11
6,00327E+0	1,63236E-11
6,02526E+0	1,50048E-11
6,04725E+0	1,15504E-11
6,06924E+0	1,39560E-11
6,09123E+0	1,26182E-11
6,11322E+0	1,24518E-11
6,13521E+0	1,71864E-11
6,15720E+0	1,82820E-11
6,17919E+0	1,67595E-11
6,20118E+0	1,76615E-11
6,22317E+0	1,54905E-11
6,24516E+0	1,76255E-11
6,26715E+0	1,83038E-11
6,28914E+0	1,58677E-11
6,31113E+0	1,73910E-11
6,33312E+0	2,03190E-11
6,35511E+0	1,65451E-11
6,37710E+0	1,70769E-11
6,39909E+0	1,66095E-11
6,42108E+0	2,12800E-11
6,44307E+0	2,38000E-11
6,46506E+0	1,82068E-11
6,48705E+0	2,06455E-11
6,50904E+0	2,00870E-11
6,53103E+0	2,42130E-11
6,55302E+0	2,04540E-11
6,57501E+0	2,13050E-11
6,59700E+0	2,01890E-11
6,61899E+0	2,07784E-11
6,64098E+0	2,13400E-11
6,66297E+0	2,23250E-11
6,68496E+0	2,32290E-11
6,70695E+0	2,28250E-11
6,72894E+0	2,21520E-11
6,75093E+0	2,68250E-11
6,77292E+0	2,31720E-11
6,79491E+0	2,29280E-11
6,81690E+0	2,40600E-11
6,83889E+0	2,49510E-11
6,86088E+0	2,67080E-11
6,88287E+0	2,35650E-11
6,90486E+0	2,78150E-11
6,92685E+0	2,70380E-11
6,94884E+0	2,86300E-11
6,97083E+0	2,63740E-11
6,99282E+0	2,19300E-11
7,01481E+0	2,62380E-11
7,03680E+0	3,12850E-11
7,05879E+0	2,65450E-11
7,08078E+0	2,60370E-11
7,10277E+0	2,57050E-11
7,12476E+0	2,55850E-11
7,14675E+0	2,64480E-11
7,16874E+0	3,51870E-11
7,19073E+0	3,42080E-11
7,21272E+0	2,95210E-11
7,23471E+0	2,84420E-11
7,25670E+0	2,96580E-11
7,27869E+0	3,25500E-11
7,30068E+0	3,00470E-11
7,32267E+0	2,67020E-11
7,34466E+0	3,43350E-11
7,36665E+0	3,61090E-11
7,38864E+0	3,82420E-11
7,41063E+0	3,50550E-11
7,43262E+0	3,31010E-11
7,45461E+0	3,27970E-11
7,47660E+0	3,94600E-11
7,49859E+0	3,41390E-11
7,52058E+0	3,31710E-11
7,54257E+0	4,08960E-11
7,56456E+0	4,07070E-11
7,58655E+0	4,39420E-11
7,60854E+0	3,83480E-11
7,63053E+0	3,87500E-11
7,65252E+0	4,08730E-11
7,67451E+0	4,33000E-11
7,69650E+0	3,94680E-11
7,71849E+0	4,26300E-11
7,74048E+0	4,95770E-11
7,76247E+0	4,87400E-11
7,78446E+0	4,66300E-11
7,80645E+0	4,69760E-11
7,82844E+0	4,91200E-11
7,85043E+0	4,85650E-11
7,87242E+0	5,22060E-11
7,89441E+0	5,13460E-11
7,91640E+0	5,49260E-11
7,93839E+0	5,24000E-11
7,96038E+0	5,31800E-11
7,98237E+0	5,43430E-11
8,00436E+0	4,86320E-11
8,02635E+0	5,87730E-11
8,04834E+0	4,69830E-11
8,07033E+0	5,20080E-11
8,09232E+0	4,93990E-11
8,11431E+0	5,80990E-11
8,13630E+0	5,46100E-11
8,15829E+0	5,48850E-11
8,18028E+0	5,70040E-11
8,20227E+0	5,31680E-11
8,22426E+0	5,84430E-11
8,24625E+0	6,42840E-11
8,26824E+0	6,06460E-11
8,29023E+0	6,16310E-11
8,31222E+0	6,24630E-11
8,33421E+0	7,20760E-11
8,35620E+0	6,85090E-11
8,37819E+0	7,12130E-11
8,40018E+0	6,63660E-11
8,42217E+0	7,77320E-11
8,44416E+0	7,98840E-11
8,46615E+0	7,17260E-11
8,48814E+0	7,72800E-11
8,51013E+0	7,73000E-11
8,53212E+0	7,40210E-11
8,55411E+0	8,25590E-11
8,57610E+0	8,38800E-11
8,59809E+0	8,84920E-11
8,62008E+0	9,21060E-11
8,64207E+0	8,91510E-11
8,66406E+0	9,02150E-11
8,68605E+0	9,18220E-11
8,70804E+0	8,65860E-11
8,73003E+0	8,35380E-11
8,75202E+0	8,87950E-11
8,77401E+0	8,45080E-11
8,79600E+0	7,96390E-11
8,81799E+0	8,24620E-11
8,83998E+0	6,98560E-11
8,86197E+0	7,48390E-11
8,88396E+0	7,48750E-11
8,90595E+0	7,02800E-11
8,92794E+0	6,62310E-11
8,94993E+0	7,15850E-11
8,97192E+0	8,10120E-11
8,99391E+0	7,87870E-11
9,01590E+0	7,42410E-11
9,03789E+0	7,04860E-11
9,05988E+0	6,61260E-11
9,08187E+0	7,14860E-11
9,10386E+0	6,46070E-11
9,12585E+0	6,43940E-11
9,14784E+0	6,10320E-11
9,16983E+0	6,14460E-11
9,19182E+0	5,77620E-11
9,21381E+0	6,43900E-11
9,23580E+0	6,09170E-11
9,25779E+0	6,01970E-11
9,27978E+0	5,90760E-11
9,30177E+0	6,16770E-11
9,32376E+0	6,06340E-11
9,34575E+0	5,47860E-11
9,36774E+0	5,19640E-11
9,38973E+0	5,20050E-11
9,41172E+0	5,02590E-11
9,43371E+0	5,57850E-11
9,45570E+0	4,75830E-11
9,47769E+0	5,19620E-11
9,49968E+0	5,21170E-11
9,52167E+0	4,35030E-11
9,54366E+0	4,33550E-11
9,56565E+0	5,08760E-11
9,58764E+0	4,42270E-11
9,60963E+0	4,01760E-11
9,62210E+0	4,15040E-11
9,63942E+0	4,17450E-11
9,65674E+0	4,17120E-11
9,67406E+0	3,84900E-11
9,69138E+0	3,87520E-11
9,70870E+0	3,87980E-11
9,72603E+0	3,24380E-11
9,74335E+0	3,08000E-11
9,76067E+0	3,12180E-11
9,77799E+0	3,30700E-11
9,79531E+0	3,06490E-11
9,81263E+0	2,70120E-11
9,82996E+0	2,35510E-11
9,84728E+0	2,34160E-11
9,86460E+0	2,25470E-11
9,88192E+0	2,15640E-11
9,89924E+0	2,06170E-11
9,91656E+0	1,48454E-11
9,93389E+0	1,45274E-11
9,95121E+0	1,67498E-11
9,96853E+0	1,47329E-11
9,98585E+0	1,49352E-11
1,00032E+1	1,28344E-11
1,00205E+1	7,68280E-12
1,00378E+1	8,31170E-12
1,00551E+1	5,67260E-12
1,00725E+1	4,37270E-12
1,00898E+1	1,45981E-11
1,01071E+1	1,18445E-11
1,01244E+1	7,23530E-12
1,01417E+1	6,43410E-12
1,01591E+1	4,66930E-12
1,01764E+1	1,47940E-12
1,01937E+1	3,53990E-12
1,02110E+1	1,68190E-12
1,02284E+1	-1,11630E-12
1,02457E+1	-2,20600E-12
1,02630E+1	-3,37820E-12
1,02803E+1	-2,49810E-12
1,02976E+1	-2,41850E-12
1,03150E+1	-2,09000E-12
1,03323E+1	-1,85280E-12
1,03496E+1	-2,33410E-12
1,03669E+1	-2,24380E-12
1,03842E+1	-2,75860E-12
1,04016E+1	-1,34160E-12
1,04189E+1	-3,35680E-12
1,04362E+1	-3,74010E-12
1,04535E+1	-2,96650E-12
1,04709E+1	-3,31760E-12
1,04882E+1	-3,77180E-12
1,05055E+1	-3,30540E-12
1,05228E+1	-2,62850E-12
1,05401E+1	-3,16760E-12
1,05575E+1	-4,29680E-12
1,05748E+1	-2,88280E-12
1,05921E+1	-2,81610E-12
1,06094E+1	-3,06630E-12
1,06267E+1	-2,84830E-12
1,06441E+1	-4,00810E-12
1,06614E+1	-3,01950E-12
1,06787E+1	-3,88040E-12
1,06960E+1	-2,71170E-12
1,07134E+1	-2,44070E-12
1,07307E+1	-2,24130E-12
1,07480E+1	-3,68870E-12
1,07653E+1	-3,92220E-12
1,07826E+1	-3,18060E-12
1,08000E+1	-2,24480E-12
1,08173E+1	-1,96070E-12
1,08346E+1	-3,01660E-12
1,08519E+1	-1,98900E-12
1,08693E+1	-3,01450E-12
1,08866E+1	-3,98110E-12
1,09039E+1	-2,56980E-12
1,09212E+1	-2,43150E-12
1,09385E+1	-3,84020E-12
1,09559E+1	-3,17380E-12
1,09732E+1	-3,16440E-12
1,09905E+1	-2,10100E-12
1,10078E+1	-3,14210E-12
1,10251E+1	-2,15130E-12
1,10425E+1	-2,58600E-12
1,10598E+1	-3,41660E-12
1,10771E+1	-4,06090E-12
1,10944E+1	-3,43370E-12
1,11118E+1	-4,26850E-12
1,11291E+1	-2,92190E-12
1,11464E+1	-2,96780E-12
1,11637E+1	-3,02370E-12
1,11810E+1	-1,25740E-12
1,11984E+1	-3,06520E-12
1,12157E+1	-2,03010E-12
1,12330E+1	-3,08230E-12
1,12503E+1	-3,24580E-12
1,12676E+1	-2,33520E-12
1,12850E+1	-3,49080E-12
1,13023E+1	-1,98830E-12
1,13196E+1	-1,87120E-12
1,13369E+1	-1,98230E-12
1,13543E+1	-3,66180E-12
1,13716E+1	-2,57960E-12
1,13889E+1	-2,40330E-12
1,14062E+1	-1,13530E-12
1,14235E+1	4,94300E-13
1,14409E+1	-1,51220E-12
1,14582E+1	-3,63730E-12
1,14755E+1	-7,59000E-13
1,14928E+1	-1,11990E-12
1,15101E+1	-2,23870E-12
1,15275E+1	-1,61310E-12
1,15448E+1	-3,63780E-12
1,15621E+1	-1,68210E-12
1,15794E+1	4,40400E-13
1,15968E+1	-3,56450E-12
1,16141E+1	3,29900E-13
1,16314E+1	-2,83230E-12
1,16487E+1	-2,43000E-12
1,16660E+1	-3,41770E-12
1,16834E+1	-3,15280E-12
1,17007E+1	-2,95500E-12
1,17180E+1	-2,37530E-12
1,17353E+1	-1,34770E-12
1,17527E+1	-1,43800E-12
1,17700E+1	-3,10360E-12
1,17873E+1	-2,65760E-12
1,18046E+1	-3,40740E-12
1,18219E+1	-4,19530E-12
1,18393E+1	-1,53640E-12
1,18566E+1	-3,33190E-12
1,18739E+1	-1,68170E-12
1,18912E+1	3,29740E-12
1,19085E+1	3,90360E-12
1,19259E+1	1,11060E-12
1,19432E+1	3,58070E-12
1,19605E+1	-3,58600E-13
1,19778E+1	-3,37480E-12
