E, keV	I, A
6,00327E+0	1,59827E-10
6,01426E+0	1,63074E-10
6,02526E+0	1,54507E-10
6,03625E+0	1,28654E-10
6,04725E+0	1,72694E-10
6,05824E+0	1,54528E-10
6,06924E+0	1,47347E-10
6,08024E+0	1,45641E-10
6,09123E+0	1,52826E-10
6,10222E+0	1,74559E-10
6,11322E+0	1,55918E-10
6,12421E+0	1,76757E-10
6,13521E+0	1,45093E-10
6,14620E+0	1,68605E-10
6,15720E+0	1,63973E-10
6,16819E+0	1,64824E-10
6,17919E+0	1,80775E-10
6,19018E+0	2,04478E-10
6,20118E+0	1,72970E-10
6,21218E+0	1,66227E-10
6,22317E+0	1,51279E-10
6,23416E+0	1,55153E-10
6,24516E+0	1,48343E-10
6,25615E+0	1,69592E-10
6,26715E+0	1,48066E-10
6,27814E+0	1,59003E-10
6,28914E+0	1,60065E-10
6,30014E+0	1,44596E-10
6,31113E+0	1,56483E-10
6,32212E+0	1,52629E-10
6,33312E+0	1,35460E-10
6,34411E+0	1,63555E-10
6,35511E+0	1,61262E-10
6,36610E+0	1,54505E-10
6,37710E+0	1,47543E-10
6,38809E+0	1,48712E-10
6,39909E+0	1,41059E-10
6,41008E+0	1,50714E-10
6,42108E+0	1,67267E-10
6,43207E+0	1,58775E-10
6,44307E+0	1,44126E-10
6,45406E+0	1,64516E-10
6,46506E+0	1,64341E-10
6,47605E+0	1,77955E-10
6,48705E+0	1,51393E-10
6,49804E+0	1,84679E-10
6,50904E+0	1,65640E-10
6,52003E+0	1,59230E-10
6,53103E+0	1,66750E-10
6,54202E+0	1,52306E-10
6,55302E+0	1,73613E-10
6,56401E+0	1,74355E-10
6,57501E+0	1,84176E-10
6,58601E+0	1,41049E-10
6,59700E+0	1,47282E-10
6,60799E+0	1,63421E-10
6,61899E+0	1,94349E-10
6,62998E+0	1,57988E-10
6,64098E+0	1,73328E-10
6,65197E+0	1,60534E-10
6,66297E+0	1,80555E-10
6,67396E+0	2,06216E-10
6,68496E+0	1,99657E-10
6,69595E+0	1,89805E-10
6,70695E+0	1,66206E-10
6,71795E+0	1,36480E-10
6,72894E+0	2,12800E-10
6,73993E+0	2,52930E-10
6,75093E+0	2,33690E-10
6,76192E+0	2,43860E-10
6,77292E+0	2,18420E-10
6,78391E+0	2,45220E-10
6,79491E+0	2,04960E-10
6,80591E+0	2,26440E-10
6,81690E+0	2,18980E-10
6,82789E+0	2,04860E-10
6,83889E+0	1,85986E-10
6,84988E+0	2,04294E-10
6,86088E+0	1,96479E-10
6,87187E+0	1,86163E-10
6,88287E+0	1,75521E-10
6,89386E+0	1,82068E-10
6,90486E+0	1,94015E-10
6,91585E+0	2,07374E-10
6,92685E+0	1,91685E-10
6,93784E+0	2,03502E-10
6,94884E+0	1,98322E-10
6,95983E+0	1,96884E-10
6,97083E+0	2,00540E-10
6,98182E+0	2,29490E-10
6,99282E+0	3,06210E-10
7,00381E+0	4,13860E-10
7,01481E+0	3,89650E-10
7,02580E+0	3,01030E-10
7,03680E+0	4,41330E-10
7,04779E+0	4,04100E-10
7,05879E+0	3,40670E-10
7,06978E+0	3,68840E-10
7,08078E+0	2,88380E-10
7,09177E+0	2,93350E-10
7,10277E+0	2,95370E-10
7,11376E+0	2,30640E-10
7,12476E+0	2,78170E-10
7,13575E+0	2,66720E-10
7,14675E+0	1,48976E-10
7,15774E+0	1,86091E-10
7,16874E+0	1,81255E-10
7,17973E+0	1,76790E-10
7,19073E+0	1,90530E-10
7,20172E+0	1,71919E-10
7,21272E+0	1,58096E-10
7,22371E+0	1,62098E-10
7,23471E+0	1,77294E-10
7,24570E+0	1,82027E-10
7,25670E+0	1,78221E-10
7,26769E+0	1,59824E-10
7,27869E+0	1,47716E-10
7,28968E+0	1,67461E-10
7,30068E+0	1,61534E-10
7,31168E+0	1,85193E-10
7,32267E+0	1,81880E-10
7,33366E+0	2,03424E-10
7,34466E+0	1,75936E-10
7,35565E+0	1,71988E-10
7,36665E+0	1,46923E-10
7,37764E+0	1,92096E-10
7,38864E+0	1,64505E-10
7,39963E+0	1,77320E-10
7,41063E+0	1,61032E-10
7,42162E+0	1,76093E-10
7,43262E+0	1,76120E-10
7,44361E+0	1,86796E-10
7,45461E+0	1,64593E-10
7,46560E+0	1,69647E-10
7,47660E+0	1,93351E-10
7,48759E+0	1,96801E-10
7,49859E+0	1,89008E-10
7,50958E+0	1,88954E-10
7,52058E+0	1,72412E-10
7,53157E+0	1,73551E-10
7,54257E+0	1,82540E-10
7,55356E+0	1,78446E-10
7,56456E+0	1,79274E-10
7,57555E+0	1,68605E-10
7,58655E+0	1,90565E-10
7,59754E+0	1,76897E-10
7,60854E+0	1,87708E-10
7,61953E+0	2,12090E-10
7,63053E+0	2,63650E-10
7,64152E+0	2,14330E-10
7,65252E+0	1,90523E-10
7,66351E+0	1,78350E-10
7,67451E+0	1,88462E-10
7,68551E+0	1,95555E-10
7,69650E+0	1,94193E-10
7,70749E+0	1,73673E-10
7,71849E+0	2,06161E-10
7,72948E+0	1,70517E-10
7,74048E+0	1,92988E-10
7,75147E+0	1,62262E-10
7,76247E+0	2,08060E-10
7,77346E+0	2,46540E-10
7,78446E+0	1,56936E-10
7,79545E+0	1,96212E-10
7,80645E+0	1,73185E-10
7,81745E+0	2,05046E-10
7,82844E+0	1,91568E-10
7,83943E+0	1,77220E-10
7,85043E+0	1,89773E-10
7,86142E+0	2,01200E-10
7,87242E+0	1,68580E-10
7,88341E+0	1,90248E-10
7,89441E+0	1,99365E-10
7,90541E+0	1,93353E-10
7,91640E+0	1,59180E-10
7,92739E+0	2,77170E-10
7,93839E+0	1,88027E-10
7,94938E+0	2,03260E-10
7,96038E+0	2,69300E-10
7,97137E+0	1,92670E-10
7,98237E+0	1,93580E-10
7,99336E+0	1,92593E-10
8,00436E+0	1,99686E-10
8,01535E+0	1,80538E-10
8,02635E+0	2,03757E-10
8,03734E+0	2,32180E-10
8,04834E+0	2,44430E-10
8,05933E+0	2,36540E-10
8,07033E+0	2,26010E-10
8,08132E+0	2,54150E-10
8,09232E+0	2,62880E-10
8,10332E+0	1,93064E-10
8,11431E+0	1,50710E-10
8,12530E+0	1,83101E-10
8,13630E+0	2,03269E-10
8,14729E+0	2,66270E-10
8,15829E+0	2,42500E-10
8,16928E+0	4,10310E-10
8,18028E+0	2,43330E-10
8,19127E+0	2,09690E-10
8,20227E+0	2,47550E-10
8,21326E+0	2,38100E-10
8,22426E+0	2,47420E-10
8,23526E+0	2,30900E-10
8,24625E+0	2,71590E-10
8,25724E+0	2,72850E-10
8,26824E+0	2,55200E-10
8,27923E+0	2,17020E-10
8,29023E+0	2,63350E-10
8,30122E+0	2,23870E-10
8,31222E+0	2,05770E-10
8,32321E+0	2,24090E-10
8,33421E+0	2,65150E-10
8,34520E+0	2,82840E-10
8,35620E+0	2,22640E-10
8,36720E+0	2,60400E-10
8,37819E+0	2,62370E-10
8,38918E+0	2,19540E-10
8,40018E+0	2,92690E-10
8,41118E+0	2,73070E-10
8,42217E+0	2,87370E-10
8,43316E+0	2,73350E-10
8,44416E+0	3,19200E-10
8,45515E+0	2,38210E-10
8,46615E+0	2,15080E-10
8,47715E+0	2,09360E-10
8,48814E+0	2,90530E-10
8,49913E+0	2,16270E-10
8,51013E+0	2,28160E-10
8,52112E+0	2,61790E-10
8,53212E+0	3,37930E-10
8,54311E+0	2,11980E-10
8,55411E+0	2,45990E-10
8,56510E+0	2,46430E-10
8,57610E+0	3,09920E-10
8,58709E+0	2,32330E-10
8,59809E+0	2,37740E-10
8,60909E+0	2,10050E-10
8,62008E+0	2,15720E-10
8,63107E+0	3,04900E-10
8,64207E+0	2,10020E-10
8,65306E+0	3,40730E-10
8,66406E+0	2,36950E-10
8,67505E+0	2,57560E-10
8,68605E+0	2,39050E-10
8,69704E+0	3,34470E-10
8,70804E+0	3,10600E-10
8,71903E+0	3,78810E-10
8,73003E+0	3,41400E-10
8,74102E+0	2,46950E-10
8,75202E+0	2,49230E-10
8,76301E+0	2,72290E-10
8,77401E+0	2,93100E-10
8,78500E+0	2,45970E-10
8,79600E+0	3,36410E-10
8,80699E+0	2,48480E-10
8,81799E+0	2,95210E-10
8,82898E+0	3,40690E-10
8,83998E+0	3,91730E-10
8,85098E+0	2,78910E-10
8,86197E+0	3,08290E-10
8,87296E+0	3,89930E-10
8,88396E+0	3,32410E-10
8,89495E+0	3,23980E-10
8,90595E+0	2,34660E-10
8,91694E+0	3,75340E-10
8,92794E+0	3,01060E-10
8,93894E+0	3,13970E-10
8,94993E+0	3,84110E-10
8,96092E+0	2,55190E-10
8,97192E+0	3,93550E-10
8,98291E+0	4,08540E-10
8,99391E+0	2,35920E-10
9,00490E+0	3,01530E-10
9,01590E+0	2,64810E-10
9,02689E+0	3,34070E-10
9,03789E+0	3,73020E-10
9,04889E+0	3,44320E-10
9,05988E+0	3,74820E-10
9,07087E+0	3,65590E-10
9,08187E+0	4,09860E-10
9,09286E+0	3,29210E-10
9,10386E+0	3,59850E-10
9,11485E+0	3,66420E-10
9,12585E+0	4,58200E-10
9,13684E+0	4,33810E-10
9,14784E+0	4,26370E-10
9,15883E+0	3,30230E-10
9,16983E+0	2,98800E-10
9,18082E+0	3,79210E-10
9,19182E+0	3,79690E-10
9,20281E+0	4,00210E-10
9,21381E+0	2,99820E-10
9,22480E+0	4,08400E-10
9,23580E+0	4,25640E-10
9,24679E+0	4,07740E-10
9,25779E+0	5,51480E-10
9,26878E+0	4,75660E-10
9,27978E+0	5,88650E-10
9,29077E+0	5,62230E-10
9,30177E+0	5,35010E-10
9,31277E+0	4,43890E-10
9,32376E+0	5,48330E-10
9,33475E+0	5,36280E-10
9,34575E+0	4,96590E-10
9,35674E+0	4,68630E-10
9,36774E+0	6,64340E-10
9,37873E+0	6,97710E-10
9,38973E+0	7,14470E-10
9,40072E+0	9,75840E-10
9,41172E+0	7,00000E-10
9,42272E+0	5,71900E-10
9,43371E+0	7,69810E-10
9,44470E+0	7,07120E-10
9,45570E+0	7,19030E-10
9,46669E+0	9,27860E-10
9,47769E+0	7,89390E-10
9,48869E+0	9,07720E-10
9,49968E+0	8,00110E-10
9,51067E+0	9,90790E-10
9,52167E+0	8,15420E-10
9,53266E+0	9,43690E-10
9,54366E+0	9,58610E-10
9,55465E+0	1,05996E-9
9,56565E+0	1,17602E-9
9,57665E+0	8,91970E-10
9,58764E+0	1,16695E-9
9,59863E+0	9,49480E-10
9,60963E+0	9,95990E-10
9,62062E+0	9,79510E-10
9,62210E+0	1,06131E-9
9,63076E+0	9,32780E-10
9,63942E+0	1,23473E-9
9,64808E+0	1,27491E-9
9,65674E+0	9,40600E-10
9,66540E+0	1,19287E-9
9,67406E+0	1,29642E-9
9,68272E+0	1,14192E-9
9,69138E+0	1,09301E-9
9,70004E+0	1,07050E-9
9,70870E+0	1,31661E-9
9,71737E+0	1,01108E-9
9,72603E+0	1,05527E-9
9,73469E+0	1,29120E-9
9,74335E+0	1,09186E-9
9,75201E+0	1,12644E-9
9,76067E+0	1,25789E-9
9,76933E+0	1,15661E-9
9,77799E+0	1,21014E-9
9,78665E+0	8,37380E-10
9,79531E+0	1,13660E-9
9,80397E+0	1,23390E-9
9,81263E+0	1,22108E-9
9,82130E+0	1,05046E-9
9,82996E+0	1,30785E-9
9,83862E+0	1,44359E-9
9,84728E+0	1,23489E-9
9,85594E+0	1,36296E-9
9,86460E+0	1,31777E-9
9,87326E+0	1,06409E-9
9,88192E+0	1,15188E-9
9,89058E+0	1,19816E-9
9,89924E+0	9,82430E-10
9,90790E+0	1,02247E-9
9,91656E+0	1,21029E-9
9,92522E+0	9,38920E-10
9,93389E+0	9,28630E-10
9,94255E+0	1,10613E-9
9,95121E+0	1,26612E-9
9,95987E+0	1,14494E-9
9,96853E+0	9,81140E-10
9,97719E+0	1,04956E-9
9,98585E+0	1,11875E-9
9,99451E+0	9,18730E-10
1,00032E+1	1,22502E-9
1,00118E+1	1,01986E-9
1,00205E+1	9,87610E-10
1,00292E+1	1,04248E-9
1,00378E+1	9,33590E-10
1,00465E+1	8,87380E-10
1,00551E+1	8,71000E-10
1,00638E+1	9,88220E-10
1,00725E+1	8,87300E-10
1,00811E+1	7,97850E-10
1,00898E+1	9,37980E-10
1,00984E+1	9,76780E-10
1,01071E+1	8,88650E-10
1,01158E+1	1,01649E-9
1,01244E+1	8,28980E-10
1,01331E+1	8,92770E-10
1,01417E+1	7,88810E-10
1,01504E+1	8,13820E-10
1,01591E+1	8,46070E-10
1,01677E+1	8,38550E-10
1,01764E+1	8,01470E-10
1,01850E+1	8,32500E-10
1,01937E+1	7,58540E-10
1,02024E+1	9,38970E-10
1,02110E+1	1,02996E-9
1,02197E+1	8,50460E-10
1,02284E+1	8,57580E-10
1,02370E+1	1,07974E-9
1,02457E+1	1,11125E-9
1,02543E+1	9,02200E-10
1,02630E+1	9,16430E-10
1,02717E+1	9,87970E-10
1,02803E+1	9,79570E-10
1,02890E+1	9,62020E-10
1,02976E+1	9,13370E-10
1,03063E+1	9,63150E-10
1,03150E+1	9,67410E-10
1,03236E+1	1,06474E-9
1,03323E+1	8,96490E-10
1,03409E+1	8,94340E-10
1,03496E+1	9,37730E-10
1,03583E+1	9,61170E-10
1,03669E+1	1,06012E-9
1,03756E+1	1,05580E-9
1,03842E+1	7,95950E-10
1,03929E+1	8,52770E-10
1,04016E+1	1,00402E-9
1,04102E+1	1,00056E-9
1,04189E+1	9,42400E-10
1,04276E+1	1,08770E-9
1,04362E+1	1,07779E-9
1,04449E+1	8,19840E-10
1,04535E+1	1,02219E-9
1,04622E+1	1,02207E-9
1,04709E+1	1,19649E-9
1,04795E+1	9,76070E-10
1,04882E+1	1,16305E-9
1,04968E+1	8,54840E-10
1,05055E+1	1,01393E-9
1,05142E+1	1,12836E-9
1,05228E+1	9,08940E-10
1,05315E+1	1,10728E-9
1,05401E+1	9,98670E-10
1,05488E+1	1,03175E-9
1,05575E+1	1,23723E-9
1,05661E+1	8,98810E-10
1,05748E+1	1,10865E-9
1,05834E+1	1,35915E-9
1,05921E+1	1,12693E-9
1,06008E+1	1,01420E-9
1,06094E+1	1,06706E-9
1,06181E+1	1,11901E-9
1,06267E+1	1,23427E-9
1,06354E+1	9,77310E-10
1,06441E+1	1,14545E-9
1,06527E+1	1,26995E-9
1,06614E+1	9,54660E-10
1,06701E+1	1,20716E-9
1,06787E+1	1,06141E-9
1,06874E+1	1,22966E-9
1,06960E+1	1,22249E-9
1,07047E+1	1,34893E-9
1,07134E+1	1,29120E-9
1,07220E+1	1,14274E-9
1,07307E+1	1,16163E-9
1,07393E+1	1,08674E-9
1,07480E+1	1,17069E-9
1,07567E+1	1,19102E-9
1,07653E+1	1,15178E-9
1,07740E+1	9,79320E-10
1,07826E+1	1,12759E-9
1,07913E+1	1,20491E-9
1,08000E+1	1,05312E-9
1,08086E+1	1,09660E-9
1,08173E+1	1,13139E-9
1,08259E+1	1,04508E-9
1,08346E+1	1,25550E-9
1,08433E+1	1,12620E-9
1,08519E+1	1,06251E-9
1,08606E+1	1,23921E-9
1,08693E+1	1,21036E-9
1,08779E+1	1,15527E-9
1,08866E+1	1,11941E-9
1,08952E+1	1,19182E-9
1,09039E+1	1,17692E-9
1,09126E+1	1,20441E-9
1,09212E+1	1,16454E-9
1,09299E+1	1,23985E-9
1,09385E+1	1,16290E-9
1,09472E+1	1,19016E-9
1,09559E+1	1,21104E-9
1,09645E+1	1,31397E-9
1,09732E+1	1,33459E-9
1,09818E+1	1,06570E-9
1,09905E+1	1,25650E-9
1,09992E+1	1,07211E-9
1,10078E+1	1,20246E-9
1,10165E+1	1,11875E-9
1,10251E+1	1,29856E-9
1,10338E+1	1,26195E-9
1,10425E+1	1,21424E-9
1,10511E+1	1,42293E-9
1,10598E+1	1,44417E-9
1,10684E+1	1,30831E-9
1,10771E+1	1,35818E-9
1,10858E+1	1,28310E-9
1,10944E+1	1,32362E-9
1,11031E+1	1,31313E-9
1,11118E+1	1,20469E-9
1,11204E+1	1,22890E-9
1,11291E+1	1,31832E-9
1,11377E+1	1,38265E-9
1,11464E+1	1,35071E-9
1,11551E+1	1,23897E-9
1,11637E+1	1,30114E-9
1,11724E+1	1,27793E-9
1,11810E+1	1,24669E-9
1,11897E+1	1,23810E-9
1,11984E+1	1,17351E-9
1,12070E+1	1,30432E-9
1,12157E+1	1,40365E-9
1,12243E+1	1,44124E-9
1,12330E+1	1,32576E-9
1,12417E+1	1,34809E-9
1,12503E+1	1,35620E-9
1,12590E+1	1,46638E-9
1,12676E+1	1,24140E-9
1,12763E+1	1,43890E-9
1,12850E+1	1,32100E-9
1,12936E+1	1,27362E-9
1,13023E+1	1,54327E-9
1,13110E+1	1,41190E-9
1,13196E+1	1,43633E-9
1,13283E+1	1,37180E-9
1,13369E+1	1,75200E-9
1,13456E+1	1,42880E-9
1,13543E+1	1,53139E-9
1,13629E+1	1,56880E-9
1,13716E+1	1,67610E-9
1,13802E+1	1,49260E-9
1,13889E+1	1,40300E-9
1,13976E+1	1,39558E-9
1,14062E+1	1,53930E-9
1,14149E+1	1,73250E-9
1,14235E+1	1,46546E-9
1,14322E+1	1,47200E-9
1,14409E+1	1,62890E-9
1,14495E+1	1,54210E-9
1,14582E+1	1,48366E-9
1,14668E+1	1,64540E-9
1,14755E+1	1,66908E-9
1,14842E+1	1,55450E-9
1,14928E+1	1,73520E-9
1,15015E+1	1,58370E-9
1,15101E+1	1,98990E-9
1,15188E+1	1,65460E-9
1,15275E+1	1,71610E-9
1,15361E+1	1,72460E-9
1,15448E+1	1,81600E-9
1,15535E+1	1,71780E-9
1,15621E+1	1,73060E-9
1,15708E+1	1,62975E-9
1,15794E+1	1,41700E-9
1,15881E+1	1,71860E-9
1,15968E+1	2,08560E-9
1,16054E+1	2,06130E-9
1,16141E+1	1,90330E-9
1,16227E+1	1,62310E-9
1,16314E+1	1,84070E-9
1,16401E+1	1,66070E-9
1,16487E+1	2,06790E-9
1,16574E+1	1,70930E-9
1,16660E+1	2,05260E-9
1,16747E+1	1,66930E-9
1,16834E+1	1,68635E-9
1,16920E+1	1,88110E-9
1,17007E+1	2,24560E-9
1,17093E+1	1,93840E-9
1,17180E+1	1,90350E-9
1,17267E+1	2,01500E-9
1,17353E+1	2,32570E-9
1,17440E+1	2,17540E-9
1,17527E+1	2,21530E-9
1,17613E+1	2,09780E-9
1,17700E+1	2,14970E-9
1,17786E+1	2,12290E-9
1,17873E+1	2,06190E-9
1,17960E+1	2,13940E-9
1,18046E+1	2,01370E-9
1,18133E+1	2,22140E-9
1,18219E+1	2,32650E-9
1,18306E+1	2,10880E-9
1,18393E+1	2,18490E-9
1,18479E+1	2,15000E-9
1,18566E+1	2,16920E-9
1,18652E+1	2,23100E-9
1,18739E+1	2,09230E-9
1,18826E+1	2,11120E-9
1,18912E+1	2,13330E-9
1,18999E+1	2,30600E-9
1,19085E+1	2,42740E-9
1,19172E+1	2,15930E-9
1,19259E+1	2,36820E-9
1,19345E+1	2,20740E-9
1,19432E+1	2,40530E-9
1,19519E+1	2,26210E-9
1,19605E+1	2,22270E-9
1,19692E+1	2,03590E-9
1,19778E+1	2,27840E-9
1,19865E+1	2,17070E-9
1,19952E+1	2,19590E-9
1,20038E+1	2,25700E-9
1,20125E+1	2,20710E-9
1,20211E+1	2,43680E-9
1,20298E+1	2,33400E-9
1,20385E+1	2,42340E-9
1,20471E+1	2,29750E-9
1,20558E+1	2,55280E-9
1,20644E+1	2,51080E-9
1,20731E+1	2,28250E-9
1,20818E+1	2,77320E-9
1,20904E+1	2,46500E-9
1,20991E+1	2,60900E-9
1,21077E+1	2,79180E-9
1,21164E+1	2,38110E-9
1,21251E+1	2,35530E-9
1,21337E+1	2,89750E-9
1,21424E+1	2,89360E-9
1,21510E+1	2,69520E-9
1,21597E+1	3,01810E-9
1,21684E+1	2,62160E-9
1,21770E+1	3,21040E-9
1,21857E+1	2,45780E-9
1,21944E+1	2,68880E-9
1,22030E+1	3,03200E-9
1,22117E+1	2,64930E-9
1,22203E+1	2,46260E-9
1,22290E+1	2,86090E-9
1,22377E+1	3,04720E-9
1,22463E+1	2,67710E-9
1,22550E+1	2,56300E-9
1,22636E+1	2,96090E-9
1,22723E+1	3,06070E-9
1,22810E+1	2,93630E-9
1,22896E+1	3,07410E-9
1,22983E+1	3,00430E-9
1,23069E+1	2,98430E-9
1,23156E+1	3,03940E-9
1,23243E+1	3,08090E-9
1,23329E+1	2,84850E-9
1,23416E+1	2,92570E-9
1,23502E+1	3,05780E-9
1,23589E+1	3,16540E-9
1,23676E+1	2,74610E-9
1,23762E+1	3,02300E-9
1,23849E+1	3,19270E-9
1,23936E+1	3,18240E-9
1,24022E+1	3,38380E-9
1,24109E+1	3,27050E-9
1,24195E+1	3,31390E-9
1,24282E+1	3,28940E-9
1,24369E+1	3,16770E-9
1,24455E+1	3,62780E-9
1,24542E+1	3,04720E-9
1,24628E+1	3,33780E-9
1,24715E+1	3,42040E-9
1,24802E+1	3,34620E-9
1,24888E+1	3,46910E-9
1,24975E+1	3,67430E-9
1,25061E+1	3,45430E-9
1,25148E+1	3,57440E-9
1,25235E+1	3,57350E-9
1,25321E+1	3,40160E-9
1,25408E+1	3,64790E-9
1,25494E+1	3,52750E-9
1,25581E+1	3,70300E-9
1,25668E+1	3,71820E-9
1,25754E+1	3,57420E-9
1,25841E+1	3,73490E-9
1,25927E+1	3,37220E-9
1,26014E+1	3,84850E-9
1,26101E+1	3,64260E-9
1,26187E+1	3,80310E-9
1,26274E+1	3,63930E-9
1,26361E+1	3,83020E-9
1,26447E+1	3,65440E-9
1,26534E+1	3,49310E-9
1,26620E+1	3,60520E-9
1,26707E+1	3,93490E-9
1,26794E+1	3,76360E-9
1,26880E+1	3,70660E-9
1,26967E+1	4,29620E-9
1,27053E+1	4,30430E-9
1,27140E+1	3,78360E-9
1,27227E+1	4,31940E-9
1,27313E+1	3,86720E-9
1,27400E+1	3,99690E-9
1,27486E+1	4,27660E-9
1,27573E+1	4,22360E-9
1,27660E+1	4,56090E-9
1,27746E+1	4,35270E-9
1,27833E+1	4,40040E-9
1,27919E+1	4,16980E-9
1,28006E+1	4,56430E-9
1,28093E+1	4,30190E-9
1,28179E+1	4,34020E-9
1,28266E+1	4,12510E-9
1,28353E+1	5,03630E-9
1,28439E+1	4,33340E-9
1,28526E+1	4,21560E-9
1,28612E+1	4,78540E-9
1,28699E+1	4,66380E-9
1,28786E+1	4,73740E-9
1,28872E+1	4,30280E-9
1,28959E+1	4,52260E-9
1,29045E+1	4,56410E-9
1,29132E+1	4,42450E-9
1,29219E+1	4,47170E-9
1,29305E+1	4,61450E-9
1,29392E+1	5,00170E-9
1,29478E+1	4,38630E-9
1,29565E+1	4,41880E-9
1,29652E+1	4,88730E-9
1,29738E+1	4,33050E-9
1,29825E+1	5,12990E-9
1,29911E+1	5,02700E-9
1,29998E+1	5,12690E-9
1,30085E+1	4,70280E-9
1,30171E+1	4,99990E-9
1,30258E+1	4,91000E-9
1,30344E+1	5,14650E-9
1,30431E+1	5,13640E-9
1,30518E+1	5,05420E-9
1,30604E+1	5,15980E-9
1,30691E+1	5,07460E-9
1,30778E+1	5,37610E-9
1,30864E+1	5,73270E-9
1,30951E+1	5,16870E-9
1,31037E+1	5,42520E-9
1,31124E+1	5,60990E-9
1,31211E+1	5,32950E-9
1,31297E+1	5,24690E-9
1,31384E+1	5,50680E-9
1,31470E+1	5,43650E-9
1,31557E+1	5,41300E-9
1,31644E+1	5,27160E-9
1,31730E+1	5,49400E-9
1,31817E+1	5,37990E-9
1,31903E+1	5,32270E-9
1,31990E+1	6,00590E-9
1,32077E+1	6,05000E-9
1,32163E+1	6,21700E-9
1,32250E+1	5,61700E-9
1,32336E+1	6,02690E-9
1,32423E+1	5,78110E-9
1,32510E+1	6,44420E-9
1,32596E+1	6,13160E-9
1,32683E+1	5,70100E-9
1,32770E+1	6,30590E-9
1,32856E+1	6,10020E-9
1,32943E+1	6,47880E-9
1,33029E+1	6,46320E-9
1,33116E+1	6,92170E-9
1,33203E+1	6,35240E-9
1,33289E+1	6,78470E-9
1,33376E+1	6,50060E-9
1,33462E+1	6,51730E-9
1,33549E+1	6,76880E-9
1,33636E+1	6,80690E-9
1,33722E+1	6,83040E-9
1,33809E+1	7,02180E-9
1,33895E+1	6,97740E-9
1,33982E+1	6,96230E-9
1,34069E+1	7,39560E-9
1,34155E+1	6,72430E-9
1,34242E+1	7,55080E-9
1,34328E+1	6,81150E-9
1,34415E+1	7,16810E-9
1,34502E+1	6,78280E-9
1,34588E+1	7,25930E-9
1,34675E+1	7,04630E-9
1,34761E+1	7,80270E-9
1,34848E+1	7,39280E-9
1,34935E+1	7,77350E-9
1,35021E+1	7,76180E-9
1,35108E+1	8,14860E-9
1,35195E+1	7,43030E-9
1,35281E+1	7,80880E-9
1,35368E+1	7,43300E-9
1,35454E+1	8,28640E-9
1,35541E+1	7,96520E-9
1,35628E+1	8,04200E-9
1,35714E+1	8,32660E-9
1,35801E+1	8,20420E-9
1,35887E+1	7,95700E-9
1,35974E+1	8,58560E-9
1,36061E+1	8,43340E-9
1,36147E+1	7,83220E-9
1,36234E+1	8,25380E-9
1,36320E+1	8,79410E-9
1,36407E+1	8,77820E-9
1,36494E+1	8,76190E-9
1,36580E+1	8,89450E-9
1,36667E+1	9,02860E-9
1,36753E+1	8,76670E-9
1,36840E+1	8,54790E-9
1,36927E+1	8,72620E-9
1,37013E+1	9,24520E-9
1,37100E+1	8,52880E-9
1,37187E+1	9,28140E-9
1,37273E+1	8,99060E-9
1,37360E+1	9,49710E-9
1,37446E+1	9,58650E-9
1,37533E+1	9,95690E-9
1,37620E+1	9,27250E-9
1,37706E+1	9,73570E-9
1,37793E+1	1,01340E-8
1,37879E+1	1,01448E-8
1,37966E+1	9,76830E-9
1,38053E+1	1,05930E-8
1,38139E+1	1,04080E-8
1,38226E+1	1,12585E-8
1,38312E+1	1,12314E-8
1,38399E+1	1,06891E-8
1,38486E+1	1,10762E-8
1,38572E+1	1,10316E-8
1,38659E+1	1,20374E-8
1,38745E+1	1,16437E-8
1,38832E+1	1,11564E-8
1,38919E+1	1,15042E-8
1,39005E+1	1,15593E-8
1,39092E+1	1,18720E-8
1,39179E+1	1,21496E-8
1,39265E+1	1,25248E-8
1,39352E+1	1,28306E-8
1,39438E+1	1,24214E-8
1,39525E+1	1,31717E-8
1,39612E+1	1,34593E-8
1,39698E+1	1,38998E-8
1,39785E+1	1,40269E-8
1,39871E+1	1,48325E-8
1,39958E+1	1,52073E-8
1,40045E+1	1,48429E-8
1,40131E+1	1,61685E-8
1,40218E+1	1,59950E-8
1,40304E+1	1,67434E-8
1,40391E+1	1,68042E-8
1,40478E+1	1,76410E-8
1,40564E+1	1,91180E-8
1,40651E+1	1,98450E-8
1,40737E+1	2,07450E-8
1,40824E+1	2,06710E-8
1,40911E+1	2,14040E-8
1,40997E+1	2,21560E-8
1,41084E+1	2,33120E-8
1,41170E+1	2,41960E-8
1,41257E+1	2,46250E-8
1,41344E+1	2,56820E-8
1,41430E+1	2,58050E-8
1,41517E+1	2,61380E-8
1,41604E+1	2,65740E-8
1,41690E+1	2,72100E-8
1,41777E+1	2,73140E-8
1,41863E+1	2,62930E-8
1,41950E+1	2,62830E-8
1,42037E+1	2,55530E-8
1,42123E+1	2,48280E-8
1,42210E+1	2,43050E-8
1,42296E+1	2,32940E-8
1,42383E+1	2,30640E-8
1,42470E+1	2,02930E-8
1,42556E+1	2,02750E-8
1,42643E+1	1,87260E-8
1,42729E+1	1,81860E-8
1,42816E+1	1,55420E-8
1,42903E+1	1,52612E-8
1,42989E+1	1,39027E-8
1,43076E+1	1,30326E-8
1,43162E+1	1,13699E-8
1,43249E+1	1,03195E-8
1,43336E+1	8,31420E-9
1,43422E+1	8,36860E-9
1,43509E+1	7,16500E-9
1,43596E+1	7,03770E-9
1,43682E+1	6,22960E-9
1,43769E+1	5,99080E-9
1,43855E+1	5,52130E-9
1,43942E+1	4,66820E-9
1,44029E+1	4,70950E-9
1,44115E+1	4,32490E-9
1,44202E+1	3,82000E-9
1,44288E+1	3,62160E-9
1,44375E+1	3,22700E-9
1,44462E+1	2,48120E-9
1,44548E+1	2,78830E-9
1,44635E+1	2,03760E-9
1,44721E+1	2,12150E-9
1,44808E+1	1,77280E-9
1,44895E+1	1,70460E-9
1,44981E+1	1,17724E-9
1,45068E+1	1,41840E-9
1,45154E+1	1,00227E-9
1,45241E+1	9,82310E-10
1,45328E+1	6,63680E-10
1,45414E+1	7,12660E-10
1,45501E+1	5,88850E-10
1,45587E+1	6,15280E-10
1,45674E+1	4,43300E-10
1,45761E+1	4,35940E-10
1,45847E+1	2,59210E-10
1,45934E+1	1,93387E-10
1,46021E+1	1,85873E-10
1,46107E+1	1,77489E-10
1,46194E+1	1,51140E-10
1,46280E+1	1,10189E-10
1,46367E+1	9,21630E-11
1,46454E+1	6,71650E-11
1,46540E+1	3,62420E-11
1,46627E+1	3,24240E-11
1,46713E+1	2,41680E-11
1,46800E+1	2,76650E-11
1,46887E+1	1,17038E-11
1,46973E+1	9,76750E-12
1,47060E+1	7,63880E-12
1,47146E+1	7,89030E-12
1,47233E+1	8,23710E-12
1,47320E+1	3,18290E-12
1,47406E+1	8,57970E-12
1,47493E+1	3,15870E-12
1,47579E+1	2,15230E-12
1,47666E+1	1,67800E-12
1,47753E+1	4,94250E-12
1,47839E+1	3,33470E-12
1,47926E+1	1,16860E-12
1,48013E+1	1,85730E-12
1,48099E+1	1,88390E-12
1,48186E+1	8,30600E-13
1,48272E+1	1,68330E-12
1,48359E+1	2,69780E-12
1,48446E+1	1,82070E-12
1,48532E+1	5,56930E-12
1,48619E+1	2,83660E-12
1,48705E+1	3,36920E-12
1,48792E+1	1,65210E-12
1,48879E+1	1,03490E-12
1,48965E+1	1,21280E-12
1,49052E+1	1,03080E-12
1,49138E+1	3,65180E-12
1,49225E+1	1,95000E-12
1,49312E+1	3,89560E-12
1,49398E+1	1,68110E-12
1,49485E+1	1,39230E-12
1,49571E+1	1,16610E-12
1,49658E+1	4,35000E-13
1,49745E+1	1,89050E-12
1,49831E+1	7,67400E-13
