E, keV	I, A
1,00055E+0	7,78090E-12
1,01154E+0	1,41599E-11
1,02253E+0	1,81862E-11
1,03353E+0	1,53746E-11
1,04452E+0	9,17420E-12
1,05552E+0	6,85740E-12
1,06651E+0	9,07910E-12
1,07751E+0	6,49700E-12
1,08850E+0	1,07034E-11
1,09950E+0	7,47270E-12
1,11050E+0	6,42910E-12
1,12149E+0	4,45800E-12
1,13248E+0	4,29130E-12
1,14348E+0	2,13900E-12
1,15447E+0	1,40900E-12
1,16547E+0	3,31680E-12
1,17647E+0	1,62050E-12
1,18746E+0	1,42520E-12
1,19846E+0	6,52600E-13
1,20945E+0	6,46400E-13
1,22045E+0	3,85710E-12
1,23144E+0	1,66290E-12
1,24243E+0	-5,50000E-13
1,25343E+0	-1,14390E-12
1,26442E+0	-1,09300E-12
1,27542E+0	-1,03000E-12
1,28641E+0	5,54000E-14
1,29741E+0	1,16590E-12
1,30840E+0	6,12800E-13
1,31940E+0	1,56180E-12
1,33039E+0	1,11780E-12
1,34139E+0	-4,04500E-13
1,35238E+0	8,48000E-13
1,36338E+0	8,50000E-13
1,37437E+0	1,12460E-12
1,38537E+0	3,53800E-13
1,39636E+0	-5,52600E-13
1,40736E+0	-1,07730E-12
1,41836E+0	3,25000E-14
1,42935E+0	5,74300E-13
1,44034E+0	-8,08000E-14
1,45134E+0	1,57800E-13
1,46233E+0	5,46000E-13
1,47333E+0	-1,06300E-13
1,48432E+0	-2,39600E-13
1,49532E+0	-3,60900E-13
1,50632E+0	-4,88500E-13
1,51731E+0	-7,74000E-13
1,52830E+0	1,76790E-12
1,53930E+0	-6,26700E-13
1,55029E+0	-1,03280E-12
1,56129E+0	1,01110E-12
1,57228E+0	2,57280E-12
1,58328E+0	3,71700E-13
1,59427E+0	3,90600E-12
1,60527E+0	-6,98900E-13
1,61626E+0	1,30220E-12
1,62726E+0	5,00400E-13
1,63825E+0	2,15730E-12
1,64925E+0	8,47200E-13
1,66024E+0	3,34630E-12
1,67124E+0	1,47530E-12
1,68223E+0	-9,54000E-13
1,69323E+0	2,15640E-12
1,70422E+0	2,00300E-13
1,71522E+0	-5,03300E-13
1,72622E+0	1,65030E-12
1,73721E+0	-7,28500E-13
1,74821E+0	2,17560E-12
1,75920E+0	3,91760E-12
1,77019E+0	5,13350E-12
1,78119E+0	2,34030E-12
1,79218E+0	2,55310E-12
1,80318E+0	8,94100E-13
1,81417E+0	1,92110E-12
1,82517E+0	3,34210E-12
1,83616E+0	2,73500E-13
1,84716E+0	7,64800E-13
1,85815E+0	3,73350E-12
1,86915E+0	2,91820E-12
1,88014E+0	1,46680E-12
1,89114E+0	2,29950E-12
1,90213E+0	2,49100E-12
1,91313E+0	-1,85900E-13
1,92412E+0	9,55100E-13
1,93512E+0	-1,54300E-13
1,94611E+0	2,96230E-12
1,95711E+0	4,72310E-12
1,96810E+0	1,46460E-12
1,97910E+0	-1,57200E-13
1,99009E+0	4,84500E-13
2,00109E+0	2,07910E-12
2,01208E+0	3,13150E-12
2,02308E+0	2,00900E-13
2,03408E+0	-8,35900E-13
2,04507E+0	3,14710E-12
2,05606E+0	7,59700E-13
2,06706E+0	2,64430E-12
2,07805E+0	-1,88900E-13
2,08905E+0	2,05600E-13
2,10004E+0	1,14700E-12
2,11104E+0	1,59960E-12
2,12203E+0	-8,57500E-13
2,13303E+0	1,60220E-12
2,14402E+0	5,13600E-13
2,15502E+0	1,20110E-12
2,16601E+0	1,24820E-12
2,17701E+0	-5,31700E-13
2,18800E+0	-1,06990E-12
2,19900E+0	4,18200E-13
2,20999E+0	1,76770E-12
2,22099E+0	1,34860E-12
2,23198E+0	-1,93800E-13
2,24298E+0	-8,19100E-13
2,25397E+0	-6,63900E-13
2,26497E+0	1,48360E-12
2,27596E+0	6,85400E-13
2,28696E+0	-7,68600E-13
2,29795E+0	-2,06600E-13
2,30895E+0	1,82200E-13
2,31994E+0	-5,76600E-13
2,33094E+0	-6,14200E-13
2,34193E+0	-3,68500E-13
2,35293E+0	2,15090E-12
2,36392E+0	-6,24500E-13
2,37492E+0	3,94000E-13
2,38591E+0	-2,35910E-12
2,39691E+0	-3,41000E-13
2,40790E+0	-5,51400E-13
2,41890E+0	-3,76400E-13
2,42989E+0	3,39300E-13
2,44089E+0	8,01600E-13
2,45188E+0	9,05000E-14
2,46288E+0	1,51990E-12
2,47387E+0	-4,59900E-13
2,48487E+0	-5,21100E-13
2,49586E+0	-4,17100E-13
2,50686E+0	-7,62800E-13
2,51785E+0	-4,27600E-13
2,52885E+0	-4,81000E-13
2,53984E+0	1,34610E-12
2,55084E+0	6,01500E-13
2,56183E+0	2,39290E-12
2,57283E+0	6,43300E-13
2,58383E+0	2,60000E-15
2,59482E+0	-9,48000E-13
2,60581E+0	5,81900E-13
2,61681E+0	1,62830E-12
2,62780E+0	-1,58700E-13
2,63880E+0	-7,96600E-13
2,64980E+0	1,02620E-12
2,66079E+0	-7,72500E-13
2,67178E+0	1,66600E-12
2,68278E+0	5,07500E-13
2,69378E+0	2,14400E-12
2,70477E+0	1,04890E-12
2,71577E+0	3,22600E-13
2,72676E+0	1,24580E-12
2,73775E+0	-8,46400E-13
2,74875E+0	1,56560E-12
2,75974E+0	1,19950E-12
2,77074E+0	-8,94400E-13
2,78173E+0	-5,98600E-13
2,79273E+0	1,14870E-12
2,80372E+0	-7,46300E-13
2,81472E+0	3,44880E-12
2,82571E+0	5,79900E-13
2,83671E+0	5,04300E-13
2,84770E+0	1,23610E-12
2,85870E+0	3,42300E-13
2,86969E+0	9,84800E-13
2,88069E+0	6,22500E-13
2,89168E+0	6,75700E-13
2,90268E+0	9,06900E-13
2,91367E+0	1,44100E-13
2,92467E+0	9,75500E-13
2,93566E+0	1,24510E-12
2,94666E+0	5,86700E-13
2,95765E+0	4,37910E-12
2,96865E+0	1,68360E-12
2,97964E+0	6,59200E-13
2,99064E+0	-9,59700E-13
3,00163E+0	-6,82800E-13
3,01263E+0	9,26200E-13
3,02363E+0	-7,15900E-13
3,03462E+0	2,38000E-14
3,04561E+0	2,40460E-12
3,05661E+0	1,66600E-13
3,06760E+0	1,36200E-13
3,07860E+0	-5,86000E-14
3,08959E+0	1,98010E-12
3,10059E+0	1,84140E-12
3,11158E+0	3,70000E-15
3,12258E+0	1,28030E-12
3,13357E+0	-6,62500E-13
3,14457E+0	3,66400E-13
3,15556E+0	1,10040E-12
3,16656E+0	8,90300E-13
3,17755E+0	2,06940E-12
3,18855E+0	3,22900E-13
3,19955E+0	2,28130E-12
3,21054E+0	1,75110E-12
3,22153E+0	7,65800E-13
3,23253E+0	8,29200E-13
3,24352E+0	4,08280E-12
3,25452E+0	2,15740E-12
3,26552E+0	4,96100E-13
3,27651E+0	2,58250E-12
3,28750E+0	-6,71400E-13
3,29850E+0	-3,92700E-13
3,30949E+0	2,61500E-12
3,32049E+0	1,60730E-12
3,33148E+0	1,40680E-12
3,34248E+0	2,21310E-12
3,35347E+0	1,68800E-12
3,36447E+0	4,29330E-12
3,37546E+0	3,52300E-13
3,38646E+0	5,77740E-12
3,39745E+0	3,25440E-12
3,40845E+0	3,01460E-12
3,41944E+0	1,60570E-12
3,43044E+0	1,93120E-12
3,44143E+0	2,88300E-12
3,45243E+0	6,39400E-13
3,46342E+0	5,77040E-12
3,47442E+0	2,52170E-12
3,48541E+0	2,04890E-12
3,49641E+0	5,45240E-12
3,50740E+0	1,96550E-12
3,51840E+0	7,15960E-12
3,52939E+0	1,30580E-12
3,54039E+0	5,52100E-12
3,55138E+0	6,79460E-12
3,56238E+0	4,88540E-12
3,57337E+0	3,18970E-12
3,58437E+0	2,23980E-12
3,59536E+0	2,07330E-12
3,60636E+0	3,87230E-12
3,61735E+0	8,21300E-12
3,62835E+0	6,75870E-12
3,63934E+0	3,97460E-12
3,65034E+0	6,98250E-12
3,66133E+0	1,49250E-12
3,67233E+0	4,21080E-12
3,68332E+0	4,58450E-12
3,69432E+0	5,21030E-12
3,70531E+0	2,77590E-12
3,71631E+0	9,46900E-13
3,72730E+0	4,43300E-13
3,73830E+0	2,49420E-12
3,74930E+0	1,48300E-13
3,76029E+0	3,92320E-12
3,77128E+0	1,18400E-12
3,78228E+0	-1,03300E-13
3,79327E+0	1,41180E-12
3,80427E+0	3,81590E-12
3,81527E+0	2,45730E-12
3,82626E+0	-4,70900E-13
3,83725E+0	1,55410E-12
3,84825E+0	1,99120E-12
3,85924E+0	1,48590E-12
3,87024E+0	5,52700E-13
3,88123E+0	5,69900E-13
3,89223E+0	9,41100E-13
3,90322E+0	-2,13000E-13
3,91422E+0	7,50500E-13
3,92521E+0	-6,68100E-13
3,93621E+0	1,12850E-12
3,94720E+0	3,96000E-14
3,95820E+0	-7,60600E-13
3,96919E+0	8,88600E-13
3,98019E+0	3,75600E-13
3,99118E+0	-8,54300E-13
4,00218E+0	-7,34800E-13
4,01317E+0	-4,26900E-13
4,02417E+0	3,44000E-13
4,03516E+0	1,18640E-12
4,04616E+0	-3,75000E-14
4,05715E+0	1,17500E-13
4,06815E+0	-1,17780E-12
4,07914E+0	9,07500E-13
4,09014E+0	8,37000E-13
4,10113E+0	3,47300E-13
4,11213E+0	-9,31900E-13
4,12312E+0	-1,01910E-12
4,13412E+0	-5,04100E-13
4,14511E+0	2,83120E-12
4,15611E+0	9,90200E-13
4,16710E+0	1,08800E-12
4,17810E+0	2,16860E-12
4,18910E+0	-4,88100E-13
4,20009E+0	1,43540E-12
4,21108E+0	5,22800E-13
4,22208E+0	2,80300E-13
4,23307E+0	-1,71300E-13
4,24407E+0	1,86000E-14
4,25507E+0	-3,86800E-13
4,26606E+0	1,97500E-13
4,27705E+0	7,39100E-13
4,28805E+0	-8,48900E-13
4,29904E+0	2,63000E-14
4,31004E+0	4,34800E-13
4,32104E+0	3,47240E-12
4,33203E+0	8,08000E-13
4,34302E+0	2,36460E-12
4,35402E+0	6,99000E-14
4,36501E+0	-1,35400E-12
4,37601E+0	4,03500E-13
4,38701E+0	2,74130E-12
4,39800E+0	-5,38000E-14
4,40899E+0	1,62920E-12
4,41999E+0	7,50000E-13
4,43098E+0	3,71600E-13
4,44198E+0	5,90600E-13
4,45297E+0	8,18500E-13
4,46397E+0	5,25000E-14
4,47497E+0	-8,16600E-13
4,48596E+0	1,45040E-12
4,49695E+0	3,17000E-14
4,50795E+0	1,65900E-12
4,51895E+0	2,08540E-12
4,52994E+0	1,10460E-12
4,54093E+0	1,49500E-13
4,55193E+0	-3,62700E-13
4,56292E+0	1,00500E-12
4,57392E+0	3,19710E-12
4,58491E+0	2,00560E-12
4,59591E+0	-8,04000E-14
4,60691E+0	4,86000E-13
4,61790E+0	-4,05000E-13
4,62889E+0	-3,46600E-13
4,63989E+0	-1,58600E-13
4,65088E+0	-6,84400E-13
4,66188E+0	-4,32500E-13
4,67287E+0	-6,90800E-13
4,68387E+0	-4,12400E-13
4,69486E+0	1,05130E-12
4,70586E+0	-6,85000E-13
4,71685E+0	1,11280E-12
4,72785E+0	3,64400E-13
4,73884E+0	7,57500E-13
4,74984E+0	1,90400E-12
4,76084E+0	2,35000E-13
4,77183E+0	-3,35500E-13
4,78282E+0	5,24300E-13
4,79382E+0	2,01510E-12
4,80481E+0	4,06380E-12
4,81581E+0	1,01300E-12
4,82680E+0	2,81990E-12
4,83780E+0	4,44340E-12
4,84879E+0	2,37790E-12
4,85979E+0	2,48640E-12
4,87078E+0	-8,84000E-13
4,88178E+0	5,26700E-13
4,89277E+0	1,17140E-12
4,90377E+0	6,55900E-13
4,91476E+0	1,53370E-12
4,92576E+0	2,36890E-12
4,93675E+0	-3,62000E-13
4,94775E+0	-1,20100E-13
4,95874E+0	2,88720E-12
4,96974E+0	6,73500E-13
4,98074E+0	-2,06000E-14
4,99173E+0	-1,25600E-13
5,00272E+0	6,98370E-12
5,01372E+0	5,88890E-12
5,02471E+0	6,42600E-13
5,03571E+0	1,71090E-12
5,04670E+0	2,93210E-12
5,05770E+0	1,99590E-12
5,06869E+0	2,78720E-12
5,07969E+0	1,38440E-12
5,09068E+0	-1,01890E-12
5,10168E+0	-4,49600E-13
5,11268E+0	-1,35500E-13
5,12367E+0	8,10100E-13
5,13466E+0	1,68800E-12
5,14566E+0	2,91290E-12
5,15665E+0	-1,66670E-12
5,16765E+0	-1,02790E-12
5,17864E+0	3,24800E-13
5,18964E+0	6,54500E-13
5,20064E+0	3,45640E-12
5,21163E+0	2,95920E-12
5,22262E+0	5,50100E-13
5,23362E+0	-8,72900E-13
5,24461E+0	4,40700E-13
5,25561E+0	1,54400E-13
5,26660E+0	6,76000E-14
5,27760E+0	6,33800E-13
5,28859E+0	1,58320E-12
5,29959E+0	1,63110E-12
5,31058E+0	-5,57600E-13
5,32158E+0	1,00000E-14
5,33257E+0	5,29900E-13
5,34357E+0	-2,06000E-14
5,35457E+0	1,26860E-12
5,36556E+0	5,94000E-13
5,37655E+0	-2,50300E-13
5,38755E+0	1,63000E-14
5,39854E+0	-2,43700E-13
5,40954E+0	1,10540E-12
5,42053E+0	1,59690E-12
5,43153E+0	1,58300E-13
5,44252E+0	8,66300E-13
5,45352E+0	-7,05300E-13
5,46451E+0	-1,03200E-13
5,47551E+0	-1,14500E-13
5,48651E+0	-4,09400E-13
5,49750E+0	1,45270E-12
5,50849E+0	4,52800E-13
5,51949E+0	-4,63300E-13
5,53048E+0	1,96240E-12
5,54148E+0	1,84600E-13
5,55247E+0	1,86840E-12
5,56347E+0	2,43230E-12
5,57447E+0	3,45000E-14
5,58546E+0	-1,17750E-12
5,59645E+0	1,71890E-12
5,60745E+0	-1,69500E-13
5,61845E+0	4,27000E-14
5,62944E+0	1,50000E-15
5,64043E+0	2,50500E-13
5,65143E+0	9,76400E-13
5,66242E+0	-1,87500E-13
5,67342E+0	1,45100E-13
5,68441E+0	4,31810E-12
5,69541E+0	1,22900E-13
5,70641E+0	1,76950E-12
5,71740E+0	2,78520E-12
5,72839E+0	6,98500E-13
5,73939E+0	-7,51000E-14
5,75038E+0	-5,11000E-13
5,76138E+0	-1,03810E-12
5,77237E+0	2,05820E-12
5,78337E+0	-4,67000E-14
5,79436E+0	2,86500E-12
5,80536E+0	1,15790E-12
5,81635E+0	3,49300E-13
5,82735E+0	1,95490E-12
5,83834E+0	-3,06000E-14
5,84934E+0	1,70060E-12
5,86034E+0	-2,52000E-14
5,87133E+0	1,30380E-12
5,88232E+0	1,26320E-12
5,89332E+0	8,61600E-13
5,90431E+0	1,91100E-13
5,91531E+0	1,44920E-12
5,92630E+0	3,05290E-12
5,93730E+0	3,08200E-13
5,94829E+0	-3,70100E-13
5,95929E+0	-1,32210E-12
5,97028E+0	1,00490E-12
5,98128E+0	-6,63000E-14
5,99227E+0	-4,16900E-13
6,00327E+0	1,30380E-12
6,01426E+0	-2,55300E-13
6,02526E+0	3,16400E-13
6,03625E+0	1,83700E-12
6,04725E+0	3,06860E-12
6,05824E+0	1,55280E-12
6,06924E+0	-4,02200E-13
6,08024E+0	-7,80000E-14
6,09123E+0	-5,67700E-13
6,10222E+0	3,29400E-13
6,11322E+0	-8,20000E-14
6,12421E+0	4,14750E-12
6,13521E+0	6,35200E-13
6,14620E+0	7,00900E-13
6,15720E+0	-7,92400E-13
6,16819E+0	-7,27200E-13
6,17919E+0	1,53280E-12
6,19018E+0	2,92100E-13
6,20118E+0	1,04740E-12
6,21218E+0	2,15930E-12
6,22317E+0	1,87200E-13
6,23416E+0	2,10830E-12
6,24516E+0	3,73790E-12
6,25615E+0	7,67000E-13
6,26715E+0	3,54660E-12
6,27814E+0	6,33980E-12
6,28914E+0	4,39650E-12
6,30014E+0	1,66300E-12
6,31113E+0	-4,25500E-13
6,32212E+0	2,94800E-13
6,33312E+0	5,78600E-13
6,34411E+0	1,44700E-13
6,35511E+0	1,76570E-12
6,36610E+0	8,03000E-14
6,37710E+0	2,89050E-12
6,38809E+0	2,44350E-12
6,39909E+0	1,96570E-12
6,41008E+0	9,07600E-13
6,42108E+0	1,64270E-12
6,43207E+0	4,92800E-13
6,44307E+0	1,23300E-13
6,45406E+0	8,26800E-13
6,46506E+0	3,47300E-13
6,47605E+0	1,45980E-12
6,48705E+0	8,73700E-13
6,49804E+0	4,78600E-13
6,50904E+0	1,00040E-12
6,52003E+0	-5,11400E-13
6,53103E+0	2,76470E-12
6,54202E+0	6,85800E-13
6,55302E+0	7,28100E-13
6,56401E+0	-7,08600E-13
6,57501E+0	3,75200E-13
6,58601E+0	-2,34800E-13
6,59700E+0	1,80980E-12
6,60799E+0	1,36360E-12
6,61899E+0	8,60500E-13
6,62998E+0	4,94700E-13
6,64098E+0	1,77170E-12
6,65197E+0	3,53800E-13
6,66297E+0	7,18710E-12
6,67396E+0	5,56570E-12
6,68496E+0	2,41130E-12
6,69595E+0	2,08980E-12
6,70695E+0	3,72580E-12
6,71795E+0	3,26890E-12
6,72894E+0	3,34880E-12
6,73993E+0	-5,40400E-13
6,75093E+0	9,26300E-13
6,76192E+0	1,01680E-12
6,77292E+0	4,09180E-12
6,78391E+0	2,98530E-12
6,79491E+0	3,81470E-12
6,80591E+0	7,34660E-12
6,81690E+0	3,49500E-12
6,82789E+0	2,90120E-12
6,83889E+0	4,49030E-12
6,84988E+0	5,88180E-12
6,86088E+0	5,07780E-12
6,87187E+0	3,37340E-12
6,88287E+0	2,50860E-12
6,89386E+0	1,11390E-12
6,90486E+0	3,10420E-12
6,91585E+0	5,31920E-12
6,92685E+0	1,87760E-12
6,93784E+0	5,79090E-12
6,94884E+0	7,36400E-13
6,95983E+0	1,97800E-12
6,97083E+0	2,41780E-12
6,98182E+0	1,23630E-12
6,99282E+0	4,49990E-12
7,00381E+0	3,64820E-12
7,01481E+0	2,08400E-12
7,02580E+0	9,64700E-13
7,03680E+0	-2,48400E-13
7,04779E+0	7,76840E-12
7,05879E+0	3,25490E-12
7,06978E+0	1,39200E-13
7,08078E+0	6,20320E-12
7,09177E+0	6,87400E-13
7,10277E+0	1,65150E-12
7,11376E+0	1,61800E-12
7,12476E+0	4,81200E-13
7,13575E+0	6,45090E-12
7,14675E+0	4,41550E-12
7,15774E+0	4,62210E-12
7,16874E+0	3,32520E-12
7,17973E+0	1,19310E-12
7,19073E+0	2,15430E-12
7,20172E+0	4,60440E-12
7,21272E+0	9,97100E-13
7,22371E+0	7,19170E-12
7,23471E+0	4,57430E-12
7,24570E+0	3,26430E-12
7,25670E+0	2,18250E-12
7,26769E+0	1,10360E-12
7,27869E+0	2,00100E-12
7,28968E+0	2,32600E-12
7,30068E+0	8,16700E-13
7,31168E+0	2,81190E-12
7,32267E+0	5,26240E-12
7,33366E+0	4,17900E-12
7,34466E+0	3,09960E-12
7,35565E+0	2,63960E-12
7,36665E+0	2,33040E-12
7,37764E+0	5,67110E-12
7,38864E+0	3,55270E-12
7,39963E+0	1,82490E-12
7,41063E+0	1,57410E-12
7,42162E+0	2,05030E-12
7,43262E+0	5,31600E-13
7,44361E+0	1,02720E-12
7,45461E+0	4,70820E-12
7,46560E+0	6,30320E-12
7,47660E+0	5,18490E-12
7,48759E+0	1,70570E-12
7,49859E+0	-3,37000E-14
7,50958E+0	6,33100E-13
7,52058E+0	8,13700E-13
7,53157E+0	6,55500E-13
7,54257E+0	2,04530E-12
7,55356E+0	1,32850E-12
7,56456E+0	5,26020E-12
7,57555E+0	3,45870E-12
7,58655E+0	3,71510E-12
7,59754E+0	2,09730E-12
7,60854E+0	2,62860E-12
7,61953E+0	1,10480E-12
7,63053E+0	1,71180E-12
7,64152E+0	1,89090E-12
7,65252E+0	4,70590E-12
7,66351E+0	1,69840E-12
7,67451E+0	3,09180E-12
7,68551E+0	5,12730E-12
7,69650E+0	2,81130E-12
7,70749E+0	4,47510E-12
7,71849E+0	1,74390E-12
7,72948E+0	9,82500E-13
7,74048E+0	1,17230E-12
7,75147E+0	2,20550E-12
7,76247E+0	2,74060E-12
7,77346E+0	3,13200E-12
7,78446E+0	4,10510E-12
7,79545E+0	8,50200E-13
7,80645E+0	4,16710E-12
7,81745E+0	2,17610E-12
7,82844E+0	3,24420E-12
7,83943E+0	2,63520E-12
7,85043E+0	4,41180E-12
7,86142E+0	4,30140E-12
7,87242E+0	2,39310E-12
7,88341E+0	2,04600E-12
7,89441E+0	1,52380E-12
7,90541E+0	7,42800E-13
7,91640E+0	1,65190E-12
7,92739E+0	1,36640E-12
7,93839E+0	4,17110E-12
7,94938E+0	2,61970E-12
7,96038E+0	2,81100E-12
7,97137E+0	1,78800E-12
7,98237E+0	2,67710E-12
7,99336E+0	1,39270E-12
8,00436E+0	4,30620E-12
8,01535E+0	3,04860E-12
8,02635E+0	3,43400E-12
8,03734E+0	2,55020E-12
8,04834E+0	4,46520E-12
8,05933E+0	5,73470E-12
8,07033E+0	3,20000E-12
8,08132E+0	5,03970E-12
8,09232E+0	4,16670E-12
8,10332E+0	3,62210E-12
8,11431E+0	6,19790E-12
8,12530E+0	4,13060E-12
8,13630E+0	5,61460E-12
8,14729E+0	5,12330E-12
8,15829E+0	4,90240E-12
8,16928E+0	3,63540E-12
8,18028E+0	2,58030E-12
8,19127E+0	1,84590E-12
8,20227E+0	8,37300E-13
8,21326E+0	6,79500E-13
8,22426E+0	3,46330E-12
8,23526E+0	1,57290E-12
8,24625E+0	3,53040E-12
8,25724E+0	2,37250E-12
8,26824E+0	7,01980E-12
8,27923E+0	8,14320E-12
8,29023E+0	2,27430E-12
8,30122E+0	6,63520E-12
8,31222E+0	5,48400E-12
8,32321E+0	4,09550E-12
8,33421E+0	5,01900E-12
8,34520E+0	4,52630E-12
8,35620E+0	2,99310E-12
8,36720E+0	5,42400E-12
8,37819E+0	1,66310E-12
8,38918E+0	8,48610E-12
8,40018E+0	6,23670E-12
8,41118E+0	6,66440E-12
8,42217E+0	2,00900E-12
8,43316E+0	8,05950E-12
8,44416E+0	4,54850E-12
8,45515E+0	4,79870E-12
8,46615E+0	5,21260E-12
8,47715E+0	5,92460E-12
8,48814E+0	9,52330E-12
8,49913E+0	5,61760E-12
8,51013E+0	6,75790E-12
8,52112E+0	4,42100E-12
8,53212E+0	4,46480E-12
8,54311E+0	2,68720E-12
8,55411E+0	6,16510E-12
8,56510E+0	1,03620E-11
8,57610E+0	9,06940E-12
8,58709E+0	3,71400E-12
8,59809E+0	7,33490E-12
8,60909E+0	6,27280E-12
8,62008E+0	8,26620E-12
8,63107E+0	6,37010E-12
8,64207E+0	4,20690E-12
8,65306E+0	6,96500E-12
8,66406E+0	7,92110E-12
8,67505E+0	7,57190E-12
8,68605E+0	8,24170E-12
8,69704E+0	7,01590E-12
8,70804E+0	5,04540E-12
8,71903E+0	3,68340E-12
8,73003E+0	8,36650E-12
8,74102E+0	6,71940E-12
8,75202E+0	8,32780E-12
8,76301E+0	7,41340E-12
8,77401E+0	8,69350E-12
8,78500E+0	8,22730E-12
8,79600E+0	9,19060E-12
8,80699E+0	6,53390E-12
8,81799E+0	8,80470E-12
8,82898E+0	8,69200E-12
8,83998E+0	-1,51270E-12
8,85098E+0	5,60700E-12
8,86197E+0	1,05316E-11
8,87296E+0	6,93010E-12
8,88396E+0	8,37110E-12
8,89495E+0	8,87340E-12
8,90595E+0	9,15580E-12
8,91694E+0	9,71370E-12
8,92794E+0	1,13086E-11
8,93894E+0	1,02779E-11
8,94993E+0	6,85020E-12
8,96092E+0	1,00252E-11
8,97192E+0	4,70190E-12
8,98291E+0	7,44950E-12
8,99391E+0	1,59036E-11
9,00490E+0	1,72411E-11
9,01590E+0	1,48696E-11
9,02689E+0	8,40780E-12
9,03789E+0	1,21833E-11
9,04889E+0	1,12208E-11
9,05988E+0	1,47479E-11
9,07087E+0	1,57085E-11
9,08187E+0	8,70890E-12
9,09286E+0	1,35397E-11
9,10386E+0	8,09040E-12
9,11485E+0	1,02943E-11
9,12585E+0	1,44399E-11
9,13684E+0	1,09057E-11
9,14784E+0	1,24162E-11
9,15883E+0	1,08074E-11
9,16983E+0	1,54394E-11
9,18082E+0	1,18004E-11
9,19182E+0	8,11910E-12
9,20281E+0	1,37112E-11
9,21381E+0	1,20356E-11
9,22480E+0	8,09920E-12
9,23580E+0	1,74869E-11
9,24679E+0	1,52319E-11
9,25779E+0	9,75600E-12
9,26878E+0	1,10919E-11
9,27978E+0	1,71831E-11
9,29077E+0	1,09755E-11
9,30177E+0	1,30209E-11
9,31277E+0	1,29597E-11
9,32376E+0	1,32354E-11
9,33475E+0	1,64944E-11
9,34575E+0	1,67969E-11
9,35674E+0	1,01243E-11
9,36774E+0	1,39800E-11
9,37873E+0	1,41587E-11
9,38973E+0	1,88300E-11
9,40072E+0	1,44601E-11
9,41172E+0	1,13540E-11
9,42272E+0	1,77075E-11
9,43371E+0	1,30156E-11
9,44470E+0	1,45569E-11
9,45570E+0	1,75305E-11
9,46669E+0	1,84315E-11
9,47769E+0	1,35156E-11
9,48869E+0	1,79917E-11
9,49968E+0	1,73736E-11
9,51067E+0	1,68844E-11
9,52167E+0	2,03140E-11
9,53266E+0	1,72575E-11
9,54366E+0	1,56428E-11
9,55465E+0	1,98584E-11
9,56565E+0	2,12180E-11
9,57665E+0	2,04862E-11
9,58764E+0	1,66565E-11
9,59863E+0	1,93769E-11
9,60963E+0	2,01638E-11
9,62062E+0	2,61340E-11
9,62210E+0	2,48200E-11
9,63076E+0	3,03500E-11
9,63942E+0	2,07780E-11
9,64808E+0	2,23510E-11
9,65674E+0	2,25400E-11
9,66540E+0	2,64590E-11
9,67406E+0	2,97400E-11
9,68272E+0	2,49540E-11
9,69138E+0	2,60420E-11
9,70004E+0	3,15100E-11
9,70870E+0	2,59980E-11
9,71737E+0	2,42850E-11
9,72603E+0	3,96920E-11
9,73469E+0	3,07220E-11
9,74335E+0	2,56400E-11
9,75201E+0	3,59880E-11
9,76067E+0	3,41160E-11
9,76933E+0	2,98230E-11
9,77799E+0	3,21900E-11
9,78665E+0	2,80840E-11
9,79531E+0	3,12760E-11
9,80397E+0	2,77350E-11
9,81263E+0	2,68940E-11
9,82130E+0	3,93760E-11
9,82996E+0	5,06080E-11
9,83862E+0	4,01380E-11
9,84728E+0	4,39500E-11
9,85594E+0	4,05550E-11
9,86460E+0	4,23740E-11
9,87326E+0	4,55970E-11
9,88192E+0	4,36740E-11
9,89058E+0	4,90060E-11
9,89924E+0	4,34560E-11
9,90790E+0	4,34340E-11
9,91656E+0	5,60520E-11
9,92522E+0	4,17580E-11
9,93389E+0	4,54070E-11
9,94255E+0	4,32660E-11
9,95121E+0	4,56760E-11
9,95987E+0	5,18090E-11
9,96853E+0	5,24890E-11
9,97719E+0	5,00750E-11
9,98585E+0	4,59450E-11
9,99451E+0	4,88430E-11
1,00032E+1	5,13470E-11
1,00118E+1	4,81890E-11
1,00205E+1	3,56450E-11
1,00292E+1	4,29870E-11
1,00378E+1	4,84660E-11
1,00465E+1	4,48880E-11
1,00551E+1	4,69180E-11
1,00638E+1	4,26690E-11
1,00725E+1	3,89940E-11
1,00811E+1	3,77470E-11
1,00898E+1	3,70650E-11
1,00984E+1	4,42790E-11
1,01071E+1	4,68380E-11
1,01158E+1	3,60800E-11
1,01244E+1	5,38630E-11
1,01331E+1	4,60390E-11
1,01417E+1	4,44570E-11
1,01504E+1	3,75300E-11
1,01591E+1	3,68460E-11
1,01677E+1	4,15380E-11
1,01764E+1	3,11410E-11
1,01850E+1	2,88240E-11
1,01937E+1	4,22160E-11
1,02024E+1	4,40730E-11
1,02110E+1	4,13630E-11
1,02197E+1	4,32820E-11
1,02284E+1	3,54290E-11
1,02370E+1	3,60580E-11
1,02457E+1	3,58440E-11
1,02543E+1	4,27170E-11
1,02630E+1	2,93300E-11
1,02717E+1	3,27760E-11
1,02803E+1	2,78320E-11
1,02890E+1	3,52220E-11
1,02976E+1	3,27560E-11
1,03063E+1	2,61660E-11
1,03150E+1	3,52700E-11
1,03236E+1	3,18900E-11
1,03323E+1	3,42540E-11
1,03409E+1	3,57470E-11
1,03496E+1	3,12500E-11
1,03583E+1	4,08430E-11
1,03669E+1	3,19680E-11
1,03756E+1	3,65880E-11
1,03842E+1	2,97770E-11
1,03929E+1	3,49650E-11
1,04016E+1	3,24090E-11
1,04102E+1	2,31430E-11
1,04189E+1	3,54790E-11
1,04276E+1	2,87240E-11
1,04362E+1	3,56640E-11
1,04449E+1	2,71060E-11
1,04535E+1	2,29570E-11
1,04622E+1	3,14650E-11
1,04709E+1	2,62030E-11
1,04795E+1	2,19310E-11
1,04882E+1	3,31550E-11
1,04968E+1	2,77010E-11
1,05055E+1	2,23850E-11
1,05142E+1	2,55210E-11
1,05228E+1	2,49660E-11
1,05315E+1	2,21370E-11
1,05401E+1	1,63124E-11
1,05488E+1	1,60856E-11
1,05575E+1	1,92483E-11
1,05661E+1	1,72447E-11
1,05748E+1	1,67013E-11
1,05834E+1	1,92406E-11
1,05921E+1	1,62956E-11
1,06008E+1	1,86314E-11
1,06094E+1	1,65006E-11
1,06181E+1	1,16579E-11
1,06267E+1	1,13216E-11
1,06354E+1	1,17626E-11
1,06441E+1	6,39620E-12
1,06527E+1	1,32757E-11
1,06614E+1	6,01740E-12
1,06701E+1	1,44996E-11
1,06787E+1	6,42300E-12
1,06874E+1	9,78800E-12
1,06960E+1	6,92940E-12
1,07047E+1	4,56290E-12
1,07134E+1	3,56920E-12
1,07220E+1	4,23030E-12
1,07307E+1	2,86980E-12
1,07393E+1	1,20550E-12
1,07480E+1	3,50940E-12
1,07567E+1	1,89030E-12
1,07653E+1	4,04320E-12
1,07740E+1	1,54210E-12
1,07826E+1	3,45460E-12
1,07913E+1	2,68440E-12
1,08000E+1	1,87080E-12
1,08086E+1	-1,54900E-13
1,08173E+1	-1,25800E-13
1,08259E+1	-1,85600E-13
1,08346E+1	-6,76500E-13
1,08433E+1	-4,32600E-13
1,08519E+1	-5,84600E-13
1,08606E+1	1,14200E-12
1,08693E+1	-6,95000E-14
1,08779E+1	4,38800E-13
1,08866E+1	-1,05880E-12
1,08952E+1	-1,07080E-12
1,09039E+1	-3,64000E-13
1,09126E+1	-9,32000E-13
1,09212E+1	-9,46100E-13
1,09299E+1	-6,06100E-13
1,09385E+1	-1,40050E-12
1,09472E+1	-1,40210E-12
1,09559E+1	-1,45640E-12
1,09645E+1	-1,59020E-12
1,09732E+1	-1,50340E-12
1,09818E+1	-8,76300E-13
