E,eV	dN/dE,part/eV
0	0,201
5	0
10	0
15	0
20	0
25	0,201
30	0
35	0
40	0
45	0
50	0
55	0
60	0
65	0
70	0,201
75	0
80	0
85	0
90	0
95	0
100	0
105	0
110	0
115	0
120	0
125	0,401
130	0
135	0
140	0
145	0
150	0
155	0
160	0
165	0
170	0,201
175	0
180	0
185	0,201
190	0
195	0
200	0
205	0
210	0
215	0
220	0
225	0
230	0
235	0
240	0
245	0
250	0
255	0
260	0,201
265	0
270	0
275	0,201
280	0
285	0
290	0,201
295	0
300	0
305	0
310	0
315	0
320	0
325	0
330	0
335	0
340	0
345	0
350	0,201
355	0,201
360	0
365	0
370	0
375	0
380	0,201
385	0,201
390	0
395	0
400	0,201
405	0,201
410	0
415	0
420	0
425	0
430	0
435	0,6
440	0
445	0,401
450	0
455	0
460	0,201
465	0
470	0
475	0,201
480	0
485	0,401
490	0,6
495	0,201
500	0
505	0
510	0
515	0
520	0
525	0
530	0,201
535	0
540	0
545	0,201
550	0
555	0
560	0
565	0,201
570	0
575	0
580	0,201
585	0,201
590	0
595	0
600	0
605	0,201
610	0,201
615	0,401
620	0,201
625	0
630	0,201
635	0
640	0
645	0
650	0
655	0,201
660	0
665	0
670	0
675	0
680	0
685	0
690	0,201
695	0
700	0,201
705	0
710	0
715	0
720	0,201
725	0
730	0
735	0
740	0,201
745	0
750	0,201
755	0
760	0
765	0
770	0,201
775	0,201
780	0
785	0
790	0
795	0
800	0
805	0
810	0
815	0,201
820	0
825	0,201
830	0
835	0,201
840	0,201
845	0
850	0
855	0,201
860	0,201
865	0
870	0
875	0
880	0
885	0
890	0
895	0
900	0
905	0
910	0
915	0,201
920	0
925	0,201
930	0,6
935	0
940	0,201
945	0,201
950	0,201
955	0,201
960	0
965	0
970	0
975	0
980	0
985	0
990	0
995	0,6
1000	0
1005	0
1010	0,201
1015	0
1020	0
1025	0
1030	0
1035	0,201
1040	0,201
1045	0
1050	0,401
1055	0
1060	0
1065	0
1070	0
1075	0,201
1080	0
1085	0,201
1090	0,201
1095	0
1100	0
1105	0
1110	0
1115	0
1120	0
1125	0
1130	0
1135	0
1140	0
1145	0
1150	0
1155	0,201
1160	0,401
1165	0,201
1170	0
1175	0
1180	0
1185	0,401
1190	0
1195	0
1200	0,201
1205	0,201
1210	0
1215	0
1220	0,201
1225	0
1230	0,201
1235	0,201
1240	0,201
1245	0
1250	0
1255	0
1260	0,201
1265	0,201
1270	0
1275	0,201
1280	0
1285	0
1290	0
1295	0
1300	0
1305	0
1310	0
1315	0,401
1320	0,201
1325	0
1330	0,401
1335	0,201
1340	0
1345	0
1350	0
1355	0
1360	0
1365	0
1370	0,201
1375	0
1380	0,201
1385	0,201
1390	0
1395	0
1400	0
1405	0
1410	0,201
1415	0,201
1420	0
1425	0,201
1430	0,201
1435	0
1440	0,201
1445	0
1450	0,201
1455	0
1460	0,401
1465	0,201
1470	0,201
1475	0
1480	0,201
1485	0
1490	0
1495	0,201
1500	0
1505	0,201
1510	0,201
1515	0
1520	0
1525	0,201
1530	0,201
1535	0
1540	0,401
1545	0,201
1550	0,201
1555	0,401
1560	0
1565	0,201
1570	0,401
1575	0,401
1580	0,6
1585	0,201
1590	0
1595	0,201
1600	0
1605	0,201
1610	0
1615	0,201
1620	0
1625	0
1630	0
1635	0,201
1640	0
1645	0
1650	0,201
1655	0
1660	0
1665	0
1670	0,201
1675	0
1680	0
1685	0,201
1690	0
1695	0,401
1700	0,401
1705	0,401
1710	0
1715	0,201
1720	0,201
1725	0
1730	0
1735	0
1740	0
1745	0
1750	0
1755	0,201
1760	0,201
1765	0
1770	0
1775	0
1780	0
1785	0,201
1790	0
1795	0,201
1800	0,201
1805	0,201
1810	0
1815	0
1820	0
1825	0,201
1830	0,201
1835	0
1840	0
1845	0
1850	0,201
1855	0
1860	0
1865	0
1870	0,201
1875	0
1880	0,401
1885	0
1890	0,201
1895	0,201
1900	0,201
1905	0
1910	0
1915	0,201
1920	0
1925	0,201
1930	0,6
1935	0
1940	0
1945	0
1950	0,201
1955	0,6
1960	0,801
1965	0
1970	0
1975	0,201
1980	0,201
1985	0
1990	0,401
1995	0,401
2000	0,201
2005	0
2010	0,201
2015	0,201
2020	0
2025	0,6
2030	0
2035	0
2040	0,201
2045	0
2050	1
2055	0
2060	0
2065	0,201
2070	0
2075	0,6
2080	0
2085	0
2090	0
2095	0,201
2100	0,401
2105	0,201
2110	0
2115	0,201
2120	0,401
2125	0
2130	0
2135	0,201
2140	0,201
2145	0,401
2150	0
2155	0,201
2160	0
2165	0,401
2170	0
2175	0,401
2180	0,201
2185	0
2190	0,201
2195	0,401
2200	0,201
2205	0,201
2210	0,201
2215	0,201
2220	0
2225	0,201
2230	0
2235	0,201
2240	0
2245	0,201
2250	0,201
2255	0
2260	0
2265	0,201
2270	0,401
2275	0,401
2280	0
2285	0,201
2290	0,201
2295	0
2300	0,201
2305	0,401
2310	0,201
2315	1,2
2320	0,201
2325	0,401
2330	0,201
2335	0
2340	0,201
2345	0,201
2350	0,201
2355	0,201
2360	0,401
2365	0
2370	0,201
2375	0,401
2380	0
2385	0,201
2390	0
2395	0
2400	0,201
2405	0
2410	0,201
2415	0,201
2420	0,201
2425	0,201
2430	0,201
2435	0,201
2440	0
2445	0,201
2450	0
2455	0,201
2460	0,201
2465	0,6
2470	0,401
2475	0,401
2480	0,201
2485	0,6
2490	0
2495	0,401
2500	0,201
2505	0
2510	0,6
2515	0,201
2520	0,201
2525	0,401
2530	0
2535	0,6
2540	0,201
2545	0
2550	0,201
2555	0
2560	0
2565	0,401
2570	0,401
2575	0,201
2580	0,401
2585	0,401
2590	0,401
2595	0,201
2600	0
2605	0,201
2610	0
2615	0,201
2620	0,401
2625	0,401
2630	0
2635	0,201
2640	0,401
2645	0
2650	0,401
2655	0
2660	0,201
2665	0
2670	0,201
2675	0
2680	0,201
2685	0
2690	0
2695	0,201
2700	0,401
2705	0
2710	0,401
2715	0,6
2720	0
2725	0,201
2730	0
2735	0,6
2740	0,201
2745	0,801
2750	0,201
2755	0
2760	1
2765	0,401
2770	0,201
2775	0
2780	0,201
2785	0,401
2790	0,201
2795	0,201
2800	0,6
2805	0,201
2810	0,201
2815	0,201
2820	0
2825	0,201
2830	0
2835	0,201
2840	0,201
2845	0
2850	0,401
2855	0,801
2860	0,201
2865	0
2870	0
2875	0,201
2880	0
2885	0,201
2890	0,201
2895	0,201
2900	0,401
2905	0,201
2910	0,201
2915	0,201
2920	0
2925	0,401
2930	0,201
2935	0
2940	0
2945	0,201
2950	0,201
2955	0
2960	0,401
2965	0,201
2970	0
2975	0,201
2980	0,401
2985	0,6
2990	0,201
2995	0,201
3000	0
3005	0,201
3010	0
3015	0,6
3020	0,201
3025	0
3030	0,201
3035	0,401
3040	0,401
3045	0
3050	0,201
3055	0,401
3060	0,201
3065	0,201
3070	0
3075	0,401
3080	0,6
3085	0,401
3090	0,6
3095	0
3100	0,401
3105	0,401
3110	0
3115	0,201
3120	0,6
3125	0
3130	0,201
3135	0,6
3140	0,201
3145	0,401
3150	0,6
3155	0,201
3160	0,401
3165	0,401
3170	0,401
3175	0,6
3180	0,201
3185	0,401
3190	0,6
3195	0
3200	0,201
3205	0
3210	0,401
3215	0,201
3220	0
3225	0,201
3230	0,201
3235	0,401
3240	0,201
3245	0
3250	0
3255	0
3260	0,6
3265	0
3270	0,201
3275	0,201
3280	0
3285	0,201
3290	0,201
3295	0,201
3300	0,201
3305	0,201
3310	0,6
3315	0
3320	0,401
3325	0,201
3330	0,201
3335	0,201
3340	0
3345	0,6
3350	0,401
3355	0,401
3360	0,201
3365	0
3370	0,6
3375	0,401
3380	0,401
3385	0,401
3390	0,201
3395	0,6
3400	0,201
3405	0,201
3410	0,201
3415	0,201
3420	0
3425	0,801
3430	0,201
3435	0
3440	0,201
3445	0,6
3450	0,401
3455	0
3460	0,201
3465	0,401
3470	0,201
3475	0,801
3480	0
3485	0,401
3490	0,6
3495	0
3500	0,801
3505	0,6
3510	0,201
3515	0
3520	0
3525	0,401
3530	0,201
3535	0,401
3540	0
3545	0
3550	0,201
3555	0,401
3560	0
3565	0,401
3570	0,201
3575	0,801
3580	0,201
3585	0
3590	0,201
3595	0
3600	0,6
3605	1
3610	0,201
3615	0
3620	0,6
3625	0,201
3630	0,201
3635	0
3640	0,201
3645	0,201
3650	0,6
3655	0,201
3660	0
3665	0,401
3670	0
3675	0,401
3680	0
3685	0,201
3690	0
3695	0,401
3700	0,201
3705	0
3710	0,6
3715	0,6
3720	0,401
3725	0,201
3730	0
3735	0,6
3740	0,201
3745	0,201
3750	0,401
3755	0,6
3760	0,6
3765	0
3770	0,401
3775	0
3780	0
3785	0,201
3790	0
3795	0,201
3800	0,401
3805	0,801
3810	0,201
3815	0,201
3820	0,201
3825	0
3830	0
3835	0,6
3840	0,201
3845	0,401
3850	0,201
3855	0,801
3860	0,801
3865	0,6
3870	0,6
3875	0,401
3880	0,401
3885	0
3890	0
3895	0,201
3900	0,801
3905	0,401
3910	0,6
3915	0,401
3920	0,401
3925	0
3930	0
3935	0,201
3940	0,6
3945	0,6
3950	0
3955	0,201
3960	0,401
3965	0,401
3970	0,6
3975	0,401
3980	0,6
3985	0,201
3990	0,201
3995	0
4000	0,401
4005	0,401
4010	1,2
4015	0
4020	0,401
4025	0
4030	0,401
4035	0,6
4040	0,6
4045	0
4050	0,401
4055	0,6
4060	0,401
4065	0,201
4070	0
4075	0,201
4080	0,401
4085	0,6
4090	0
4095	0
4100	0,6
4105	0,6
4110	0,6
4115	0,201
4120	0,6
4125	0,201
4130	0
4135	0,201
4140	0,401
4145	0,401
4150	0,401
4155	0,6
4160	0,401
4165	0,401
4170	0,401
4175	0,6
4180	0,6
4185	0,801
4190	0,401
4195	0,401
4200	0,401
4205	0,6
4210	0,401
4215	0
4220	0,401
4225	0,801
4230	0
4235	0,201
4240	0
4245	0,801
4250	0,201
4255	0,6
4260	0
4265	0,201
4270	0,401
4275	0,201
4280	0,201
4285	0,801
4290	0,801
4295	0,201
4300	0,401
4305	1,2
4310	0,801
4315	0,201
4320	0,401
4325	0,201
4330	0
4335	0,201
4340	0,801
4345	1
4350	1
4355	0,801
4360	0,401
4365	0,801
4370	0,6
4375	0,401
4380	0,801
4385	0,801
4390	0,401
4395	0,201
4400	0,401
4405	0,401
4410	0,401
4415	0,801
4420	0,6
4425	0,801
4430	0,401
4435	0
4440	0,201
4445	0,201
4450	0,201
4455	0,801
4460	0,401
4465	0
4470	0
4475	0,201
4480	0,6
4485	0,6
4490	0,201
4495	0,201
4500	0,801
4505	0,401
4510	0
4515	0,201
4520	0,401
4525	0,801
4530	0,401
4535	0,6
4540	0,201
4545	0,401
4550	0,201
4555	0
4560	0,401
4565	0
4570	0,6
4575	0,401
4580	0,6
4585	0,401
4590	1
4595	0,801
4600	0,6
4605	1
4610	0,401
4615	0,201
4620	0
4625	0,201
4630	0,801
4635	0,401
4640	0,6
4645	0,6
4650	0,6
4655	0,201
4660	0,801
4665	0
4670	0,801
4675	1
4680	0,6
4685	0,401
4690	0,801
4695	1,2
4700	0,801
4705	0,401
4710	0,401
4715	0,201
4720	0,801
4725	0,201
4730	0,401
4735	0,401
4740	0,201
4745	1
4750	0,6
4755	1
4760	0,401
4765	1
4770	0,6
4775	0,6
4780	1
4785	0,401
4790	0,6
4795	0,6
4800	0,401
4805	0,801
4810	0,801
4815	0,6
4820	0,401
4825	1
4830	0,401
4835	0,801
4840	0,401
4845	0
4850	0,801
4855	0,201
4860	0,6
4865	0,6
4870	0,201
4875	0
4880	0,801
4885	0,801
4890	0,401
4895	0,801
4900	1,2
4905	0,801
4910	0,201
4915	1
4920	0,401
4925	0,801
4930	0,6
4935	0,801
4940	0,201
4945	1,2
4950	0,401
4955	0,401
4960	0,801
4965	0,801
4970	0,801
4975	0,201
4980	0,801
4985	1
4990	0
4995	0
5000	0,6
5005	0,201
5010	0,801
5015	1
5020	0,401
5025	1
5030	0,201
5035	0,201
5040	0
5045	0,201
5050	0,6
5055	0,6
5060	0,801
5065	1,2
5070	0,401
5075	0,201
5080	0,401
5085	0,401
5090	0
5095	0,801
5100	0,6
5105	1,4
5110	1
5115	0,801
5120	0,6
5125	1,2
5130	0,401
5135	0
5140	0,401
5145	0,801
5150	0,401
5155	0,801
5160	1
5165	1,4
5170	0,401
5175	0,801
5180	0,6
5185	0,401
5190	1,2
5195	0,201
5200	0,6
5205	0,201
5210	0,401
5215	1,2
5220	1
5225	0,201
5230	1,2
5235	0,6
5240	1
5245	0,401
5250	0,6
5255	0,401
5260	0,801
5265	0,201
5270	0,401
5275	1
5280	1,2
5285	0,401
5290	0,801
5295	0,6
5300	0,801
5305	0,6
5310	0,401
5315	0,6
5320	0,6
5325	0,801
5330	0,6
5335	0,801
5340	0,401
5345	0,801
5350	1
5355	1,2
5360	1,601
5365	0,201
5370	0,401
5375	1,2
5380	0,401
5385	1,4
5390	0,6
5395	1,2
5400	1
5405	0,6
5410	0,401
5415	0,401
5420	0,6
5425	0,801
5430	0,6
5435	1
5440	0,801
5445	0,201
5450	0,801
5455	0,401
5460	1,2
5465	0,401
5470	1,801
5475	1
5480	0,6
5485	0,401
5490	1
5495	1,2
5500	1,2
5505	0,801
5510	0,801
5515	1
5520	1,2
5525	0,801
5530	0,801
5535	0,6
5540	0,401
5545	0,801
5550	1
5555	0,6
5560	0,801
5565	1,801
5570	1,2
5575	0,801
5580	0,801
5585	0,6
5590	0,801
5595	0,201
5600	0,6
5605	1,2
5610	0,801
5615	1,601
5620	0,801
5625	0,401
5630	1
5635	0,6
5640	1,601
5645	0,6
5650	0,401
5655	2,201
5660	0
5665	1,2
5670	0,801
5675	1
5680	1,2
5685	0,6
5690	0,201
5695	0,401
5700	2
5705	0,401
5710	1
5715	0,6
5720	0,6
5725	1,2
5730	0,6
5735	1
5740	0,401
5745	0,401
5750	1
5755	1,2
5760	0,6
5765	1
5770	1,2
5775	1,801
5780	0,801
5785	1,4
5790	1
5795	1,4
5800	1,2
5805	0,6
5810	1,801
5815	0,801
5820	1,2
5825	1
5830	1
5835	1,601
5840	2,4
5845	0,201
5850	1
5855	1
5860	0,6
5865	0,6
5870	1
5875	0
5880	0,6
5885	0,6
5890	1
5895	0,401
5900	1,4
5905	0,201
5910	1,4
5915	1,4
5920	1,4
5925	1,4
5930	1,2
5935	1
5940	0,401
5945	1,601
5950	0,801
5955	1,4
5960	1
5965	1,601
5970	0,401
5975	1
5980	1,601
5985	1
5990	1,2
5995	1
6000	1,4
6005	0,201
6010	1,4
6015	1
6020	0,6
6025	1,801
6030	1
6035	1,4
6040	1,601
6045	0,201
6050	1,601
6055	0,6
6060	1
6065	0,6
6070	1
6075	0,801
6080	2
6085	1,4
6090	1,4
6095	0,6
6100	2,201
6105	1,2
6110	1
6115	1,4
6120	1
6125	1,2
6130	1
6135	1,4
6140	2,201
6145	1,2
6150	1
6155	1
6160	1
6165	1,4
6170	0,801
6175	1,601
6180	1
6185	1,4
6190	1,2
6195	1,601
6200	2,201
6205	2,4
6210	1,2
6215	1,2
6220	1,601
6225	0,801
6230	1,4
6235	2
6240	2
6245	1,801
6250	1,4
6255	1,4
6260	1,4
6265	1,2
6270	1,801
6275	1
6280	1,4
6285	1,601
6290	0
6295	1,4
6300	2
6305	1,4
6310	1,2
6315	2
6320	1,2
6325	2
6330	0,6
6335	1
6340	1
6345	1
6350	1,601
6355	1
6360	0,6
6365	2,4
6370	1
6375	2,601
6380	1,2
6385	1,2
6390	0,801
6395	1
6400	1,601
6405	1,4
6410	2,8
6415	1,2
6420	1,801
6425	2
6430	1,2
6435	2
6440	0,6
6445	1,2
6450	0,6
6455	2,601
6460	1,4
6465	0,6
6470	1,4
6475	1
6480	1,601
6485	1,601
6490	1,801
6495	1,4
6500	1,801
6505	2
6510	1,2
6515	1,4
6520	2
6525	1,2
6530	1,4
6535	1
6540	2
6545	1,4
6550	1,2
6555	1,2
6560	1,4
6565	2,201
6570	1
6575	1
6580	1,801
6585	1,601
6590	1,4
6595	1
6600	1,801
6605	1
6610	0,801
6615	1,601
6620	1,801
6625	1
6630	1
6635	1,601
6640	1,2
6645	1,2
6650	1,4
6655	1,4
6660	1,801
6665	1,4
6670	1
6675	1,801
6680	1
6685	1
6690	2
6695	1,801
6700	2,4
6705	1
6710	1,801
6715	1
6720	0,801
6725	1,2
6730	0,801
6735	1,801
6740	1,4
6745	1,4
6750	2,601
6755	1,601
6760	1,601
6765	1,4
6770	0,401
6775	3
6780	2,201
6785	2,4
6790	1,601
6795	1,801
6800	2,201
6805	2,601
6810	1,801
6815	1,4
6820	2
6825	1,801
6830	2
6835	1,4
6840	1,801
6845	1,4
6850	2,201
6855	1,601
6860	1,601
6865	1,2
6870	2,4
6875	2,601
6880	1,801
6885	2,601
6890	3,201
6895	2
6900	2,8
6905	1,801
6910	2,4
6915	2,4
6920	1,2
6925	1,4
6930	1,801
6935	5
6940	1,2
6945	2
6950	2
6955	2,601
6960	2,201
6965	1,601
6970	3,201
6975	1,2
6980	1,601
6985	1
6990	2,201
6995	1,4
7000	3,8
7005	2,601
7010	1,4
7015	1,801
7020	2,4
7025	2,8
7030	2,601
7035	1,2
7040	1,4
7045	1
7050	2,4
7055	3
7060	1,801
7065	2,4
7070	1,4
7075	1,4
7080	1,801
7085	2,201
7090	2,201
7095	2,4
7100	2,8
7105	2,601
7110	3,4
7115	2,4
7120	1,4
7125	2,4
7130	1,801
7135	1,801
7140	1,2
7145	2,601
7150	2,601
7155	2,4
7160	1,801
7165	2
7170	2
7175	2
7180	1,2
7185	1,801
7190	2,201
7195	2,8
7200	3
7205	2,601
7210	3,201
7215	3
7220	3
7225	2
7230	3,4
7235	1,4
7240	2,4
7245	2,4
7250	1,601
7255	2,601
7260	2,601
7265	2,201
7270	4,201
7275	1,2
7280	2,601
7285	1,801
7290	1,2
7295	3
7300	2,201
7305	2,201
7310	4,201
7315	2,4
7320	4,201
7325	2,201
7330	2,201
7335	2,601
7340	2
7345	1,801
7350	3,4
7355	4
7360	3,201
7365	2,601
7370	3,8
7375	3
7380	3,8
7385	3,201
7390	3,601
7395	2,4
7400	2
7405	3
7410	3,8
7415	3,4
7420	1,4
7425	3,201
7430	3,601
7435	2,601
7440	2,601
7445	2,8
7450	2,601
7455	3
7460	3,601
7465	2,8
7470	3,8
7475	2
7480	2,201
7485	2,4
7490	4,401
7495	2,8
7500	3,601
7505	2,201
7510	2,8
7515	3,201
7520	2,601
7525	3,8
7530	2,601
7535	2,8
7540	1,801
7545	3
7550	2,8
7555	4,201
7560	2,4
7565	4,201
7570	3,4
7575	3,8
7580	4,201
7585	2,8
7590	2
7595	2,8
7600	2,201
7605	4
7610	3
7615	3,601
7620	3
7625	3,4
7630	2,4
7635	3,4
7640	3,4
7645	3,4
7650	3
7655	5,401
7660	2,201
7665	3,8
7670	4
7675	3
7680	2,4
7685	2,601
7690	4,201
7695	4,201
7700	5
7705	5,401
7710	4
7715	4,6
7720	3,601
7725	4,401
7730	3
7735	4
7740	3,8
7745	4,401
7750	3
7755	2
7760	4
7765	4,401
7770	1,801
7775	4,6
7780	3,601
7785	4,6
7790	4,201
7795	2,4
7800	2,8
7805	4,6
7810	6
7815	4,6
7820	4
7825	4,401
7830	3,201
7835	2
7840	4
7845	3
7850	4,401
7855	3,201
7860	4
7865	4,201
7870	4
7875	3
7880	3,4
7885	5
7890	4,201
7895	5
7900	2,201
7905	4
7910	4
7915	1,801
7920	3,201
7925	5,201
7930	3,4
7935	5,201
7940	5,8
7945	5,6
7950	6,401
7955	5,401
7960	4,8
7965	3,201
7970	4
7975	4,401
7980	4,6
7985	5,201
7990	4,6
7995	4,201
8000	3,4
8005	5,6
8010	5,401
8015	3,201
8020	4,8
8025	4,6
8030	5,201
8035	3,4
8040	3,4
8045	5,201
8050	4
8055	2,601
8060	3,201
8065	5,6
8070	4,8
8075	3,4
8080	5
8085	4,6
8090	4,6
8095	5,201
8100	6
8105	4
8110	5,401
8115	5,401
8120	3,8
8125	3,4
8130	4,6
8135	4,8
8140	3,601
8145	5,6
8150	4,201
8155	6,401
8160	5,401
8165	5,201
8170	5
8175	5,8
8180	5
8185	5,6
8190	6,201
8195	6,6
8200	4,401
8205	5,6
8210	5,401
8215	6,401
8220	4
8225	4,401
8230	5,201
8235	5,6
8240	6,401
8245	4,8
8250	6,201
8255	4,401
8260	5,401
8265	4,8
8270	7
8275	5,401
8280	6,201
8285	5,8
8290	5,401
8295	6,6
8300	6,201
8305	4,401
8310	5,6
8315	5
8320	3,8
8325	7,401
8330	5,8
8335	7,201
8340	5,201
8345	4,201
8350	6,401
8355	5,201
8360	6,201
8365	4,8
8370	5
8375	5,8
8380	6
8385	7,201
8390	9
8395	4,201
8400	5,6
8405	6
8410	6,401
8415	6,6
8420	7,6
8425	6,201
8430	5,6
8435	6,401
8440	6,8
8445	5,6
8450	8,6
8455	8,6
8460	5,201
8465	6,401
8470	7
8475	5,8
8480	9
8485	7,401
8490	6,8
8495	6,6
8500	6,8
8505	5,8
8510	5,8
8515	6,8
8520	8,801
8525	8,801
8530	4,201
8535	6,8
8540	12
8545	6,201
8550	7
8555	7,6
8560	5,6
8565	7,401
8570	6,8
8575	6,6
8580	5,201
8585	5,401
8590	7,201
8595	8,6
8600	9
8605	6,401
8610	6,8
8615	9,401
8620	5,8
8625	8
8630	6
8635	5,6
8640	7,8
8645	5,8
8650	9
8655	5,8
8660	7,8
8665	6,8
8670	9,2
8675	6,201
8680	6,401
8685	7,8
8690	8
8695	7,8
8700	8,2
8705	9,801
8710	9,401
8715	9,401
8720	6,8
8725	8
8730	7,8
8735	7,6
8740	8,401
8745	11
8750	7,201
8755	7,6
8760	6,401
8765	7,8
8770	9
8775	6,401
8780	10,401
8785	9,401
8790	6,401
8795	10,6
8800	7,8
8805	8,2
8810	8,401
8815	9,401
8820	8,2
8825	8,6
8830	7,201
8835	9,2
8840	7,6
8845	8,6
8850	6,6
8855	9,2
8860	10,801
8865	10,801
8870	9,801
8875	9,2
8880	10,801
8885	10,801
8890	8,801
8895	8,2
8900	7
8905	8,801
8910	10,401
8915	13
8920	8,6
8925	11
8930	7,6
8935	10,6
8940	9,401
8945	10
8950	11
8955	11,6
8960	11,401
8965	13,2
8970	9,401
8975	10,2
8980	6,6
8985	8,801
8990	9,2
8995	8,401
9000	10,801
9005	9,801
9010	10,6
9015	10
9020	10,401
9025	12,6
9030	10,2
9035	11
9040	11
9045	13,401
9050	13,801
9055	8,6
9060	9,401
9065	9
9070	12,801
9075	11
9080	8,6
9085	10
9090	13
9095	13
9100	12,401
9105	10,801
9110	11,2
9115	8,2
9120	12
9125	13,801
9130	12,2
9135	11,6
9140	12,6
9145	13
9150	12,6
9155	14,401
9160	11,2
9165	11,2
9170	12,801
9175	10,2
9180	14,801
9185	11,6
9190	13,2
9195	13
9200	13,2
9205	10,401
9210	11
9215	13,2
9220	14
9225	14,2
9230	14,801
9235	15,401
9240	11,2
9245	13,6
9250	14,401
9255	14,2
9260	10,2
9265	13,801
9270	12,401
9275	12,401
9280	12,801
9285	13
9290	15,401
9295	10,6
9300	15
9305	14
9310	13,6
9315	11,6
9320	16
9325	15
9330	17
9335	12,801
9340	14,401
9345	13,6
9350	16
9355	15,401
9360	16
9365	12,401
9370	15
9375	16
9380	17,801
9385	14
9390	15
9395	12
9400	16,2
9405	18,2
9410	15,801
9415	16,4
9420	13,6
9425	12,801
9430	16
9435	16,801
9440	16,801
9445	16,601
9450	14,2
9455	16,2
9460	18,601
9465	16,601
9470	16,601
9475	17,2
9480	16,601
9485	17,801
9490	15,6
9495	19,2
9500	19,2
9505	17,2
9510	17,2
9515	21
9520	17,601
9525	19,601
9530	20,2
9535	15
9540	16,4
9545	18,801
9550	20,4
9555	17,801
9560	19
9565	20,601
9570	19,4
9575	21,601
9580	24,801
9585	19,4
9590	22,601
9595	25
9600	22,4
9605	21,2
9610	21,801
9615	24
9620	24,601
9625	18,2
9630	20,601
9635	22,601
9640	26,4
9645	23
9650	22
9655	25,601
9660	22,801
9665	24,2
9670	27,4
9675	23
9680	28,4
9685	26,2
9690	21,801
9695	20,801
9700	25,601
9705	27,4
9710	25,4
9715	22
9720	26
9725	23,801
9730	26,601
9735	21,601
9740	27
9745	22,4
9750	25,4
9755	25,601
9760	23,4
9765	22,801
9770	26,601
9775	21,801
9780	22,601
9785	25,601
9790	23,2
9795	27,4
9800	28,2
9805	26
9810	21,801
9815	23,2
9820	23
9825	27,801
9830	24,601
9835	28,801
9840	26,2
9845	27
9850	27
9855	26,601
9860	21,2
9865	24,601
9870	26,601
9875	23,601
9880	26,601
9885	22,4
9890	26,801
9895	21,2
9900	23,4
9905	25,2
9910	23,801
9915	21
9920	20,801
9925	19,4
9930	19,801
9935	19
9940	23,601
9945	19,2
9950	18,2
9955	19,4
9960	20,601
9965	16,4
9970	17,801
9975	16,801
9980	17
9985	18,601
9990	18,4
9995	19,4
10000	15,401
10005	18,601
10010	13,2
10015	14,401
10020	15,2
10025	17,2
10030	16,2
10035	12,6
10040	11,6
10045	15
10050	14
10055	15,2
10060	14,401
10065	13
10070	14,801
10075	14,801
10080	11,2
10085	12,801
10090	9,6
10095	10,801
10100	11,6
10105	11,401
10110	10,801
10115	10,6
10120	9
10125	12,801
10130	13,801
10135	12
10140	11,801
10145	11,2
10150	9,401
10155	9,801
10160	8,6
10165	9,6
10170	9,6
10175	10,801
10180	7,6
10185	9,401
10190	8,401
10195	8,801
10200	9,801
10205	7
10210	9,2
10215	7,201
10220	6,401
10225	6,201
10230	7,401
10235	8,801
10240	4,401
10245	5,401
10250	8,6
10255	5,8
10260	5,201
10265	6,401
10270	7,8
10275	4
10280	6
10285	5,201
10290	3,201
10295	4,201
10300	5,6
10305	4,401
10310	2,601
10315	2,8
10320	3,201
10325	2,8
10330	2,4
10335	3
10340	3,601
10345	4,6
10350	4
10355	3
10360	3
10365	4
10370	2,201
10375	1,801
10380	2,4
10385	2,601
10390	2,201
10395	1,4
10400	2,601
10405	1,2
10410	1
10415	1,4
10420	1,601
10425	1,4
10430	1
10435	1
10440	0,6
10445	0,6
10450	0,401
10455	0,401
10460	0,401
10465	0
10470	0,401
10475	0,401
10480	0,401
10485	0,401
10490	0,201
10495	0,201
10500	0,201
10505	0
10510	0,201
10515	0
10520	0,201
10525	0,401
10530	0
10535	0
10540	0
10545	0
10550	0,201
10555	0
10560	0,201
10565	0,201
10570	0
10575	0,201
10580	0
10585	0
10590	0
10595	0
10600	0
10605	0
10610	0,201
10615	0
10620	0
10625	0
10630	0
10635	0
10640	0
10645	0
10650	0
10655	0
10660	0
10665	0
10670	0
10675	0
10680	0
10685	0
10690	0
10695	0
10700	0
10705	0
10710	0
10715	0
10720	0
10725	0
10730	0
10735	0
10740	0
10745	0
10750	0
10755	0
10760	0
10765	0
10770	0
10775	0
10780	0
10785	0
10790	0
10795	0
10800	0
10805	0
10810	0
10815	0
10820	0
10825	0
10830	0
10835	0
10840	0
10845	0
10850	0
10855	0
10860	0
10865	0
10870	0
10875	0
10880	0
10885	0
10890	0
10895	0
10900	0
10905	0
10910	0
10915	0
10920	0
10925	0
10930	0
10935	0
10940	0
10945	0
10950	0
10955	0
10960	0
10965	0
10970	0
10975	0
10980	0
10985	0
10990	0
10995	0
11000	0