E,eV	dN/dE,part/eV
0	0,801
5	0,201
10	0
15	0,201
20	0
25	0
30	0
35	0
40	0
45	0
50	0
55	0
60	0
65	0
70	0
75	0
80	0
85	0
90	0
95	0
100	0
105	0
110	0
115	0
120	0,201
125	0
130	0
135	0
140	0
145	0,201
150	0
155	0
160	0
165	0
170	0
175	0
180	0
185	0
190	0
195	0,201
200	0,401
205	0
210	0
215	0
220	0
225	0
230	0
235	0,401
240	0,201
245	0
250	0
255	0
260	0
265	0
270	0
275	0
280	0
285	0
290	0
295	0
300	0
305	0
310	0
315	0,201
320	0,201
325	0
330	0
335	0
340	0
345	0,201
350	0
355	0
360	0
365	0
370	0
375	0
380	0
385	0
390	0
395	0
400	0
405	0
410	0
415	0
420	0
425	0
430	0
435	0
440	0
445	0
450	0
455	0
460	0
465	0
470	0
475	0,201
480	0
485	0
490	0,201
495	0
500	0
505	0
510	0,201
515	0
520	0,201
525	0
530	0,201
535	0
540	0
545	0
550	0,201
555	0
560	0
565	0,201
570	0
575	0
580	0
585	0
590	0
595	0
600	0
605	0,201
610	0,201
615	0
620	0,201
625	0,201
630	0,201
635	0
640	0
645	0
650	0
655	0
660	0
665	0
670	0
675	0
680	0,201
685	0
690	0,201
695	0
700	0,201
705	0
710	0
715	0,201
720	0
725	0
730	0,201
735	0
740	0
745	0
750	0
755	0
760	0,201
765	0,201
770	0
775	0,401
780	0
785	0
790	0,201
795	0
800	0
805	0,201
810	0
815	0
820	0,201
825	0
830	0,201
835	0
840	0
845	0
850	0
855	0
860	0,201
865	0,401
870	0,201
875	0
880	0
885	0,201
890	0
895	0
900	0
905	0
910	0
915	0
920	0,201
925	0
930	0
935	0
940	0,201
945	0,201
950	0,401
955	0,201
960	0,201
965	0,201
970	0,401
975	0,201
980	0
985	0
990	0
995	0
1000	0
1005	0,201
1010	0,401
1015	0
1020	0
1025	0
1030	0,201
1035	0
1040	0,201
1045	0
1050	0,201
1055	0
1060	0,401
1065	0,201
1070	0
1075	0
1080	0
1085	0,201
1090	0,201
1095	0
1100	0
1105	0
1110	0,201
1115	0
1120	0
1125	0,201
1130	0
1135	0,201
1140	0,201
1145	0,201
1150	0
1155	0
1160	0,201
1165	0,201
1170	0,201
1175	0
1180	0,201
1185	0,401
1190	0,201
1195	0,401
1200	0
1205	0
1210	0
1215	0,201
1220	0
1225	0,201
1230	0
1235	0
1240	0
1245	0,201
1250	0
1255	0,401
1260	0,201
1265	0
1270	0
1275	0,401
1280	0,401
1285	0
1290	0
1295	0
1300	0
1305	0
1310	0
1315	0,401
1320	0,401
1325	0
1330	0
1335	0
1340	0
1345	0,201
1350	0,201
1355	0
1360	0,201
1365	0,201
1370	0
1375	0
1380	0,201
1385	0
1390	0
1395	0,401
1400	0
1405	0,201
1410	0
1415	0
1420	0
1425	0
1430	0
1435	0
1440	0
1445	0
1450	0
1455	0
1460	0
1465	0
1470	0,201
1475	0,201
1480	0
1485	0
1490	0,201
1495	0
1500	0
1505	0
1510	0
1515	0,401
1520	0
1525	0
1530	0
1535	0,201
1540	0
1545	0,201
1550	0
1555	0
1560	0,201
1565	0
1570	0
1575	0
1580	0,201
1585	0
1590	0
1595	0,201
1600	0
1605	0
1610	0,201
1615	0
1620	0
1625	0,201
1630	0
1635	0
1640	0,201
1645	0
1650	0
1655	0,201
1660	0
1665	0,201
1670	0
1675	0
1680	0
1685	0,401
1690	0,201
1695	0
1700	0,201
1705	0,201
1710	0,201
1715	0
1720	0
1725	0,201
1730	0
1735	0
1740	0
1745	0,201
1750	0,201
1755	0
1760	0
1765	0
1770	0
1775	0,401
1780	0
1785	0
1790	0
1795	0
1800	0,201
1805	0
1810	0
1815	0
1820	0
1825	0,201
1830	0
1835	0
1840	0
1845	0,201
1850	0
1855	0,201
1860	0
1865	0
1870	0
1875	0,201
1880	0,401
1885	0,201
1890	0
1895	0,201
1900	0,401
1905	0
1910	0
1915	0
1920	0
1925	0
1930	0
1935	0,401
1940	0,201
1945	0,201
1950	0,201
1955	0
1960	0,401
1965	0,201
1970	0
1975	0,401
1980	0,401
1985	0,201
1990	0
1995	0
2000	0,401
2005	0
2010	0,201
2015	0,201
2020	0,201
2025	0
2030	0,401
2035	0
2040	0
2045	0
2050	0,201
2055	0
2060	0,201
2065	0,201
2070	0,201
2075	0
2080	0
2085	0
2090	0
2095	0
2100	0
2105	0,201
2110	0,201
2115	0
2120	0
2125	0,201
2130	0,201
2135	0,401
2140	0
2145	0
2150	0,201
2155	0
2160	0,201
2165	0,201
2170	0
2175	0
2180	0
2185	0,401
2190	0,801
2195	0,201
2200	0,201
2205	0,6
2210	0,201
2215	0
2220	0,201
2225	0
2230	0,201
2235	0
2240	0,401
2245	0
2250	0,201
2255	0
2260	0,401
2265	0,201
2270	0,201
2275	0,201
2280	0
2285	0
2290	0,201
2295	0
2300	0
2305	0
2310	0
2315	0,201
2320	0
2325	0,401
2330	0
2335	0,201
2340	0,401
2345	0,201
2350	0,201
2355	0,201
2360	0,201
2365	0
2370	0,201
2375	0,6
2380	0
2385	0,201
2390	0,201
2395	0,201
2400	0
2405	0
2410	0
2415	0,201
2420	0
2425	0,201
2430	0,201
2435	0,6
2440	0
2445	0
2450	0,401
2455	0
2460	0,401
2465	0
2470	0
2475	0
2480	0,201
2485	0,201
2490	0
2495	0
2500	0
2505	0
2510	0
2515	0
2520	0,6
2525	0
2530	0,201
2535	0
2540	0
2545	0,6
2550	0,201
2555	0,6
2560	0
2565	0,401
2570	0,201
2575	0
2580	0,401
2585	0,201
2590	0,201
2595	0
2600	0
2605	0,201
2610	0,401
2615	0,401
2620	0,201
2625	0
2630	0
2635	0,201
2640	0,201
2645	0
2650	0,401
2655	0
2660	0
2665	0,201
2670	0,201
2675	0
2680	0
2685	0
2690	0
2695	0
2700	0,201
2705	0,401
2710	0,801
2715	0,201
2720	0
2725	0
2730	0
2735	0
2740	0,201
2745	0
2750	0
2755	0
2760	0
2765	0,201
2770	0
2775	0
2780	0,201
2785	0
2790	0
2795	0,401
2800	0
2805	0
2810	0
2815	0,201
2820	0,201
2825	0
2830	0,201
2835	0
2840	0,401
2845	0,201
2850	0,6
2855	0,401
2860	0
2865	0
2870	0,201
2875	0
2880	0,201
2885	0,201
2890	0,201
2895	0,201
2900	0
2905	0
2910	0,201
2915	0
2920	0
2925	0,401
2930	0,201
2935	0,201
2940	0
2945	0,801
2950	0,801
2955	0
2960	0
2965	0,201
2970	0
2975	0,201
2980	0,201
2985	0
2990	0,401
2995	0
3000	0
3005	0,201
3010	0,201
3015	0,6
3020	0,401
3025	0,201
3030	0,401
3035	0,6
3040	0
3045	0,201
3050	0
3055	0
3060	0,201
3065	0
3070	0,201
3075	0,6
3080	0
3085	0,401
3090	0
3095	0
3100	0,201
3105	0
3110	0,201
3115	0
3120	0
3125	0,201
3130	0,401
3135	0
3140	0,201
3145	0
3150	0
3155	0
3160	0,201
3165	0
3170	0,801
3175	0
3180	0,201
3185	0
3190	0,401
3195	0
3200	0,201
3205	0
3210	0,201
3215	0,201
3220	0,401
3225	0,201
3230	0,401
3235	0,201
3240	0,401
3245	0,401
3250	0
3255	0
3260	0,401
3265	0,201
3270	0
3275	0
3280	0,401
3285	0,401
3290	0
3295	0,401
3300	0,201
3305	0,201
3310	0,201
3315	0,401
3320	0,201
3325	0,201
3330	0
3335	0,201
3340	0
3345	0,201
3350	0,201
3355	0,201
3360	0,201
3365	0,401
3370	0
3375	0
3380	0
3385	0,201
3390	0,401
3395	0,201
3400	0,6
3405	0
3410	0
3415	0
3420	0,201
3425	0,201
3430	0,801
3435	0,401
3440	0,201
3445	0,201
3450	0
3455	0,801
3460	0,201
3465	0
3470	0
3475	0,401
3480	0
3485	0,201
3490	0,201
3495	0,401
3500	0
3505	0
3510	0,201
3515	0,201
3520	0,401
3525	0,401
3530	0
3535	0,801
3540	0,201
3545	0
3550	0
3555	0
3560	0,401
3565	0
3570	0,401
3575	0,401
3580	0,801
3585	0
3590	0,201
3595	0,201
3600	0,201
3605	0
3610	0,401
3615	0
3620	0,201
3625	0,201
3630	0
3635	0
3640	0,201
3645	0
3650	0,201
3655	0
3660	0,401
3665	0
3670	0,201
3675	0
3680	0,201
3685	0
3690	0,201
3695	0,201
3700	0,401
3705	0,201
3710	0
3715	0
3720	0
3725	0
3730	0,401
3735	0
3740	0,201
3745	0,401
3750	0,201
3755	0,401
3760	0
3765	0
3770	0
3775	0,201
3780	0,201
3785	0
3790	0,201
3795	0,401
3800	0,401
3805	0,6
3810	0,6
3815	0
3820	0
3825	0
3830	0
3835	0,201
3840	0
3845	0,401
3850	0,201
3855	0
3860	0,401
3865	0
3870	0,6
3875	0,201
3880	0,6
3885	0,201
3890	0,401
3895	0
3900	0,201
3905	0
3910	0,6
3915	0,6
3920	0,401
3925	0
3930	0
3935	0
3940	0
3945	0,201
3950	0
3955	0
3960	0,401
3965	0
3970	0,201
3975	0,401
3980	0,201
3985	0,201
3990	0,201
3995	0,401
4000	0,6
4005	0,201
4010	0,401
4015	0,201
4020	0,201
4025	0
4030	0,6
4035	1,2
4040	0
4045	0,401
4050	0,201
4055	0,201
4060	0,401
4065	0,801
4070	0,201
4075	0
4080	0,201
4085	0,201
4090	0,801
4095	0,201
4100	0,401
4105	0
4110	0,6
4115	0,6
4120	0,201
4125	0,401
4130	0
4135	0,801
4140	0,201
4145	0
4150	0,201
4155	0,401
4160	0,201
4165	0,6
4170	0,401
4175	0,201
4180	1
4185	0,201
4190	0
4195	0,401
4200	0,6
4205	0
4210	0,6
4215	0,401
4220	0,201
4225	0,6
4230	0,201
4235	0,6
4240	0
4245	0,401
4250	0,201
4255	0,201
4260	0,401
4265	0,201
4270	0,6
4275	0,401
4280	0,201
4285	0,201
4290	0,201
4295	0,201
4300	0,6
4305	0,401
4310	0,201
4315	0,6
4320	0,401
4325	0,201
4330	0,401
4335	0,801
4340	0,201
4345	0,201
4350	0,401
4355	0
4360	0,201
4365	0,201
4370	0
4375	0
4380	0,6
4385	0,201
4390	0,201
4395	0
4400	0
4405	0,801
4410	0,6
4415	0,201
4420	0
4425	0,6
4430	0,401
4435	0,6
4440	0,201
4445	0,201
4450	0,201
4455	0,201
4460	0,201
4465	0
4470	0,201
4475	0,201
4480	0
4485	0,401
4490	0,401
4495	0,401
4500	0
4505	0,401
4510	0,201
4515	0,6
4520	0,401
4525	0,201
4530	0,6
4535	0,201
4540	0,6
4545	0,801
4550	0,201
4555	0,801
4560	0,201
4565	0,201
4570	0,201
4575	0,201
4580	0
4585	0
4590	0,201
4595	0,201
4600	0,201
4605	0,6
4610	0
4615	0,801
4620	1
4625	0,201
4630	0,801
4635	0,801
4640	0,201
4645	0
4650	0,6
4655	0,6
4660	0,201
4665	0,801
4670	0
4675	0
4680	0,201
4685	0
4690	0,201
4695	0,401
4700	0
4705	0,6
4710	0,401
4715	0
4720	0,201
4725	0,401
4730	0,401
4735	0
4740	0,401
4745	0,401
4750	0,801
4755	0
4760	0
4765	0,6
4770	0,201
4775	0,401
4780	0,401
4785	0,201
4790	1,601
4795	0
4800	1,2
4805	0,6
4810	0
4815	0,801
4820	0,801
4825	0,801
4830	0,401
4835	0,201
4840	0,401
4845	0,6
4850	0,6
4855	0,201
4860	0,201
4865	0,201
4870	0,401
4875	0,201
4880	0,6
4885	0,6
4890	0,6
4895	0,401
4900	0,6
4905	0,6
4910	0,801
4915	0,201
4920	0,6
4925	0,801
4930	0,801
4935	0,801
4940	0,201
4945	0,201
4950	0,401
4955	0,401
4960	0,201
4965	0,401
4970	0,6
4975	0,201
4980	0,401
4985	0,201
4990	1
4995	0,6
5000	0,6
5005	0,6
5010	0
5015	0,6
5020	0
5025	0,6
5030	0,6
5035	0,801
5040	0,401
5045	0,401
5050	0,401
5055	0,401
5060	0
5065	0,401
5070	0,6
5075	0,201
5080	0,201
5085	0,801
5090	0,801
5095	0,401
5100	0,201
5105	0,201
5110	0,6
5115	0,401
5120	0,201
5125	0,801
5130	1,2
5135	0,401
5140	0,201
5145	0,401
5150	0,401
5155	0,201
5160	0,401
5165	1,2
5170	0,201
5175	0,6
5180	0,6
5185	0
5190	0,6
5195	0,801
5200	0,401
5205	0,201
5210	0,201
5215	0,201
5220	1
5225	0,401
5230	0,401
5235	0,201
5240	0,201
5245	0,801
5250	0,401
5255	0
5260	0,201
5265	0,801
5270	0,201
5275	1
5280	0,201
5285	0,201
5290	0,6
5295	0,201
5300	0,201
5305	0,401
5310	0,801
5315	1
5320	0,801
5325	0,801
5330	0,6
5335	1,2
5340	0,201
5345	0,201
5350	0,201
5355	0,401
5360	0,201
5365	0,201
5370	1
5375	0
5380	0,6
5385	0,801
5390	0,801
5395	0,6
5400	1,2
5405	0,401
5410	0,6
5415	0,401
5420	0
5425	0,401
5430	0,201
5435	0,201
5440	0,401
5445	0,401
5450	0,6
5455	0,6
5460	0,401
5465	0,401
5470	0,401
5475	0,401
5480	0,201
5485	0,401
5490	0,6
5495	0,6
5500	0,401
5505	0,6
5510	0,6
5515	0,6
5520	1
5525	1,2
5530	0,401
5535	0,401
5540	1,2
5545	0
5550	0,401
5555	0,801
5560	0,6
5565	1
5570	1
5575	0,801
5580	0,401
5585	0,401
5590	0,401
5595	0,6
5600	0
5605	0,201
5610	0,401
5615	0,6
5620	0,201
5625	0,6
5630	0
5635	1
5640	0
5645	0,201
5650	0,401
5655	0,201
5660	0,401
5665	1,4
5670	0,801
5675	0,401
5680	0,401
5685	0,6
5690	0,6
5695	0,6
5700	0,801
5705	0,6
5710	1
5715	0,6
5720	0,201
5725	0,201
5730	0,801
5735	0,6
5740	0,401
5745	0,6
5750	0,6
5755	0,401
5760	0,6
5765	0,801
5770	0,801
5775	0
5780	0,801
5785	0,801
5790	0,201
5795	0,201
5800	1
5805	0,801
5810	2
5815	0
5820	0,401
5825	0,401
5830	0,401
5835	0,201
5840	0,401
5845	0,6
5850	1,2
5855	0,6
5860	0,6
5865	0,801
5870	0,401
5875	0,801
5880	0,201
5885	0,201
5890	0
5895	1
5900	0,6
5905	0,401
5910	0,6
5915	1,2
5920	0,401
5925	1
5930	0,6
5935	0,401
5940	0,6
5945	0,6
5950	0,6
5955	1,2
5960	1,2
5965	0,201
5970	0,6
5975	0,6
5980	0,801
5985	0,201
5990	0,6
5995	0,401
6000	0,401
6005	0,6
6010	0,6
6015	1
6020	0,801
6025	1,2
6030	0,801
6035	0,201
6040	1
6045	1,801
6050	1
6055	0,401
6060	1,2
6065	1,601
6070	1,2
6075	1,2
6080	1
6085	1,4
6090	1,4
6095	0,6
6100	0,801
6105	0,801
6110	0,401
6115	0,401
6120	0,801
6125	0,401
6130	0,201
6135	0,201
6140	0,401
6145	0,6
6150	1,2
6155	0,6
6160	1,2
6165	1,2
6170	0,801
6175	1,4
6180	0,201
6185	0,801
6190	1
6195	0,401
6200	0,801
6205	1,601
6210	0,401
6215	0,401
6220	0,201
6225	0,401
6230	0,6
6235	1
6240	0,801
6245	0,801
6250	0,401
6255	0,801
6260	0,401
6265	1,2
6270	1,801
6275	0
6280	0,201
6285	0,401
6290	0,6
6295	1,2
6300	0,801
6305	0,801
6310	0,201
6315	0,401
6320	0,6
6325	1,4
6330	1
6335	0,6
6340	0,6
6345	1
6350	1
6355	0,401
6360	0,801
6365	1,2
6370	0,201
6375	2,4
6380	1
6385	1,2
6390	0,401
6395	0,6
6400	1,2
6405	1,2
6410	2
6415	0
6420	0,6
6425	0,401
6430	0,6
6435	1,801
6440	1
6445	1
6450	1
6455	0,801
6460	0,6
6465	0,801
6470	1,4
6475	0,801
6480	1
6485	1,2
6490	0,201
6495	0,801
6500	1,4
6505	1,2
6510	1,4
6515	1
6520	0,6
6525	1,4
6530	1,2
6535	1,2
6540	1,2
6545	0,6
6550	0,201
6555	1,4
6560	1,601
6565	1,2
6570	0,401
6575	0,801
6580	0,801
6585	1,2
6590	2
6595	1,2
6600	0,801
6605	1
6610	1,4
6615	1
6620	1
6625	1,4
6630	1,2
6635	1,2
6640	0,6
6645	0,6
6650	0,801
6655	0,801
6660	1,601
6665	1,4
6670	0,801
6675	1,2
6680	1,601
6685	0,401
6690	0,801
6695	1,2
6700	1,601
6705	1,4
6710	0,401
6715	1,4
6720	1,801
6725	0,6
6730	2,8
6735	1,2
6740	1,2
6745	1
6750	1,2
6755	1,2
6760	0,801
6765	1
6770	1,4
6775	1
6780	1,601
6785	1,2
6790	1,801
6795	1,4
6800	1,601
6805	2,201
6810	1,4
6815	1,4
6820	0,6
6825	0,801
6830	1,2
6835	1,2
6840	1,4
6845	1,801
6850	1,2
6855	0,6
6860	1
6865	1,4
6870	0,401
6875	1,801
6880	2,201
6885	2
6890	1
6895	0,801
6900	1
6905	1,4
6910	0,801
6915	1,801
6920	1,2
6925	1,2
6930	1,4
6935	1,601
6940	0,801
6945	1,601
6950	0,6
6955	1,2
6960	2
6965	0,801
6970	1,801
6975	1
6980	1,4
6985	0,401
6990	1,4
6995	2
7000	0,801
7005	1,2
7010	1
7015	1,601
7020	1
7025	0,801
7030	1
7035	0,801
7040	1,4
7045	1,801
7050	1,2
7055	0,801
7060	1,4
7065	1,601
7070	0,201
7075	1,2
7080	1,4
7085	1,801
7090	1
7095	1,4
7100	1,601
7105	1,4
7110	1,601
7115	1,2
7120	0,801
7125	1,4
7130	2,4
7135	2
7140	1,601
7145	2,601
7150	1,2
7155	1,801
7160	1,801
7165	2,4
7170	1,601
7175	1
7180	1,801
7185	1
7190	2
7195	1,601
7200	1,601
7205	1,4
7210	2
7215	3
7220	1,2
7225	1,2
7230	1,801
7235	0,801
7240	2
7245	1,801
7250	1
7255	0,801
7260	1
7265	0,801
7270	1
7275	2,601
7280	1,4
7285	1,2
7290	2,601
7295	1
7300	1,601
7305	2
7310	1,801
7315	1,2
7320	1
7325	2,4
7330	1,2
7335	1
7340	1,601
7345	1
7350	1,801
7355	2
7360	2,4
7365	1,4
7370	1,801
7375	1,4
7380	1,4
7385	1,2
7390	2,4
7395	1,801
7400	1,801
7405	1,4
7410	1,601
7415	1,601
7420	2,601
7425	3
7430	1,4
7435	2,201
7440	0,401
7445	2
7450	2
7455	2
7460	1,801
7465	1
7470	1,4
7475	2,201
7480	1,4
7485	2,201
7490	2,201
7495	0,6
7500	2,4
7505	1,2
7510	1
7515	1,601
7520	1,601
7525	1,601
7530	1,4
7535	1,801
7540	2,8
7545	3,601
7550	2
7555	3,8
7560	1,601
7565	3,601
7570	2,8
7575	1,4
7580	1,4
7585	2
7590	2
7595	1,601
7600	3,201
7605	2
7610	2,201
7615	2,601
7620	1,2
7625	1,4
7630	2,201
7635	2,8
7640	1
7645	1,2
7650	2,201
7655	1,2
7660	1
7665	1,2
7670	1,2
7675	2,201
7680	2,4
7685	2,601
7690	2,601
7695	1,601
7700	2,201
7705	2
7710	2,4
7715	2,4
7720	1,601
7725	2,4
7730	3,4
7735	0,801
7740	1,801
7745	2,201
7750	3
7755	3
7760	1,4
7765	4
7770	2,601
7775	1,801
7780	2,201
7785	2,201
7790	2,8
7795	3
7800	2
7805	2,201
7810	3
7815	1,801
7820	1,4
7825	2,601
7830	0,801
7835	3,201
7840	1,801
7845	1,4
7850	1,2
7855	1,601
7860	3,601
7865	2
7870	2
7875	2,601
7880	3,4
7885	1,801
7890	2
7895	1,4
7900	2,4
7905	2,8
7910	2,4
7915	2,201
7920	3
7925	2
7930	1,801
7935	3,4
7940	3,8
7945	2
7950	2,8
7955	4,201
7960	3,601
7965	2,4
7970	3,8
7975	3
7980	3,4
7985	3,601
7990	2,8
7995	2,8
8000	3
8005	3,201
8010	4,401
8015	3,201
8020	2,201
8025	4
8030	2,201
8035	4
8040	2,601
8045	3,201
8050	2,8
8055	4,201
8060	3
8065	3,201
8070	3,601
8075	3
8080	3,4
8085	1,601
8090	2,601
8095	3,8
8100	3
8105	3,8
8110	2,8
8115	3,8
8120	1,601
8125	1,801
8130	2,601
8135	3
8140	3,4
8145	5
8150	3,8
8155	3,4
8160	1,4
8165	3,201
8170	1,601
8175	3,601
8180	2,4
8185	3,201
8190	2,4
8195	2,601
8200	4
8205	2,8
8210	2,8
8215	2,601
8220	1,601
8225	4
8230	2,201
8235	3
8240	4,401
8245	3
8250	2,8
8255	5,401
8260	3,601
8265	3,4
8270	1,801
8275	3,4
8280	4
8285	3,201
8290	2,601
8295	3,201
8300	4,401
8305	3,601
8310	2
8315	3,201
8320	2,8
8325	4,401
8330	4,6
8335	3,8
8340	4,201
8345	4,201
8350	2,601
8355	4,201
8360	5
8365	4,201
8370	3,601
8375	3,8
8380	3,8
8385	4,401
8390	3,4
8395	2,8
8400	3,601
8405	4,201
8410	4
8415	5
8420	4
8425	4,201
8430	2,8
8435	4,6
8440	3,201
8445	2,8
8450	3
8455	5
8460	3,8
8465	4
8470	2,8
8475	3,601
8480	4,401
8485	4,6
8490	4
8495	3,4
8500	3,601
8505	4,6
8510	4,6
8515	4,6
8520	3
8525	5,6
8530	5
8535	3,4
8540	3,8
8545	3,601
8550	4
8555	4,8
8560	5
8565	3
8570	5,401
8575	5,6
8580	4,8
8585	5,6
8590	4,6
8595	7,201
8600	3,8
8605	3,4
8610	6,401
8615	5,401
8620	6,6
8625	3,4
8630	4,6
8635	4,8
8640	5,6
8645	4,6
8650	6,6
8655	4,6
8660	5,201
8665	5,8
8670	6,8
8675	5,401
8680	5,201
8685	4,201
8690	5,401
8695	7,6
8700	4,401
8705	5,201
8710	4
8715	6
8720	5
8725	6,201
8730	8
8735	4
8740	8
8745	5
8750	7,201
8755	5,8
8760	5,8
8765	7
8770	5,201
8775	5,401
8780	6,201
8785	6,8
8790	5,201
8795	6
8800	6,201
8805	6,8
8810	6,6
8815	8,401
8820	6,201
8825	6,201
8830	6,201
8835	7
8840	7,401
8845	7
8850	6,8
8855	6,6
8860	6,6
8865	7,6
8870	8,801
8875	6
8880	8,2
8885	5,401
8890	6,201
8895	6,201
8900	6,8
8905	6,6
8910	10,2
8915	7
8920	6,6
8925	7,401
8930	6,401
8935	8,801
8940	7,401
8945	5,201
8950	6,6
8955	7,6
8960	6,201
8965	6
8970	6,401
8975	8
8980	7
8985	8
8990	8
8995	7
9000	6,201
9005	10,2
9010	8,401
9015	5,6
9020	7
9025	6,401
9030	7,6
9035	10
9040	8
9045	6,401
9050	7,201
9055	9,2
9060	8,401
9065	10,6
9070	6,8
9075	8,6
9080	9,2
9085	8,401
9090	7,401
9095	7,401
9100	8,6
9105	7,8
9110	7
9115	11
9120	11
9125	9,401
9130	8,2
9135	9,2
9140	8,6
9145	7,201
9150	8,6
9155	9
9160	8,801
9165	11,2
9170	8,6
9175	10,2
9180	10,401
9185	11,401
9190	10,801
9195	9,6
9200	10
9205	11,401
9210	9
9215	10,801
9220	12,2
9225	8,2
9230	9,401
9235	10,2
9240	10,2
9245	8,801
9250	10,401
9255	11,2
9260	10
9265	9
9270	11,401
9275	12,2
9280	9,801
9285	11,401
9290	10,401
9295	9,2
9300	11,401
9305	14,6
9310	9,401
9315	11,2
9320	11,401
9325	11
9330	14
9335	9,801
9340	12,6
9345	10,6
9350	9,801
9355	10
9360	12,401
9365	9,801
9370	11,6
9375	9,6
9380	13,6
9385	13,6
9390	10,401
9395	14
9400	12,401
9405	13
9410	11,801
9415	12,6
9420	13
9425	14
9430	12,2
9435	14
9440	9,2
9445	11,6
9450	13
9455	11,6
9460	12
9465	12,6
9470	14,6
9475	12,801
9480	13
9485	14,2
9490	14,801
9495	17,4
9500	13,801
9505	13,6
9510	16
9515	12,801
9520	15,801
9525	17,801
9530	14,2
9535	16
9540	14,801
9545	15,2
9550	17,2
9555	17,2
9560	17
9565	20
9570	17,2
9575	16,2
9580	12,801
9585	16,801
9590	18,801
9595	18
9600	18,2
9605	18,4
9610	18
9615	19,801
9620	19,801
9625	23,601
9630	18
9635	19,2
9640	20
9645	19
9650	20,601
9655	20,4
9660	19,4
9665	18,801
9670	22
9675	17,4
9680	22,2
9685	18,4
9690	20,601
9695	22,801
9700	23,4
9705	23
9710	23
9715	21,2
9720	21,4
9725	21,601
9730	25,2
9735	24,2
9740	19,601
9745	22,4
9750	20,4
9755	21,601
9760	24
9765	21
9770	19
9775	19,2
9780	19,601
9785	23,601
9790	23,2
9795	25,2
9800	24,2
9805	20,2
9810	21,4
9815	19,601
9820	20,2
9825	23,801
9830	20,601
9835	24,801
9840	19,2
9845	22,801
9850	24,801
9855	25
9860	22
9865	23,801
9870	18,2
9875	20,601
9880	22,801
9885	22,801
9890	20,601
9895	21,601
9900	17,801
9905	25,801
9910	20,2
9915	20,2
9920	20,2
9925	18
9930	19,601
9935	22,4
9940	19,2
9945	21,801
9950	21,4
9955	19,2
9960	20
9965	18,2
9970	19,801
9975	16,601
9980	17,601
9985	15
9990	17,4
9995	19,801
10000	16,601
10005	19
10010	17
10015	22,4
10020	16,2
10025	20
10030	18,801
10035	18,601
10040	19,2
10045	17
10050	17,2
10055	18,4
10060	18,601
10065	15,6
10070	18
10075	19,4
10080	17,2
10085	19
10090	14,6
10095	17,2
10100	14,401
10105	20
10110	18,2
10115	19,601
10120	19,801
10125	17,801
10130	17,601
10135	16,4
10140	14,801
10145	17,2
10150	16,2
10155	16,801
10160	14,6
10165	16,4
10170	15,6
10175	18
10180	15,401
10185	17
10190	16,4
10195	19,801
10200	17,4
10205	14,401
10210	16,801
10215	18
10220	12,401
10225	14
10230	17
10235	14,801
10240	12,6
10245	13,801
10250	12
10255	18
10260	12,401
10265	13,2
10270	15,6
10275	11,401
10280	17,4
10285	14
10290	15
10295	13,801
10300	12,6
10305	14,801
10310	15,2
10315	17,801
10320	16,4
10325	13,401
10330	14
10335	13,2
10340	14,6
10345	16,4
10350	13,6
10355	14
10360	12,6
10365	14
10370	14,401
10375	14,2
10380	16,4
10385	14,401
10390	15,401
10395	12,401
10400	12,401
10405	12
10410	12,2
10415	13,6
10420	12,6
10425	12,801
10430	12,401
10435	12,6
10440	14,2
10445	12
10450	12,2
10455	13,401
10460	15
10465	12,6
10470	15,401
10475	11
10480	14,401
10485	17,2
10490	15,6
10495	12,401
10500	15,2
10505	12,801
10510	13,401
10515	15,2
10520	12,6
10525	12,801
10530	15
10535	12,401
10540	14,6
10545	15
10550	14,2
10555	14,6
10560	15,401
10565	16,4
10570	19,601
10575	16,2
10580	15,401
10585	16,2
10590	14,401
10595	14,6
10600	18,4
10605	15
10610	16
10615	14,801
10620	16,4
10625	16,801
10630	14,401
10635	15,801
10640	16,801
10645	14,801
10650	15,6
10655	10,6
10660	10,6
10665	10,2
10670	7,8
10675	7,401
10680	9,801
10685	8,6
10690	5,8
10695	5,8
10700	2,601
10705	2,8
10710	1,4
10715	4
10720	1,801
10725	1,801
10730	2,201
10735	2
10740	2,201
10745	0,401
10750	1
10755	0,6
10760	0,201
10765	0,801
10770	1
10775	0,201
10780	0,401
10785	0,201
10790	0,401
10795	0,401
10800	0,6
10805	0,6
10810	0,6
10815	0
10820	0,401
10825	0,401
10830	1
10835	0,6
10840	0,401
10845	0,401
10850	0
10855	0,201
10860	0,201
10865	0,201
10870	0,201
10875	0,201
10880	0,201
10885	0
10890	0
10895	0
10900	0
10905	0
10910	0
10915	0
10920	0
10925	0
10930	0
10935	0
10940	0
10945	0
10950	0
10955	0
10960	0
10965	0
10970	0
10975	0
10980	0
10985	0
10990	0
10995	0
11000	0