E,eV	dN/dE,part/eV
0	0,201
5	0
10	0,201
15	0
20	0
25	0
30	0
35	0
40	0
45	0,201
50	0
55	0
60	0
65	0
70	0
75	0
80	0
85	0,201
90	0
95	0
100	0
105	0
110	0
115	0,201
120	0
125	0
130	0
135	0,201
140	0,201
145	0
150	0
155	0
160	0
165	0
170	0
175	0
180	0
185	0
190	0
195	0
200	0
205	0
210	0
215	0
220	0
225	0,201
230	0
235	0
240	0
245	0
250	0,201
255	0
260	0
265	0
270	0
275	0
280	0
285	0
290	0,201
295	0,201
300	0
305	0
310	0,201
315	0
320	0,201
325	0,201
330	0
335	0
340	0,201
345	0
350	0
355	0
360	0
365	0
370	0
375	0
380	0
385	0,201
390	0
395	0
400	0,6
405	0
410	0
415	0
420	0
425	0,201
430	0
435	0,201
440	0,201
445	0
450	0,201
455	0
460	0
465	0
470	0,201
475	0,201
480	0,201
485	0
490	0
495	0
500	0
505	0,801
510	0
515	0
520	0
525	0
530	0,201
535	0
540	0,201
545	0
550	0
555	0
560	0
565	0,201
570	0,201
575	0,201
580	0
585	0
590	0
595	0
600	0,201
605	0,201
610	0
615	0
620	0
625	0
630	0
635	0
640	0
645	0
650	0
655	0
660	0
665	0,201
670	0
675	0
680	0
685	0,201
690	0
695	0
700	0
705	0
710	0
715	0
720	0,401
725	0
730	0
735	0,201
740	0
745	0
750	0
755	0
760	0
765	0
770	0,201
775	0
780	0,401
785	0
790	0
795	0
800	0,201
805	0
810	0
815	0
820	0,201
825	0,201
830	0,6
835	0
840	0
845	0
850	0,201
855	0,201
860	0
865	0,201
870	0
875	0,401
880	0,401
885	0
890	0,201
895	0
900	0,201
905	0,401
910	0,401
915	0
920	0
925	0,201
930	0,401
935	0,201
940	0
945	0
950	0
955	0
960	0
965	0,201
970	0
975	0
980	0
985	0,201
990	0
995	0
1000	0
1005	0,201
1010	0,201
1015	0,401
1020	0
1025	0,401
1030	0
1035	0,201
1040	0,201
1045	0
1050	0
1055	0
1060	0
1065	0,201
1070	0,201
1075	0,201
1080	0
1085	0,201
1090	0
1095	0,201
1100	0,201
1105	0,201
1110	0
1115	0
1120	0
1125	0
1130	0
1135	0
1140	0
1145	0
1150	0
1155	0,401
1160	0,201
1165	0
1170	0,401
1175	0
1180	0,201
1185	0
1190	0,6
1195	0
1200	0
1205	0
1210	0
1215	0
1220	0
1225	0
1230	0
1235	0,201
1240	0
1245	0
1250	0
1255	0
1260	0
1265	0,201
1270	0
1275	0,6
1280	0,201
1285	0,201
1290	0,201
1295	0,201
1300	0,201
1305	0,201
1310	0,201
1315	0,201
1320	0,401
1325	0
1330	0
1335	0,401
1340	0,201
1345	0
1350	0,401
1355	0
1360	0,201
1365	0
1370	0
1375	0,201
1380	0
1385	0,401
1390	0
1395	0,201
1400	0,201
1405	0,201
1410	0
1415	0
1420	0
1425	0,201
1430	0,201
1435	0
1440	0,201
1445	0,201
1450	0
1455	0,401
1460	0
1465	0
1470	0
1475	0,6
1480	0
1485	0
1490	0
1495	0
1500	0
1505	0,201
1510	0
1515	0,201
1520	0
1525	0,201
1530	0
1535	0
1540	0
1545	0
1550	0,201
1555	0
1560	0
1565	0
1570	0
1575	0,201
1580	0,201
1585	0,401
1590	0
1595	0
1600	0
1605	0
1610	0,201
1615	0,201
1620	0,201
1625	0
1630	0
1635	0
1640	0,801
1645	0,201
1650	0,201
1655	0
1660	0
1665	0,401
1670	0
1675	0
1680	0
1685	0
1690	0,201
1695	0
1700	0
1705	0,401
1710	0,201
1715	0
1720	0
1725	0
1730	0
1735	0
1740	0,201
1745	0
1750	0
1755	0
1760	0,201
1765	0
1770	0
1775	0
1780	0
1785	0
1790	0,401
1795	0
1800	0,201
1805	0,401
1810	0
1815	0
1820	0
1825	0,201
1830	0,201
1835	0
1840	0
1845	0,401
1850	0,201
1855	0,201
1860	0
1865	0,201
1870	0
1875	0
1880	0
1885	0,6
1890	0,201
1895	0
1900	0
1905	0
1910	0
1915	0
1920	0
1925	0,401
1930	0,201
1935	0,201
1940	0
1945	0,201
1950	0
1955	0,401
1960	0
1965	0,801
1970	0,201
1975	0
1980	0,6
1985	0
1990	0
1995	0
2000	0
2005	0
2010	0
2015	0
2020	0,401
2025	0
2030	0,201
2035	0,801
2040	0
2045	0
2050	0
2055	0,201
2060	0
2065	0
2070	0
2075	0
2080	0,6
2085	0,201
2090	0
2095	0
2100	1
2105	0,401
2110	0
2115	0
2120	0,201
2125	0,401
2130	0
2135	0,401
2140	0
2145	0
2150	0,401
2155	0
2160	0
2165	0,201
2170	0,201
2175	0
2180	0
2185	0
2190	0
2195	0,401
2200	0
2205	0,201
2210	0
2215	0
2220	0
2225	0
2230	0,201
2235	0
2240	0
2245	0,201
2250	0
2255	0,201
2260	0
2265	0
2270	0,201
2275	0
2280	0,201
2285	0,401
2290	0,201
2295	0,201
2300	0
2305	0,201
2310	0
2315	0,401
2320	0
2325	0
2330	0
2335	0
2340	0,401
2345	0,201
2350	0,201
2355	0
2360	0,201
2365	0
2370	0
2375	0,401
2380	0
2385	0
2390	0
2395	0
2400	0
2405	0,401
2410	0,201
2415	0,201
2420	0
2425	0,401
2430	0
2435	0
2440	0
2445	0
2450	0,201
2455	0,201
2460	0
2465	0
2470	0,201
2475	0,201
2480	0,401
2485	0
2490	0
2495	0
2500	0
2505	0,201
2510	0,201
2515	0
2520	0,201
2525	0
2530	0
2535	0
2540	0
2545	0
2550	0
2555	0
2560	0
2565	0
2570	0,6
2575	0
2580	0,401
2585	0,401
2590	0
2595	0
2600	0
2605	0
2610	0
2615	0,401
2620	0,201
2625	0
2630	0,201
2635	0
2640	0,401
2645	0
2650	0
2655	0
2660	0
2665	0
2670	0
2675	0
2680	0
2685	0
2690	0,201
2695	0
2700	0,401
2705	0
2710	0,201
2715	0
2720	0,201
2725	0
2730	0
2735	0,401
2740	0
2745	0
2750	0
2755	0
2760	0
2765	0,401
2770	0
2775	0
2780	0,201
2785	0,201
2790	0
2795	0
2800	0,201
2805	0
2810	0,201
2815	0
2820	0
2825	0,401
2830	0
2835	0,201
2840	0
2845	0,201
2850	0
2855	0
2860	0,401
2865	0
2870	0
2875	0,401
2880	0
2885	0
2890	0,401
2895	0
2900	0
2905	0,401
2910	0,201
2915	0,401
2920	0,201
2925	0,201
2930	0,201
2935	0
2940	0,201
2945	0,201
2950	0,201
2955	0
2960	0
2965	0
2970	0,201
2975	0
2980	0
2985	0,401
2990	0,201
2995	0,201
3000	0,6
3005	0,6
3010	0
3015	0
3020	0
3025	0
3030	0
3035	0,401
3040	0,201
3045	0,6
3050	0
3055	0
3060	0,201
3065	0,201
3070	0,201
3075	0,401
3080	0
3085	0,201
3090	0
3095	0
3100	0,201
3105	0,401
3110	0,6
3115	0
3120	0,201
3125	0,201
3130	0,401
3135	0,401
3140	0
3145	0
3150	0,201
3155	0
3160	0,201
3165	0
3170	0
3175	0,201
3180	0
3185	0,201
3190	0
3195	0
3200	0
3205	0
3210	0,201
3215	0
3220	0
3225	0,401
3230	0
3235	0
3240	0
3245	0,401
3250	0
3255	0
3260	0
3265	0
3270	0
3275	0
3280	0,401
3285	0,6
3290	0,201
3295	0,201
3300	0
3305	0,201
3310	0
3315	0,201
3320	0
3325	0,201
3330	0
3335	0
3340	0,201
3345	0
3350	0,401
3355	0,201
3360	0,201
3365	0,201
3370	0,401
3375	0
3380	0,401
3385	0
3390	0,201
3395	0,401
3400	0
3405	0
3410	0,201
3415	0
3420	0
3425	0
3430	0
3435	0,201
3440	0
3445	0
3450	0
3455	0,201
3460	0,401
3465	0
3470	0,201
3475	0
3480	0
3485	0
3490	0,201
3495	0,401
3500	0,401
3505	0
3510	0
3515	0,201
3520	0
3525	0,6
3530	0,401
3535	0
3540	0
3545	0,201
3550	0
3555	0,401
3560	0,201
3565	0
3570	0,201
3575	0,201
3580	0
3585	0,201
3590	0
3595	0
3600	0,201
3605	0
3610	0,401
3615	0
3620	0,201
3625	0
3630	0
3635	0
3640	0
3645	0
3650	0,401
3655	0,201
3660	0
3665	0,401
3670	0
3675	0,201
3680	0,401
3685	0,401
3690	0,401
3695	0,201
3700	0,201
3705	0,201
3710	0
3715	0,401
3720	0
3725	0
3730	0
3735	0,401
3740	0
3745	0
3750	0
3755	0
3760	0,6
3765	0,201
3770	0
3775	0
3780	0
3785	0,201
3790	0
3795	0,801
3800	0
3805	0
3810	0,201
3815	0
3820	0
3825	0
3830	0,201
3835	0,201
3840	0,201
3845	0,401
3850	0,401
3855	0,201
3860	0
3865	0,801
3870	0,401
3875	0,201
3880	0,201
3885	0
3890	0,201
3895	0,201
3900	0
3905	0,201
3910	0
3915	0,401
3920	0,201
3925	0
3930	0
3935	0,201
3940	0
3945	0,201
3950	0
3955	0
3960	0,401
3965	0,401
3970	0
3975	0,201
3980	0,201
3985	0,201
3990	0
3995	0
4000	0,401
4005	0,201
4010	0
4015	0,201
4020	0,401
4025	0,201
4030	0
4035	0,401
4040	0,201
4045	0,401
4050	0,201
4055	0,6
4060	0,401
4065	0,201
4070	0
4075	0,401
4080	0,201
4085	0
4090	0,401
4095	0
4100	0,201
4105	0
4110	0,201
4115	0,401
4120	0
4125	0
4130	0,401
4135	0,201
4140	0
4145	0,201
4150	0,201
4155	0
4160	0
4165	0,201
4170	0,201
4175	0,201
4180	0
4185	0,6
4190	0,201
4195	0,201
4200	0,201
4205	0,401
4210	0,401
4215	0
4220	0,401
4225	0
4230	0,201
4235	0,801
4240	0,401
4245	0
4250	0,201
4255	0,201
4260	0,201
4265	0,401
4270	0
4275	0,6
4280	0,201
4285	0,201
4290	0,201
4295	0,201
4300	0
4305	0,201
4310	0,201
4315	0,401
4320	0,201
4325	0,6
4330	0
4335	0,201
4340	0
4345	0
4350	0,401
4355	0,201
4360	0,201
4365	0,201
4370	0,201
4375	0,401
4380	0
4385	0
4390	0,201
4395	0
4400	0
4405	0,201
4410	0,401
4415	0,201
4420	0
4425	0
4430	0,801
4435	0,801
4440	0
4445	0,201
4450	0,201
4455	0
4460	0,401
4465	0,201
4470	0,201
4475	0,401
4480	0,401
4485	0,201
4490	0
4495	0
4500	0,6
4505	0,201
4510	0
4515	0,201
4520	0
4525	0,201
4530	0
4535	0,401
4540	0,6
4545	0
4550	0,401
4555	0,6
4560	0,6
4565	0,201
4570	0,6
4575	0
4580	0
4585	0,201
4590	0,201
4595	0,201
4600	0,201
4605	0
4610	0,201
4615	0
4620	0,201
4625	0
4630	0,6
4635	0
4640	0,201
4645	0,201
4650	1
4655	0
4660	0,6
4665	0,201
4670	0
4675	0,401
4680	0,401
4685	0
4690	0,201
4695	0,201
4700	0,201
4705	0
4710	0
4715	0
4720	0,201
4725	0
4730	0
4735	1
4740	0
4745	0,401
4750	0
4755	0,201
4760	0,401
4765	0
4770	0,6
4775	0,201
4780	0,201
4785	0
4790	0,801
4795	0,201
4800	0,201
4805	0,201
4810	0,201
4815	0
4820	0,401
4825	0,201
4830	0,401
4835	0,801
4840	0
4845	0,201
4850	0,201
4855	0
4860	0
4865	0
4870	0,401
4875	0,401
4880	0,801
4885	0,401
4890	0,201
4895	0
4900	0,401
4905	0,401
4910	0
4915	0,401
4920	0,201
4925	0
4930	0
4935	0,401
4940	1
4945	0,201
4950	0,401
4955	0
4960	0
4965	0,6
4970	0,6
4975	0,401
4980	0,201
4985	0,201
4990	0
4995	0,201
5000	0,201
5005	0,6
5010	0,401
5015	0,401
5020	0,801
5025	0,201
5030	0,6
5035	0,6
5040	0,201
5045	0
5050	0
5055	0,401
5060	0,401
5065	0,201
5070	0,6
5075	0,6
5080	0,6
5085	0
5090	0,6
5095	0,201
5100	0,201
5105	0,801
5110	0,401
5115	0,201
5120	0,201
5125	0,201
5130	0,401
5135	0,201
5140	0,201
5145	0,201
5150	0,201
5155	0
5160	0
5165	0,201
5170	0,201
5175	0
5180	0,201
5185	0,401
5190	0,401
5195	0,401
5200	0,6
5205	0,801
5210	0
5215	0,401
5220	0,401
5225	0,201
5230	0,201
5235	0,401
5240	0,6
5245	0,201
5250	0,201
5255	0,6
5260	0,6
5265	0,201
5270	0,401
5275	0
5280	0
5285	0,201
5290	0,201
5295	0,201
5300	0,6
5305	0,6
5310	0,201
5315	0,801
5320	0,401
5325	0,201
5330	0,201
5335	0,401
5340	0,801
5345	0,201
5350	0,201
5355	0,201
5360	0
5365	0,201
5370	0,201
5375	0,6
5380	0,6
5385	0,401
5390	0,401
5395	0,401
5400	0
5405	0
5410	0,401
5415	0,401
5420	0,401
5425	0
5430	1
5435	1
5440	1
5445	0
5450	0,401
5455	0
5460	1,2
5465	0,801
5470	0,201
5475	0,201
5480	0,201
5485	1,601
5490	0,801
5495	0,6
5500	0,401
5505	0
5510	0
5515	0,401
5520	0,201
5525	0,801
5530	0
5535	0,401
5540	0,401
5545	0,201
5550	0
5555	0,201
5560	0,801
5565	0,201
5570	0,6
5575	0,6
5580	0,201
5585	1
5590	0,6
5595	0
5600	0,401
5605	0,201
5610	0,401
5615	0,6
5620	0,401
5625	0
5630	0,401
5635	0
5640	0,401
5645	0,801
5650	0,401
5655	0,6
5660	0,801
5665	0,6
5670	0,801
5675	0,801
5680	0,801
5685	0,401
5690	0,401
5695	0,6
5700	0,201
5705	0,201
5710	0,401
5715	0,401
5720	0
5725	0,401
5730	1
5735	0,201
5740	0,201
5745	0
5750	0,401
5755	0,6
5760	0,201
5765	0,201
5770	1,2
5775	0,401
5780	0,201
5785	1,2
5790	0,6
5795	0,401
5800	0,401
5805	0,6
5810	0,6
5815	1
5820	0,201
5825	0,201
5830	0,401
5835	0,6
5840	0
5845	0,801
5850	0,201
5855	0,201
5860	1
5865	0,6
5870	0,6
5875	1
5880	0,201
5885	0,801
5890	0,6
5895	0,6
5900	1
5905	0,401
5910	0
5915	0,401
5920	0,201
5925	0,401
5930	0,201
5935	0,6
5940	0,401
5945	0,401
5950	0,401
5955	0,801
5960	0
5965	0,801
5970	1
5975	0,201
5980	0,201
5985	0,6
5990	0,6
5995	0,801
6000	0,201
6005	0,401
6010	0,6
6015	0
6020	0,201
6025	0,401
6030	0,801
6035	0,201
6040	0,6
6045	1
6050	0,201
6055	0,201
6060	0,401
6065	0,6
6070	0,6
6075	0,801
6080	0,401
6085	0
6090	0,401
6095	0,201
6100	0,401
6105	0,6
6110	0,6
6115	0
6120	0,6
6125	0,6
6130	0,401
6135	0,6
6140	1
6145	0,6
6150	0,801
6155	0,401
6160	0,201
6165	0,6
6170	0,201
6175	0,201
6180	0,401
6185	0,801
6190	0,6
6195	0,401
6200	0,6
6205	0,801
6210	0,401
6215	0
6220	0,401
6225	0,201
6230	1,2
6235	1
6240	0,401
6245	1
6250	0,401
6255	0,201
6260	0,801
6265	0,801
6270	1,601
6275	0,401
6280	0,201
6285	0,6
6290	1
6295	0,6
6300	0,801
6305	1,2
6310	0,6
6315	0,6
6320	0,401
6325	0,401
6330	0
6335	0,6
6340	1,2
6345	0,6
6350	1
6355	1,2
6360	0,801
6365	0
6370	0,401
6375	0,6
6380	0,801
6385	0,401
6390	0
6395	0,201
6400	0,401
6405	0,401
6410	1
6415	0,401
6420	0,401
6425	1
6430	0,6
6435	0,801
6440	0,201
6445	0,201
6450	1,2
6455	0,401
6460	0,401
6465	1,2
6470	0,201
6475	0,801
6480	0,6
6485	0
6490	0,201
6495	0,6
6500	0,801
6505	0,6
6510	0,6
6515	0,801
6520	1,801
6525	0,401
6530	0,401
6535	0,201
6540	1
6545	1,2
6550	1
6555	0,801
6560	0,6
6565	0
6570	0,401
6575	0,401
6580	1
6585	0,401
6590	1
6595	0,6
6600	0,201
6605	1,2
6610	1,2
6615	0,801
6620	0,6
6625	0,6
6630	0,401
6635	0,201
6640	0,801
6645	0,801
6650	0,6
6655	1
6660	1,2
6665	1,4
6670	0,6
6675	0,6
6680	1,4
6685	1
6690	0,801
6695	0,6
6700	0,801
6705	0,801
6710	1
6715	0,801
6720	1
6725	0,401
6730	0,6
6735	1,801
6740	0,6
6745	1,2
6750	0,6
6755	0,6
6760	0,401
6765	0,201
6770	1
6775	1
6780	0,201
6785	1,601
6790	1
6795	1
6800	0,201
6805	1,4
6810	0,801
6815	0,401
6820	0,6
6825	0,801
6830	1,4
6835	0,6
6840	0,401
6845	0,801
6850	0,401
6855	0,801
6860	0,401
6865	0,6
6870	0,6
6875	0,6
6880	0,801
6885	1
6890	1
6895	1,4
6900	0,6
6905	0,401
6910	0,201
6915	0,6
6920	0,6
6925	0,801
6930	0,6
6935	1,2
6940	0,401
6945	1,2
6950	1,2
6955	1,601
6960	1,4
6965	0,801
6970	0,6
6975	0,6
6980	0,201
6985	1,801
6990	0,401
6995	1
7000	0,401
7005	1,2
7010	1,601
7015	0,801
7020	0,801
7025	1
7030	1
7035	0,801
7040	0,401
7045	1,4
7050	1,2
7055	0,201
7060	1,2
7065	1,4
7070	0,6
7075	0,6
7080	1,801
7085	0,801
7090	1,601
7095	1,2
7100	0,6
7105	1,801
7110	1,2
7115	1
7120	1
7125	0,6
7130	1
7135	0,6
7140	1
7145	1,2
7150	1,2
7155	2
7160	1,601
7165	1,4
7170	1,4
7175	1,2
7180	0,401
7185	1
7190	1,4
7195	1,4
7200	1,601
7205	1,4
7210	0,6
7215	1,2
7220	1
7225	1,2
7230	1
7235	1,601
7240	1,4
7245	1
7250	0,801
7255	0,401
7260	0,6
7265	1,601
7270	0,401
7275	1
7280	1
7285	1,801
7290	1,2
7295	0,6
7300	1,801
7305	1
7310	0,801
7315	1,801
7320	0,6
7325	0,401
7330	0,801
7335	0,201
7340	1,4
7345	1,801
7350	0,6
7355	1,2
7360	0,801
7365	1,601
7370	0,201
7375	1,801
7380	1,2
7385	1,801
7390	0,801
7395	0,801
7400	0,201
7405	1
7410	0,801
7415	1,801
7420	1,2
7425	2,8
7430	1,801
7435	0,401
7440	0,801
7445	1
7450	0,801
7455	0,401
7460	2,201
7465	1,601
7470	1
7475	1,4
7480	0,6
7485	1,2
7490	1,801
7495	0,6
7500	1
7505	1,801
7510	2
7515	1,801
7520	1
7525	2,201
7530	0,6
7535	2,201
7540	1,4
7545	2
7550	1,2
7555	1
7560	2,4
7565	2,601
7570	0,801
7575	1,601
7580	1
7585	1,4
7590	1,601
7595	1,4
7600	1,801
7605	1,801
7610	1,801
7615	2,201
7620	3
7625	1,2
7630	2,4
7635	1,801
7640	2,201
7645	1,801
7650	1,601
7655	1
7660	1,4
7665	1
7670	0,801
7675	1,2
7680	1
7685	2,201
7690	2,201
7695	2,4
7700	1,4
7705	2,601
7710	1,601
7715	2,4
7720	2,601
7725	0,401
7730	2,4
7735	1,601
7740	2
7745	1,601
7750	2
7755	1,601
7760	1,601
7765	2,601
7770	2,601
7775	3,201
7780	1,601
7785	1,2
7790	2,4
7795	2,601
7800	2,201
7805	1,2
7810	2
7815	1,4
7820	2,601
7825	1,601
7830	1,601
7835	1,2
7840	2,201
7845	2
7850	1,801
7855	2,4
7860	1,2
7865	1,4
7870	1,601
7875	1
7880	2,4
7885	2,4
7890	1,4
7895	2,8
7900	1,4
7905	1,4
7910	1,2
7915	1,801
7920	2,201
7925	1,801
7930	1,4
7935	1,801
7940	2,601
7945	2,601
7950	2,601
7955	1,601
7960	1,801
7965	1,801
7970	2,201
7975	1,4
7980	1,2
7985	3,4
7990	3
7995	2,201
8000	2,4
8005	2,201
8010	2,8
8015	2,201
8020	3,8
8025	1,801
8030	2,8
8035	2,201
8040	2,601
8045	3
8050	2,601
8055	1,4
8060	2
8065	2,201
8070	2,4
8075	3,8
8080	4,201
8085	1,801
8090	2,201
8095	1,601
8100	2,4
8105	2,4
8110	2,601
8115	2,8
8120	3,201
8125	2
8130	2
8135	2
8140	3
8145	2
8150	2
8155	2,601
8160	1,4
8165	2,4
8170	2,601
8175	1,601
8180	1,4
8185	2,4
8190	3,4
8195	3
8200	2,4
8205	2,4
8210	3
8215	3,8
8220	2,8
8225	1,601
8230	2,601
8235	4,201
8240	1,801
8245	2,201
8250	2,4
8255	2,601
8260	3
8265	3,4
8270	3,201
8275	2,8
8280	2,8
8285	2,8
8290	2,8
8295	2,601
8300	3,8
8305	1,2
8310	3,201
8315	1,801
8320	1,801
8325	2,8
8330	3,4
8335	2,8
8340	4,6
8345	2,601
8350	3,201
8355	2
8360	3,601
8365	3,8
8370	2,8
8375	2,8
8380	2,4
8385	2,201
8390	1,801
8395	3
8400	3,601
8405	1,801
8410	2,201
8415	2,601
8420	4
8425	2
8430	4
8435	3,601
8440	3,4
8445	3,8
8450	5
8455	3,4
8460	2,8
8465	2,8
8470	3
8475	2,8
8480	2,8
8485	3,201
8490	3,8
8495	4
8500	4,401
8505	3,601
8510	2,8
8515	4,201
8520	3
8525	3,201
8530	3,4
8535	4,401
8540	3,201
8545	3,601
8550	5
8555	3,4
8560	3,201
8565	4,8
8570	3,4
8575	4
8580	4
8585	2,601
8590	4,201
8595	3,8
8600	4
8605	3,601
8610	3,601
8615	2,8
8620	4,6
8625	4,401
8630	3,4
8635	4
8640	4,401
8645	3,601
8650	4,201
8655	6
8660	3,8
8665	3,4
8670	5
8675	5,201
8680	4,401
8685	3,4
8690	4
8695	4,6
8700	5,6
8705	4,401
8710	4
8715	2,8
8720	5,201
8725	3,601
8730	4
8735	4
8740	5,6
8745	6,201
8750	5,6
8755	4,6
8760	5,6
8765	3,601
8770	5,8
8775	3,601
8780	6,401
8785	4,401
8790	3,4
8795	4,8
8800	5,6
8805	3,601
8810	4,6
8815	5,8
8820	5,6
8825	5,401
8830	5
8835	4
8840	3,601
8845	4
8850	4,6
8855	7,401
8860	4,201
8865	4,201
8870	6
8875	4,8
8880	4,8
8885	5,201
8890	4,401
8895	5
8900	5
8905	3,8
8910	3,8
8915	6
8920	5,401
8925	4
8930	5,401
8935	4,401
8940	5,6
8945	4,401
8950	5,201
8955	5,8
8960	6,8
8965	5,201
8970	5,401
8975	4,6
8980	6,6
8985	4,8
8990	5,8
8995	6,201
9000	6
9005	6,401
9010	5,401
9015	6,401
9020	5
9025	6,401
9030	9,801
9035	5,8
9040	8,6
9045	9,401
9050	8,401
9055	7,6
9060	7
9065	5,201
9070	6,6
9075	4,201
9080	4,8
9085	6,6
9090	7
9095	7
9100	7,401
9105	5,6
9110	6,8
9115	7
9120	5,6
9125	6,401
9130	6,8
9135	9,2
9140	7,6
9145	6,6
9150	5,8
9155	7,401
9160	8,6
9165	5,401
9170	8,401
9175	9,401
9180	7
9185	8,2
9190	9
9195	7,201
9200	8,6
9205	8,801
9210	7
9215	7,6
9220	7
9225	8,2
9230	8,2
9235	6,6
9240	5,8
9245	10,6
9250	8
9255	9,2
9260	8
9265	8,801
9270	8,2
9275	6,401
9280	7,6
9285	9
9290	9,801
9295	8,6
9300	7,401
9305	8,6
9310	7,8
9315	10
9320	10,801
9325	11,401
9330	10,6
9335	9,6
9340	8,401
9345	9,6
9350	9
9355	10,401
9360	11,2
9365	11,2
9370	11,6
9375	10
9380	8,801
9385	11,401
9390	10
9395	10,401
9400	9,6
9405	9,2
9410	10,2
9415	7,8
9420	9
9425	10,801
9430	11
9435	9,401
9440	12,801
9445	11,6
9450	10,401
9455	9,2
9460	8,801
9465	10,801
9470	10,6
9475	9,401
9480	13
9485	11
9490	11,801
9495	11,6
9500	10,2
9505	14,401
9510	9,2
9515	9,801
9520	12,801
9525	10,6
9530	14
9535	13
9540	16,2
9545	12,6
9550	11,401
9555	13,2
9560	9
9565	16,2
9570	14,401
9575	15,401
9580	13,2
9585	14,6
9590	17,801
9595	14
9600	13,2
9605	10,2
9610	12,2
9615	13,401
9620	13,801
9625	14,801
9630	15,6
9635	19,2
9640	16
9645	16,2
9650	15
9655	16
9660	17,801
9665	16,601
9670	19,2
9675	16,801
9680	14,6
9685	18,2
9690	19,2
9695	16,801
9700	18
9705	18,2
9710	17,2
9715	15,6
9720	19,2
9725	18,2
9730	19,801
9735	16,2
9740	18,801
9745	21
9750	25
9755	17,2
9760	20,4
9765	19,601
9770	14,401
9775	18,4
9780	17,4
9785	18,4
9790	19,601
9795	16
9800	20
9805	22,801
9810	17,601
9815	19,601
9820	21,4
9825	18,601
9830	23,801
9835	19,2
9840	19,4
9845	20,4
9850	21,601
9855	16,4
9860	23
9865	25,601
9870	18,4
9875	20,801
9880	19,801
9885	19,801
9890	23
9895	19,4
9900	19,2
9905	21
9910	17,4
9915	18,2
9920	18
9925	21,4
9930	20,801
9935	19,801
9940	14,6
9945	20
9950	18,2
9955	19,2
9960	19,601
9965	19,601
9970	18,601
9975	20,2
9980	17,601
9985	18,601
9990	20
9995	17,2
10000	18
10005	16
10010	13,401
10015	21,801
10020	18,601
10025	16,4
10030	23,801
10035	18,801
10040	20,4
10045	18,4
10050	18,601
10055	16,601
10060	22
10065	19,4
10070	22,601
10075	19,2
10080	18,2
10085	19,4
10090	20,601
10095	19,801
10100	18,601
10105	19,601
10110	20,801
10115	20,801
10120	20,801
10125	20,4
10130	20,2
10135	19,2
10140	17,801
10145	14
10150	18,4
10155	18,801
10160	19
10165	22,2
10170	21,2
10175	21,2
10180	21,4
10185	18,4
10190	19,601
10195	18,601
10200	17,4
10205	20,4
10210	20,4
10215	19
10220	15,801
10225	22,2
10230	16,4
10235	20,2
10240	18,4
10245	17,601
10250	19,801
10255	18,2
10260	14,801
10265	18,601
10270	18,2
10275	20,4
10280	21,4
10285	20,2
10290	22,4
10295	18,801
10300	18,4
10305	17,2
10310	15
10315	18,2
10320	19
10325	16,601
10330	20,601
10335	16
10340	18,2
10345	15
10350	18,4
10355	18,801
10360	20
10365	18,2
10370	17,601
10375	19
10380	20
10385	21,4
10390	24
10395	20,601
10400	20,2
10405	16,801
10410	19,801
10415	17,2
10420	16
10425	23,4
10430	21,4
10435	20,4
10440	17
10445	20,2
10450	23,601
10455	18
10460	19,601
10465	18,801
10470	19
10475	17,4
10480	17,4
10485	17
10490	18,801
10495	22,4
10500	23,2
10505	21,801
10510	24,2
10515	22
10520	24,601
10525	21,2
10530	23,801
10535	22,601
10540	20,601
10545	23,601
10550	27,2
10555	26
10560	25,601
10565	29,4
10570	25
10575	28,2
10580	22,2
10585	24,601
10590	24,4
10595	26
10600	29,801
10605	25,2
10610	32
10615	29,4
10620	29
10625	24,4
10630	26,601
10635	24,4
10640	25,4
10645	26,2
10650	23,801
10655	21,801
10660	18,4
10665	19,601
10670	18,4
10675	12,401
10680	17,601
10685	12,801
10690	14
10695	12,801
10700	8,6
10705	7,401
10710	3,8
10715	5
10720	3,8
10725	3,4
10730	3,4
10735	2,601
10740	2,201
10745	3,201
10750	2,4
10755	1,801
10760	1,2
10765	2,201
10770	1,2
10775	1,2
10780	1,2
10785	1
10790	1,2
10795	0,401
10800	1
10805	0,401
10810	0,801
10815	0,801
10820	1,4
10825	1
10830	2
10835	1,2
10840	1
10845	0
10850	0,201
10855	0,801
10860	0,6
10865	0,401
10870	0
10875	0
10880	0
10885	0,201
10890	0,201
10895	0
10900	0
10905	0
10910	0
10915	0
10920	0
10925	0
10930	0
10935	0
10940	0
10945	0
10950	0
10955	0
10960	0
10965	0
10970	0
10975	0
10980	0
10985	0
10990	0
10995	0
11000	0