E,eV	N,part
0	64998
10	24583
20	7118
30	3494
40	2079
50	1404
60	1025
70	762
80	596
90	510
100	424
110	385
120	306
130	278
140	258
150	218
160	239
170	206
180	155
190	154
200	140
210	140
220	122
230	124
240	90
250	89
260	74
270	105
280	62
290	73
300	77
310	66
320	57
330	64
340	58
350	42
360	44
370	43
380	49
390	41
400	38
410	40
420	35
430	28
440	35
450	38
460	30
470	30
480	26
490	24
500	26
510	18
520	22
530	24
540	24
550	21
560	17
570	26
580	22
590	14
600	29
610	12
620	18
630	16
640	15
650	15
660	12
670	20
680	21
690	20
700	7
710	10
720	11
730	16
740	13
750	19
760	9
770	10
780	8
790	10
800	11
810	14
820	6
830	14
840	9
850	14
860	17
870	12
880	5
890	6
900	7
910	6
920	8
930	17
940	13
950	17
960	9
970	5
980	8
990	6
1000	5
1010	3
1020	6
1030	9
1040	9
1050	14
1060	9
1070	8
1080	4
1090	8
1100	6
1110	7
1120	10
1130	6
1140	5
1150	7
1160	7
1170	9
1180	3
1190	9
1200	11
1210	9
1220	6
1230	7
1240	7
1250	12
1260	14
1270	10
1280	14
1290	16
1300	21
1310	34
1320	56
1330	96
1340	400
1350	480
1360	476
1370	406
1380	405
1390	391
1400	360
1410	401
1420	354
1430	62
1440	23
1450	6
1460	21
1470	3
1480	9
1490	12
1500	9
1510	7
1520	4
1530	5
1540	6
1550	4
1560	2
1570	5
1580	4
1590	3
1600	3
1610	5
1620	6
1630	4
1640	4
1650	6
1660	2
1670	2
1680	2
1690	3
1700	4
1710	5
1720	3
1730	5
1740	6
1750	2
1760	2
1770	3
1780	2
1790	1
1800	1
1810	1
1820	2
1830	5
1840	0
1850	4
1860	4
1870	2
1880	4
1890	5
1900	1
1910	0
1920	1
1930	4
1940	5
1950	4
1960	6
1970	5
1980	2
1990	3
2000	2
2010	2
2020	2
2030	4
2040	1
2050	3
2060	2
2070	1
2080	0
2090	2
2100	2
2110	4
2120	2
2130	3
2140	0
2150	2
2160	0
2170	4
2180	2
2190	2
2200	6
2210	4
2220	3
2230	2
2240	4
2250	4
2260	2
2270	1
2280	2
2290	1
2300	1
2310	2
2320	2
2330	0
2340	4
2350	5
2360	5
2370	3
2380	2
2390	1
2400	2
2410	4
2420	5
2430	2
2440	4
2450	3
2460	3
2470	1
2480	4
2490	6
2500	2
2510	8
2520	18
2530	11
2540	51
2550	113
2560	88
2570	115
2580	112
2590	116
2600	83
2610	88
2620	103
2630	84
2640	106
2650	90
2660	110
2670	94
2680	81
2690	88
2700	108
2710	79
2720	16
2730	4
2740	2
2750	3
2760	0
2770	3
2780	0
2790	2
2800	2
2810	1
2820	1
2830	3
2840	2
2850	1
2860	1
2870	5
2880	1
2890	3
2900	0
2910	3
2920	3
2930	2
2940	0
2950	0
2960	1
2970	1
2980	1
2990	3
3000	1
3010	0
3020	4
3030	1
3040	0
3050	1
3060	0
3070	3
3080	2
3090	2
3100	0
3110	2
3120	2
3130	2
3140	1
3150	1
3160	0
3170	1
3180	1
3190	1
3200	0
3210	0
3220	0
3230	1
3240	1
3250	1
3260	2
3270	1
3280	1
3290	1
3300	2
3310	0
3320	1
3330	1
3340	0
3350	2
3360	2
3370	1
3380	0
3390	2
3400	2
3410	2
3420	1
3430	0
3440	1
3450	0
3460	1
3470	0
3480	0
3490	0
3500	1
3510	1
3520	1
3530	1
3540	1
3550	0
3560	2
3570	0
3580	1
3590	1
3600	0
3610	0
3620	0
3630	0
3640	2
3650	0
3660	1
3670	2
3680	0
3690	1
3700	1
3710	1
3720	2
3730	0
3740	1
3750	2
3760	1
3770	1
3780	0
3790	0
3800	0
3810	3
3820	0
3830	0
3840	0
3850	0
3860	0
3870	0
3880	0
3890	0
3900	0
3910	1
3920	0
3930	0
3940	0
3950	1
3960	2
3970	1
3980	2
3990	0
4000	1
4010	1
4020	0
4030	0
4040	0
4050	1
4060	0
4070	0
4080	0
4090	1
4100	2
4110	0
4120	1
4130	2
4140	1
4150	0
4160	0
4170	0
4180	0
4190	1
4200	0
4210	0
4220	0
4230	1
4240	1
4250	1
4260	0
4270	1
4280	0
4290	1
4300	0
4310	0
4320	0
4330	0
4340	0
4350	0
4360	1
4370	0
4380	0
4390	0
4400	3
4410	0
4420	1
4430	4
4440	0
4450	0
4460	0
4470	1
4480	1
4490	1
4500	1
4510	0
4520	0
4530	0
4540	0
4550	4
4560	1
4570	1
4580	0
4590	0
4600	0
4610	0
4620	1
4630	0
4640	0
4650	0
4660	1
4670	0
4680	1
4690	0
4700	0
4710	0
4720	0
4730	0
4740	0
4750	1
4760	0
4770	0
4780	1
4790	0
4800	0
4810	0
4820	0
4830	0
4840	0
4850	0
4860	0
4870	0
4880	0
4890	0
4900	0
4910	0
4920	1
4930	0
4940	1
4950	0
4960	0
4970	1
4980	2
4990	0
5000	0
5010	0
5020	1
5030	1
5040	1
5050	0
5060	0
5070	1
5080	0
5090	1
5100	1
5110	0
5120	1
5130	0
5140	0
5150	0
5160	1
5170	1
5180	0
5190	0
5200	0
5210	0
5220	0
5230	0
5240	0
5250	0
5260	0
5270	0
5280	0
5290	0
5300	0
5310	2
5320	0
5330	1
5340	1
5350	0
5360	0
5370	0
5380	0
5390	0
5400	0
5410	0
5420	1
5430	0
5440	1
5450	1
5460	2
5470	0
5480	0
5490	0
5500	0
5510	0
5520	0
5530	0
5540	0
5550	0
5560	1
5570	1
5580	0
5590	2
5600	0
5610	0
5620	1
5630	0
5640	1
5650	0
5660	0
5670	1
5680	1
5690	1
5700	0
5710	0
5720	1
5730	2
5740	0
5750	0
5760	1
5770	1
5780	0
5790	2
5800	0
5810	1
5820	0
5830	1
5840	1
5850	0
5860	1
5870	1
5880	2
5890	0
5900	0
5910	0
5920	0
5930	0
5940	0
5950	1
5960	0
5970	0
5980	0
5990	0
6000	0
6010	0
6020	1
6030	1
6040	1
6050	0
6060	0
6070	0
6080	0
6090	0
6100	0
6110	0
6120	0
6130	2
6140	1
6150	1
6160	0
6170	1
6180	0
6190	0
6200	1
6210	2
6220	1
6230	1
6240	0
6250	2
6260	0
6270	0
6280	0
6290	0
6300	0
6310	2
6320	1
6330	1
6340	1
6350	1
6360	0
6370	1
6380	0
6390	0
6400	2
6410	0
6420	0
6430	1
6440	0
6450	1
6460	0
6470	0
6480	3
6490	0
6500	0
6510	1
6520	1
6530	2
6540	0
6550	1
6560	1
6570	0
6580	0
6590	0
6600	1
6610	1
6620	1
6630	1
6640	0
6650	1
6660	1
6670	2
6680	1
6690	1
6700	1
6710	0
6720	0
6730	1
6740	0
6750	0
6760	1
6770	0
6780	1
6790	1
6800	1
6810	1
6820	0
6830	1
6840	0
6850	0
6860	0
6870	2
6880	0
6890	0
6900	2
6910	0
6920	0
6930	0
6940	0
6950	0
6960	1
6970	0
6980	1
6990	1
7000	2
7010	0
7020	1
7030	0
7040	0
7050	0
7060	0
7070	2
7080	0
7090	0
7100	0
7110	0
7120	0
7130	1
7140	0
7150	0
7160	1
7170	0
7180	1
7190	0
7200	1
7210	2
7220	0
7230	1
7240	1
7250	1
7260	0
7270	0
7280	1
7290	2
7300	0
7310	0
7320	2
7330	0
7340	0
7350	1
7360	1
7370	2
7380	0
7390	1
7400	0
7410	0
7420	1
7430	1
7440	1
7450	3
7460	1
7470	1
7480	1
7490	0
7500	2
7510	0
7520	0
7530	1
7540	1
7550	1
7560	0
7570	0
7580	3
7590	4
7600	2
7610	1
7620	3
7630	2
7640	1
7650	2
7660	1
7670	3
7680	1
7690	3
7700	1
7710	1
7720	0
7730	1
7740	2
7750	1
7760	0
7770	2
7780	1
7790	0
7800	0
7810	0
7820	1
7830	1
7840	4
7850	2
7860	1
7870	2
7880	2
7890	2
7900	2
7910	0
7920	2
7930	2
7940	4
7950	1
7960	8
7970	2
7980	2
7990	1
8000	5
8010	2
8020	2
8030	5
8040	2
8050	5
8060	4
8070	2
8080	7
8090	6
8100	6
8110	16
8120	14
8130	11
8140	11
8150	17
8160	25
8170	37
8180	31
8190	66
8200	51
8210	48
8220	62
8230	45
8240	44
8250	42
8260	55
8270	53
8280	55
8290	52
8300	41
8310	49
8320	56
8330	43
8340	47
8350	44
8360	55
8370	50
8380	54
8390	53
8400	44
8410	50
8420	50
8430	43
8440	46
8450	59
8460	44
8470	48
8480	52
8490	47
8500	53
8510	49
8520	60
8530	59
8540	51
8550	34
8560	45
8570	52
8580	47
8590	34
8600	43
8610	48
8620	42
8630	47
8640	40
8650	38
8660	40
8670	41
8680	50
8690	36
8700	32
8710	13
8720	9
8730	9
8740	8
8750	3
8760	4
8770	3
8780	2
8790	3
8800	2
8810	3
8820	5
8830	1
8840	2
8850	0
8860	1
8870	0
8880	1
8890	1
8900	2
8910	3
8920	1
8930	1
8940	0
8950	1
8960	0
8970	0
8980	1
8990	5
9000	1
9010	0
9020	1
9030	1
9040	1
9050	1
9060	1
9070	0
9080	0
9090	1
9100	0
9110	0
9120	2
9130	0
9140	0
9150	1
9160	0
9170	1
9180	1
9190	1
9200	0
9210	1
9220	0
9230	1
9240	0
9250	0
9260	0
9270	1
9280	0
9290	0
9300	0
9310	0
9320	1
9330	0
9340	0
9350	0
9360	1
9370	0
9380	0
9390	0
9400	1
9410	0
9420	0
9430	0
9440	0
9450	1
9460	0
9470	0
9480	0
9490	1
9500	0
9510	0
9520	0
9530	0
9540	0
9550	0
9560	1
9570	0
9580	1
9590	0
9600	0
9610	0
9620	0
9630	0
9640	0
9650	0
9660	0
9670	0
9680	0
9690	0
9700	0
9710	0
9720	0
9730	0
9740	0
9750	0
9760	0
9770	0
9780	0
9790	0
9800	0
9810	0
9820	0
9830	0
9840	0
9850	0
9860	0
9870	0
9880	0
9890	0
9900	0
9910	0
9920	0
9930	0
9940	0
9950	1
9960	2
9970	1
9980	1
9990	0
10000	2
10010	0
10020	0
10030	0
10040	0
10050	1
10060	0
10070	0
10080	0
10090	0
10100	0
10110	0
10120	0
10130	1
10140	0
10150	0
10160	0
10170	2
10180	0
10190	0
10200	0
10210	1
10220	1
10230	0
10240	0
10250	0
10260	0
10270	0
10280	0
10290	1
10300	0
10310	0
10320	0
10330	0
10340	0
10350	0
10360	0
10370	0
10380	0
10390	0
10400	0
10410	0
10420	0
10430	1
10440	0
10450	0
10460	0
10470	1
10480	0
10490	0
10500	0
10510	0
10520	0
10530	0
10540	0
10550	2
10560	0
10570	0
10580	0
10590	0
10600	0
10610	1
10620	0
10630	0
10640	0
10650	0
10660	0
10670	0
10680	0
10690	1
10700	0
10710	1
10720	0
10730	0
10740	0
10750	0
10760	0
10770	0
10780	0
10790	0
10800	0
10810	0
10820	0
10830	0
10840	0
10850	0
10860	0
10870	0
10880	0
10890	0
10900	1
10910	0
10920	0
10930	0
10940	0
10950	0
10960	0
10970	0
10980	1
10990	0
11000	0
11010	0
11020	0
11030	1
11040	0
11050	0
11060	0
11070	0
11080	0
11090	0
11100	0
11110	0
11120	0
11130	0
11140	0
11150	0
11160	0
11170	0
11180	0
11190	0
11200	0
11210	0
11220	0
11230	0
11240	0
11250	0
11260	0
11270	0
11280	0
11290	0
11300	0
11310	0
11320	0
11330	0
11340	0
11350	0
11360	0
11370	1
11380	0
11390	0
11400	0
11410	0
11420	0
11430	0
11440	0
11450	1
11460	1
11470	0
11480	0
11490	1
11500	1
11510	0
11520	0
11530	0
11540	0
11550	0
11560	0
11570	0
11580	0
11590	0
11600	0
11610	0
11620	0
11630	0
11640	0
11650	0
11660	0
11670	0
11680	0
11690	0
11700	0
11710	0
11720	0
11730	1
11740	0
11750	0
11760	0
11770	0
11780	0
11790	0
11800	0
11810	0
11820	0
11830	0
11840	0
11850	0
11860	0
11870	0
11880	0
11890	0
11900	0
11910	0
11920	0
11930	0
11940	0
11950	0
11960	0
11970	0
11980	0
11990	0
12000	0
12010	0
12020	0
12030	0
12040	0
12050	0
12060	0
12070	0
12080	0
12090	0
12100	0
12110	0
12120	0
12130	0
12140	0
12150	0
12160	0
12170	0
12180	0
12190	1
12200	0
12210	0
12220	0
12230	0
12240	0
12250	0
12260	1
12270	0
12280	0
12290	0
12300	0
12310	0
12320	0
12330	0
12340	0
12350	0
12360	0
12370	0
12380	0
12390	0
12400	0
12410	0
12420	0
12430	0
12440	0
12450	0
12460	0
12470	0
12480	0
12490	0
12500	0
12510	0
12520	0
12530	1
12540	0
12550	0
12560	0
12570	0
12580	0
12590	0
12600	0
12610	0
12620	0
12630	0
12640	0
12650	0
12660	0
12670	0
12680	0
12690	1
12700	0
12710	0
12720	0
12730	1
12740	0
12750	0
12760	0
12770	0
12780	0
12790	0
12800	0
12810	0
12820	0
12830	0
12840	0
12850	0
12860	0
12870	0
12880	0
12890	0
12900	0
12910	0
12920	0
12930	0
12940	0
12950	1
12960	0
12970	0
12980	0
12990	0
13000	0
13010	0
13020	0
13030	0
13040	0
13050	0
13060	0
13070	0
13080	0
13090	1
13100	0
13110	0
13120	0
13130	0
13140	0
13150	0
13160	0
13170	0
13180	0
13190	0
13200	0
13210	0
13220	0
13230	0
13240	0
13250	0
13260	1
13270	0
13280	0
13290	0
13300	0
13310	0
13320	0
13330	0
13340	0
13350	0
13360	0
13370	0
13380	0
13390	0
13400	0
13410	0
13420	0
13430	1
13440	0
13450	1
13460	0
13470	0
13480	0
13490	0
13500	0
13510	0
13520	0
13530	0
13540	0
13550	0
13560	0
13570	0
13580	0
13590	0
13600	0
13610	0
13620	0
13630	0
13640	0
13650	0
13660	0
13670	0
13680	0
13690	0
13700	1
13710	0
13720	0
13730	0
13740	0
13750	0
13760	0
13770	0
13780	0
13790	0
13800	0
13810	0
13820	0
13830	0
13840	0
13850	0
13860	0
13870	0
13880	0
13890	0
13900	0
13910	0
13920	0
13930	0
13940	0
13950	0
13960	0
13970	1
13980	0
13990	0
14000	0
14010	0
14020	0
14030	0
14040	0
14050	0
14060	0
14070	0
14080	0
14090	0
14100	0
14110	0
14120	0
14130	0
14140	0
14150	0
14160	0
14170	0
14180	0
14190	0
14200	0
14210	0
14220	0
14230	0
14240	1
14250	0
14260	0
14270	0
14280	0
14290	0
14300	0
14310	0
14320	0
14330	0
14340	0
14350	0
14360	0
14370	0
14380	0
14390	0
14400	0
14410	0
14420	0
14430	0
14440	0
14450	0
14460	0
14470	0
14480	0
14490	0
14500	0
14510	0
14520	0
14530	0
14540	0
14550	0
14560	0
14570	0
14580	1
14590	0
14600	0
14610	0
14620	0
14630	0
14640	0
14650	0
14660	0
14670	0
14680	1
14690	0
14700	0
14710	0
14720	0
14730	0
14740	0
14750	0
14760	0
14770	0
14780	0
14790	0
14800	0
14810	0
14820	0
14830	0
14840	0
14850	0
14860	0
14870	0
14880	0
14890	0
14900	0
14910	0
14920	0
14930	0
14940	0
14950	0
14960	1
14970	0
14980	0
14990	0
15000	0
15010	1
15020	0
15030	0
15040	0
15050	0
15060	0
15070	2
15080	0
15090	0
15100	0
15110	0
15120	0
15130	0
15140	0
15150	0
15160	0
15170	0
15180	0
15190	0
15200	0
15210	0
15220	0
15230	0
15240	0
15250	0
15260	0
15270	0
15280	0
15290	0
15300	0
15310	0
15320	0
15330	1
15340	0
15350	0
15360	0
15370	0
15380	0
15390	1
15400	0
15410	0
15420	0
15430	0
15440	0
15450	0
15460	1
15470	0
15480	0
15490	0
15500	0
15510	0
15520	1
15530	0
15540	0
15550	0
15560	0
15570	0
15580	0
15590	0
15600	0
15610	0
15620	0
15630	0
15640	0
15650	0
15660	0
15670	0
15680	0
15690	0
15700	1
15710	0
15720	0
15730	0
15740	0
15750	0
15760	0
15770	1
15780	1
15790	0
15800	1
15810	0
15820	0
15830	0
15840	0
15850	0
15860	0
15870	1
15880	0
15890	0
15900	1
15910	0
15920	0
15930	1
15940	0
15950	0
15960	0
15970	0
15980	1
15990	0
16000	0
16010	0
16020	0
16030	1
16040	0
16050	0
16060	0
16070	0
16080	0
16090	0
16100	1
16110	0
16120	0
16130	0
16140	1
16150	0
16160	1
16170	0
16180	0
16190	0
16200	2
16210	0
16220	0
16230	0
16240	0
16250	0
16260	0
16270	0
16280	1
16290	0
16300	0
16310	0
16320	1
16330	1
16340	0
16350	1
16360	0
16370	0
16380	0
16390	0
16400	0
16410	0
16420	0
16430	1
16440	1
16450	0
16460	2
16470	0
16480	0
16490	0
16500	0
16510	1
16520	0
16530	0
16540	0
16550	0
16560	0
16570	0
16580	1
16590	1
16600	0
16610	0
16620	0
16630	0
16640	0
16650	0
16660	0
16670	0
16680	1
16690	0
16700	0
16710	0
16720	0
16730	0
16740	1
16750	0
16760	1
16770	0
16780	1
16790	0
16800	1
16810	1
16820	0
16830	0
16840	0
16850	1
16860	0
16870	0
16880	0
16890	0
16900	2
16910	0
16920	0
16930	1
16940	0
16950	2
16960	1
16970	1
16980	0
16990	1
17000	1
17010	0
17020	0
17030	0
17040	3
17050	0
17060	0
17070	0
17080	0
17090	1
17100	1
17110	0
17120	0
17130	0
17140	3
17150	1
17160	0
17170	2
17180	0
17190	1
17200	0
17210	0
17220	1
17230	1
17240	0
17250	0
17260	1
17270	2
17280	3
17290	1
17300	0
17310	0
17320	1
17330	3
17340	1
17350	3
17360	3
17370	0
17380	2
17390	1
17400	1
17410	2
17420	3
17430	1
17440	3
17450	3
17460	1
17470	0
17480	1
17490	1
17500	5
17510	1
17520	1
17530	0
17540	3
17550	2
17560	4
17570	2
17580	0
17590	2
17600	1
17610	3
17620	0
17630	3
17640	1
17650	2
17660	3
17670	2
17680	1
17690	2
17700	3
17710	0
17720	1
17730	2
17740	7
17750	5
17760	2
17770	1
17780	2
17790	2
17800	4
17810	4
17820	3
17830	0
17840	1
17850	1
17860	4
17870	2
17880	2
17890	4
17900	1
17910	3
17920	3
17930	3
17940	3
17950	1
17960	5
17970	4
17980	5
17990	9
18000	2
18010	3
18020	7
18030	3
18040	2
18050	1
18060	3
18070	3
18080	5
18090	4
18100	10
18110	4
18120	6
18130	2
18140	3
18150	6
18160	6
18170	9
18180	4
18190	6
18200	5
18210	4
18220	4
18230	5
18240	6
18250	7
18260	4
18270	6
18280	10
18290	9
18300	8
18310	10
18320	7
18330	12
18340	6
18350	8
18360	15
18370	16
18380	13
18390	10
18400	11
18410	12
18420	24
18430	11
18440	26
18450	19
18460	27
18470	20
18480	28
18490	26
18500	31
18510	31
18520	48
18530	55
18540	54
18550	86
18560	142
18570	335
18580	548
18590	618
18600	645
18610	652
18620	621
18630	686
18640	627
18650	683
18660	708
18670	682
18680	694
18690	694
18700	699
18710	706
18720	690
18730	712
18740	737
18750	698
18760	725
18770	713
18780	750
18790	575
18800	272
18810	69
18820	41
18830	32
18840	29
18850	19
18860	13
18870	26
18880	15
18890	11
18900	15
18910	8
18920	10
18930	10
18940	11
18950	11
18960	13
18970	8
18980	8
18990	6
19000	8
19010	10
19020	5
19030	4
19040	6
19050	3
19060	3
19070	3
19080	4
19090	7
19100	3
19110	9
19120	3
19130	6
19140	2
19150	3
19160	4
19170	4
19180	3
19190	4
19200	3
19210	4
19220	8
19230	6
19240	5
19250	4
19260	4
19270	2
19280	4
19290	5
19300	1
19310	0
19320	3
19330	4
19340	1
19350	0
19360	0
19370	0
19380	0
19390	0
19400	0
19410	0
19420	0
19430	0
19440	0
19450	0
19460	0
19470	0
19480	0
19490	0
19500	0
19510	0
19520	0
19530	0
19540	0
19550	0
19560	0
19570	0
19580	0
19590	0
19600	0
19610	0
19620	0
19630	0
19640	0
19650	0
19660	0
19670	0
19680	0
19690	0
19700	0
19710	0
19720	0
19730	0
19740	0
19750	0
19760	0
19770	0
19780	0
19790	0
19800	0
19810	0
19820	0
19830	0
19840	0
19850	0
19860	0
19870	0
19880	0
19890	0
19900	0
19910	0
19920	0
19930	0
19940	0
19950	0
19960	0
19970	0
19980	0
19990	0
20000	0