E,eV	dN/dE,part/eV
0	88610
10	33022
20	14833
30	11251
40	8101
50	6128
60	4917
70	4102
80	3421
90	2975
100	2666
110	2324
120	2116
130	1864
140	1718
150	1515
160	1350
170	1310
180	1125
190	1059
200	1012
210	952
220	831
230	800
240	739
250	732
260	692
270	627
280	602
290	541
300	553
310	501
320	497
330	443
340	464
350	423
360	416
370	368
380	392
390	356
400	342
410	298
420	333
430	300
440	318
450	276
460	290
470	221
480	297
490	257
500	211
510	242
520	238
530	213
540	206
550	219
560	204
570	197
580	194
590	194
600	184
610	193
620	170
630	181
640	167
650	138
660	158
670	164
680	134
690	146
700	154
710	148
720	119
730	105
740	151
750	126
760	115
770	115
780	107
790	108
800	124
810	106
820	101
830	108
840	104
850	103
860	107
870	108
880	99
890	90
900	91
910	100
920	84
930	81
940	100
950	75
960	76
970	78
980	67
990	82
1000	77
1010	84
1020	70
1030	70
1040	61
1050	68
1060	62
1070	60
1080	78
1090	76
1100	75
1110	68
1120	56
1130	69
1140	72
1150	54
1160	51
1170	56
1180	63
1190	57
1200	54
1210	60
1220	52
1230	63
1240	66
1250	55
1260	75
1270	51
1280	63
1290	68
1300	67
1310	105
1320	90
1330	148
1340	202
1350	249
1360	251
1370	257
1380	269
1390	254
1400	224
1410	212
1420	174
1430	85
1440	65
1450	60
1460	54
1470	51
1480	55
1490	39
1500	44
1510	47
1520	46
1530	41
1540	34
1550	29
1560	35
1570	34
1580	33
1590	33
1600	19
1610	38
1620	24
1630	27
1640	34
1650	27
1660	35
1670	32
1680	27
1690	32
1700	22
1710	32
1720	30
1730	33
1740	28
1750	23
1760	29
1770	35
1780	25
1790	32
1800	25
1810	35
1820	27
1830	24
1840	26
1850	17
1860	28
1870	32
1880	18
1890	21
1900	14
1910	25
1920	16
1930	30
1940	18
1950	17
1960	26
1970	25
1980	30
1990	16
2000	24
2010	20
2020	20
2030	19
2040	21
2050	23
2060	23
2070	21
2080	20
2090	22
2100	19
2110	29
2120	15
2130	17
2140	14
2150	29
2160	28
2170	17
2180	17
2190	22
2200	19
2210	17
2220	22
2230	20
2240	19
2250	17
2260	16
2270	8
2280	22
2290	18
2300	24
2310	21
2320	12
2330	8
2340	19
2350	17
2360	18
2370	26
2380	18
2390	10
2400	11
2410	21
2420	17
2430	13
2440	15
2450	16
2460	15
2470	17
2480	17
2490	21
2500	28
2510	32
2520	20
2530	23
2540	36
2550	50
2560	62
2570	67
2580	75
2590	70
2600	62
2610	58
2620	73
2630	64
2640	65
2650	63
2660	68
2670	50
2680	41
2690	55
2700	53
2710	27
2720	26
2730	14
2740	17
2750	16
2760	20
2770	16
2780	21
2790	16
2800	16
2810	12
2820	14
2830	19
2840	9
2850	11
2860	15
2870	14
2880	22
2890	10
2900	6
2910	7
2920	15
2930	14
2940	12
2950	11
2960	12
2970	11
2980	13
2990	8
3000	10
3010	5
3020	14
3030	12
3040	13
3050	11
3060	11
3070	12
3080	6
3090	8
3100	10
3110	16
3120	10
3130	11
3140	7
3150	16
3160	5
3170	11
3180	10
3190	12
3200	6
3210	9
3220	13
3230	5
3240	14
3250	7
3260	7
3270	13
3280	8
3290	16
3300	9
3310	8
3320	9
3330	15
3340	13
3350	9
3360	10
3370	9
3380	12
3390	5
3400	9
3410	14
3420	12
3430	9
3440	5
3450	11
3460	8
3470	6
3480	10
3490	11
3500	9
3510	6
3520	6
3530	5
3540	10
3550	7
3560	11
3570	6
3580	6
3590	8
3600	9
3610	6
3620	4
3630	11
3640	4
3650	12
3660	11
3670	7
3680	6
3690	8
3700	5
3710	4
3720	7
3730	9
3740	7
3750	4
3760	6
3770	4
3780	10
3790	7
3800	3
3810	9
3820	3
3830	9
3840	7
3850	12
3860	6
3870	5
3880	13
3890	6
3900	1
3910	7
3920	8
3930	5
3940	5
3950	3
3960	7
3970	7
3980	11
3990	10
4000	6
4010	6
4020	6
4030	15
4040	9
4050	9
4060	7
4070	6
4080	4
4090	9
4100	8
4110	9
4120	6
4130	8
4140	6
4150	8
4160	5
4170	7
4180	8
4190	11
4200	6
4210	4
4220	6
4230	5
4240	7
4250	5
4260	9
4270	7
4280	12
4290	6
4300	8
4310	5
4320	7
4330	9
4340	5
4350	9
4360	7
4370	6
4380	5
4390	8
4400	8
4410	4
4420	7
4430	5
4440	2
4450	3
4460	5
4470	10
4480	5
4490	3
4500	7
4510	3
4520	7
4530	7
4540	5
4550	6
4560	7
4570	6
4580	4
4590	5
4600	6
4610	3
4620	11
4630	11
4640	4
4650	3
4660	4
4670	1
4680	9
4690	9
4700	4
4710	6
4720	7
4730	1
4740	3
4750	8
4760	6
4770	9
4780	9
4790	4
4800	8
4810	3
4820	4
4830	6
4840	8
4850	9
4860	6
4870	6
4880	8
4890	6
4900	5
4910	6
4920	4
4930	5
4940	4
4950	2
4960	5
4970	11
4980	5
4990	10
5000	7
5010	8
5020	8
5030	3
5040	8
5050	3
5060	5
5070	1
5080	8
5090	3
5100	5
5110	10
5120	6
5130	3
5140	9
5150	3
5160	4
5170	3
5180	6
5190	4
5200	4
5210	9
5220	4
5230	4
5240	8
5250	7
5260	2
5270	8
5280	4
5290	8
5300	1
5310	9
5320	7
5330	4
5340	7
5350	8
5360	3
5370	3
5380	0
5390	6
5400	6
5410	2
5420	6
5430	6
5440	5
5450	5
5460	8
5470	4
5480	3
5490	4
5500	9
5510	10
5520	10
5530	7
5540	3
5550	6
5560	10
5570	6
5580	5
5590	4
5600	6
5610	4
5620	8
5630	6
5640	4
5650	8
5660	6
5670	5
5680	5
5690	8
5700	5
5710	4
5720	9
5730	2
5740	5
5750	5
5760	3
5770	7
5780	9
5790	9
5800	7
5810	4
5820	3
5830	5
5840	2
5850	2
5860	9
5870	3
5880	7
5890	4
5900	3
5910	6
5920	5
5930	1
5940	9
5950	4
5960	3
5970	7
5980	4
5990	6
6000	5
6010	9
6020	7
6030	2
6040	4
6050	3
6060	12
6070	2
6080	4
6090	6
6100	3
6110	5
6120	7
6130	7
6140	9
6150	3
6160	7
6170	4
6180	1
6190	3
6200	4
6210	6
6220	7
6230	2
6240	6
6250	9
6260	8
6270	8
6280	5
6290	5
6300	9
6310	2
6320	5
6330	5
6340	6
6350	2
6360	4
6370	3
6380	1
6390	2
6400	3
6410	3
6420	4
6430	10
6440	2
6450	9
6460	7
6470	2
6480	7
6490	1
6500	4
6510	5
6520	5
6530	7
6540	6
6550	9
6560	9
6570	3
6580	4
6590	7
6600	6
6610	6
6620	5
6630	7
6640	2
6650	6
6660	3
6670	11
6680	6
6690	6
6700	13
6710	6
6720	11
6730	10
6740	8
6750	7
6760	5
6770	4
6780	3
6790	1
6800	9
6810	12
6820	6
6830	6
6840	5
6850	6
6860	11
6870	5
6880	8
6890	1
6900	9
6910	6
6920	8
6930	1
6940	5
6950	8
6960	5
6970	10
6980	9
6990	11
7000	6
7010	10
7020	7
7030	5
7040	3
7050	8
7060	7
7070	5
7080	10
7090	2
7100	4
7110	6
7120	9
7130	9
7140	12
7150	11
7160	9
7170	12
7180	7
7190	7
7200	4
7210	7
7220	7
7230	9
7240	8
7250	6
7260	10
7270	8
7280	7
7290	5
7300	7
7310	12
7320	12
7330	7
7340	16
7350	11
7360	14
7370	14
7380	12
7390	18
7400	9
7410	10
7420	9
7430	11
7440	12
7450	14
7460	17
7470	14
7480	9
7490	12
7500	14
7510	11
7520	13
7530	11
7540	7
7550	17
7560	14
7570	5
7580	11
7590	6
7600	15
7610	13
7620	14
7630	11
7640	11
7650	7
7660	11
7670	10
7680	13
7690	17
7700	14
7710	10
7720	10
7730	15
7740	9
7750	10
7760	14
7770	12
7780	20
7790	13
7800	16
7810	24
7820	11
7830	19
7840	18
7850	19
7860	19
7870	38
7880	15
7890	26
7900	24
7910	24
7920	19
7930	19
7940	21
7950	11
7960	23
7970	27
7980	31
7990	28
8000	26
8010	32
8020	25
8030	24
8040	41
8050	40
8060	35
8070	40
8080	42
8090	54
8100	50
8110	70
8120	48
8130	79
8140	73
8150	91
8160	101
8170	119
8180	123
8190	120
8200	105
8210	110
8220	132
8230	113
8240	143
8250	129
8260	115
8270	127
8280	140
8290	123
8300	111
8310	129
8320	137
8330	146
8340	130
8350	111
8360	137
8370	126
8380	120
8390	132
8400	125
8410	135
8420	129
8430	147
8440	124
8450	131
8460	111
8470	150
8480	136
8490	120
8500	134
8510	114
8520	127
8530	135
8540	111
8550	111
8560	112
8570	97
8580	113
8590	123
8600	112
8610	102
8620	110
8630	117
8640	122
8650	104
8660	91
8670	89
8680	82
8690	89
8700	45
8710	47
8720	39
8730	44
8740	28
8750	19
8760	29
8770	30
8780	17
8790	27
8800	32
8810	28
8820	22
8830	18
8840	19
8850	14
8860	16
8870	15
8880	11
8890	11
8900	14
8910	11
8920	10
8930	15
8940	8
8950	16
8960	8
8970	9
8980	8
8990	6
9000	14
9010	14
9020	10
9030	16
9040	14
9050	1
9060	13
9070	11
9080	6
9090	8
9100	9
9110	8
9120	15
9130	7
9140	7
9150	4
9160	7
9170	6
9180	6
9190	8
9200	7
9210	8
9220	5
9230	9
9240	7
9250	6
9260	6
9270	5
9280	7
9290	4
9300	5
9310	10
9320	2
9330	8
9340	5
9350	7
9360	11
9370	4
9380	9
9390	4
9400	1
9410	7
9420	5
9430	8
9440	4
9450	6
9460	5
9470	3
9480	3
9490	2
9500	3
9510	7
9520	4
9530	10
9540	2
9550	9
9560	2
9570	2
9580	4
9590	2
9600	7
9610	5
9620	3
9630	2
9640	4
9650	2
9660	6
9670	2
9680	2
9690	2
9700	1
9710	2
9720	3
9730	1
9740	4
9750	5
9760	1
9770	2
9780	2
9790	5
9800	6
9810	3
9820	4
9830	4
9840	3
9850	2
9860	2
9870	1
9880	2
9890	3
9900	3
9910	3
9920	4
9930	5
9940	1
9950	3
9960	6
9970	5
9980	2
9990	1
10000	1
10010	4
10020	1
10030	4
10040	3
10050	5
10060	1
10070	4
10080	0
10090	2
10100	3
10110	1
10120	1
10130	6
10140	2
10150	4
10160	4
10170	1
10180	1
10190	2
10200	4
10210	2
10220	4
10230	1
10240	1
10250	2
10260	3
10270	1
10280	3
10290	1
10300	2
10310	4
10320	1
10330	1
10340	2
10350	1
10360	1
10370	2
10380	2
10390	5
10400	2
10410	2
10420	3
10430	0
10440	4
10450	3
10460	0
10470	2
10480	1
10490	3
10500	1
10510	2
10520	3
10530	1
10540	3
10550	1
10560	3
10570	2
10580	0
10590	1
10600	2
10610	1
10620	2
10630	1
10640	0
10650	5
10660	0
10670	4
10680	2
10690	2
10700	2
10710	0
10720	1
10730	0
10740	2
10750	3
10760	1
10770	1
10780	2
10790	2
10800	2
10810	0
10820	2
10830	1
10840	1
10850	2
10860	4
10870	3
10880	4
10890	1
10900	3
10910	1
10920	2
10930	2
10940	0
10950	2
10960	1
10970	2
10980	0
10990	2
11000	1
11010	1
11020	1
11030	1
11040	0
11050	2
11060	2
11070	2
11080	0
11090	0
11100	1
11110	1
11120	2
11130	2
11140	0
11150	1
11160	0
11170	0
11180	1
11190	1
11200	1
11210	1
11220	1
11230	0
11240	1
11250	0
11260	2
11270	1
11280	0
11290	0
11300	0
11310	0
11320	2
11330	3
11340	1
11350	1
11360	1
11370	2
11380	2
11390	3
11400	0
11410	0
11420	0
11430	1
11440	0
11450	2
11460	2
11470	1
11480	0
11490	2
11500	0
11510	1
11520	2
11530	1
11540	0
11550	1
11560	1
11570	1
11580	1
11590	1
11600	0
11610	2
11620	1
11630	2
11640	0
11650	0
11660	1
11670	0
11680	0
11690	2
11700	2
11710	2
11720	1
11730	1
11740	1
11750	0
11760	0
11770	1
11780	0
11790	0
11800	0
11810	1
11820	0
11830	0
11840	0
11850	0
11860	0
11870	0
11880	0
11890	0
11900	0
11910	0
11920	1
11930	0
11940	0
11950	0
11960	0
11970	1
11980	0
11990	0
12000	1
12010	0
12020	0
12030	0
12040	1
12050	0
12060	0
12070	0
12080	1
12090	0
12100	0
12110	0
12120	0
12130	1
12140	1
12150	0
12160	0
12170	0
12180	0
12190	1
12200	0
12210	0
12220	0
12230	0
12240	0
12250	0
12260	1
12270	1
12280	2
12290	0
12300	0
12310	0
12320	0
12330	0
12340	2
12350	0
12360	1
12370	1
12380	1
12390	1
12400	0
12410	0
12420	0
12430	0
12440	0
12450	0
12460	0
12470	0
12480	1
12490	1
12500	1
12510	0
12520	0
12530	1
12540	0
12550	0
12560	0
12570	0
12580	1
12590	0
12600	1
12610	0
12620	0
12630	0
12640	0
12650	0
12660	0
12670	1
12680	1
12690	0
12700	0
12710	0
12720	0
12730	0
12740	1
12750	1
12760	0
12770	0
12780	0
12790	0
12800	1
12810	0
12820	1
12830	0
12840	0
12850	1
12860	0
12870	2
12880	0
12890	0
12900	1
12910	0
12920	0
12930	0
12940	2
12950	1
12960	0
12970	0
12980	0
12990	0
13000	0
13010	0
13020	0
13030	1
13040	0
13050	0
13060	1
13070	0
13080	0
13090	1
13100	0
13110	0
13120	1
13130	1
13140	1
13150	1
13160	0
13170	0
13180	1
13190	0
13200	1
13210	1
13220	0
13230	1
13240	0
13250	1
13260	0
13270	0
13280	0
13290	0
13300	0
13310	4
13320	1
13330	1
13340	0
13350	1
13360	0
13370	0
13380	1
13390	1
13400	1
13410	1
13420	0
13430	1
13440	2
13450	0
13460	0
13470	0
13480	0
13490	0
13500	0
13510	1
13520	0
13530	0
13540	0
13550	0
13560	0
13570	1
13580	0
13590	1
13600	1
13610	0
13620	1
13630	0
13640	0
13650	3
13660	0
13670	0
13680	1
13690	0
13700	0
13710	1
13720	1
13730	0
13740	0
13750	0
13760	0
13770	0
13780	0
13790	0
13800	0
13810	1
13820	1
13830	0
13840	0
13850	1
13860	1
13870	1
13880	0
13890	0
13900	1
13910	0
13920	0
13930	1
13940	2
13950	0
13960	0
13970	1
13980	0
13990	1
14000	0
14010	0
14020	0
14030	1
14040	2
14050	1
14060	0
14070	1
14080	0
14090	0
14100	0
14110	1
14120	0
14130	0
14140	1
14150	0
14160	2
14170	0
14180	2
14190	2
14200	0
14210	0
14220	0
14230	0
14240	0
14250	1
14260	0
14270	1
14280	0
14290	2
14300	0
14310	1
14320	0
14330	0
14340	0
14350	1
14360	0
14370	0
14380	2
14390	2
14400	1
14410	1
14420	1
14430	0
14440	0
14450	2
14460	0
14470	1
14480	0
14490	0
14500	2
14510	2
14520	0
14530	1
14540	0
14550	1
14560	1
14570	1
14580	1
14590	0
14600	2
14610	1
14620	1
14630	2
14640	2
14650	0
14660	0
14670	0
14680	0
14690	0
14700	0
14710	2
14720	2
14730	1
14740	0
14750	1
14760	0
14770	0
14780	0
14790	1
14800	2
14810	0
14820	0
14830	1
14840	0
14850	0
14860	1
14870	0
14880	1
14890	1
14900	1
14910	0
14920	0
14930	0
14940	1
14950	1
14960	1
14970	2
14980	2
14990	1
15000	1
15010	2
15020	1
15030	2
15040	0
15050	0
15060	0
15070	2
15080	0
15090	1
15100	1
15110	1
15120	0
15130	1
15140	1
15150	0
15160	0
15170	4
15180	0
15190	0
15200	1
15210	0
15220	1
15230	1
15240	1
15250	0
15260	0
15270	1
15280	1
15290	0
15300	1
15310	2
15320	1
15330	3
15340	1
15350	1
15360	3
15370	1
15380	1
15390	3
15400	0
15410	0
15420	2
15430	1
15440	1
15450	0
15460	1
15470	1
15480	0
15490	0
15500	0
15510	2
15520	1
15530	1
15540	0
15550	0
15560	2
15570	2
15580	4
15590	0
15600	2
15610	1
15620	0
15630	1
15640	0
15650	2
15660	2
15670	2
15680	1
15690	1
15700	0
15710	0
15720	1
15730	1
15740	3
15750	0
15760	1
15770	1
15780	2
15790	3
15800	2
15810	1
15820	1
15830	1
15840	5
15850	0
15860	1
15870	2
15880	2
15890	1
15900	3
15910	3
15920	5
15930	5
15940	1
15950	2
15960	1
15970	2
15980	1
15990	0
16000	2
16010	4
16020	1
16030	4
16040	1
16050	1
16060	1
16070	3
16080	2
16090	2
16100	4
16110	1
16120	2
16130	3
16140	1
16150	0
16160	4
16170	1
16180	5
16190	1
16200	3
16210	5
16220	1
16230	2
16240	4
16250	0
16260	2
16270	1
16280	1
16290	2
16300	4
16310	0
16320	2
16330	2
16340	4
16350	2
16360	3
16370	2
16380	3
16390	2
16400	0
16410	2
16420	2
16430	4
16440	3
16450	2
16460	2
16470	1
16480	5
16490	3
16500	2
16510	0
16520	3
16530	4
16540	2
16550	3
16560	2
16570	4
16580	3
16590	3
16600	3
16610	5
16620	1
16630	6
16640	5
16650	1
16660	4
16670	2
16680	5
16690	4
16700	2
16710	6
16720	4
16730	3
16740	4
16750	5
16760	4
16770	0
16780	4
16790	6
16800	4
16810	4
16820	5
16830	5
16840	1
16850	3
16860	4
16870	4
16880	2
16890	5
16900	1
16910	3
16920	4
16930	6
16940	3
16950	3
16960	3
16970	4
16980	5
16990	6
17000	6
17010	7
17020	1
17030	8
17040	6
17050	1
17060	3
17070	4
17080	2
17090	8
17100	2
17110	8
17120	10
17130	5
17140	3
17150	5
17160	5
17170	3
17180	5
17190	8
17200	3
17210	5
17220	2
17230	9
17240	6
17250	6
17260	7
17270	5
17280	7
17290	8
17300	6
17310	8
17320	4
17330	5
17340	7
17350	5
17360	6
17370	9
17380	9
17390	5
17400	10
17410	6
17420	9
17430	7
17440	11
17450	10
17460	9
17470	4
17480	9
17490	11
17500	12
17510	7
17520	16
17530	10
17540	5
17550	11
17560	11
17570	8
17580	12
17590	13
17600	15
17610	11
17620	13
17630	14
17640	11
17650	13
17660	14
17670	11
17680	10
17690	15
17700	10
17710	7
17720	20
17730	15
17740	18
17750	15
17760	18
17770	11
17780	21
17790	15
17800	18
17810	15
17820	16
17830	18
17840	22
17850	11
17860	15
17870	13
17880	17
17890	18
17900	20
17910	16
17920	22
17930	11
17940	33
17950	27
17960	26
17970	22
17980	28
17990	20
18000	28
18010	27
18020	34
18030	26
18040	32
18050	34
18060	29
18070	25
18080	34
18090	29
18100	38
18110	43
18120	38
18130	31
18140	38
18150	49
18160	39
18170	43
18180	50
18190	43
18200	42
18210	46
18220	52
18230	56
18240	67
18250	59
18260	71
18270	54
18280	73
18290	69
18300	99
18310	101
18320	88
18330	95
18340	101
18350	98
18360	123
18370	123
18380	125
18390	138
18400	160
18410	168
18420	203
18430	212
18440	290
18450	265
18460	309
18470	377
18480	457
18490	528
18500	664
18510	760
18520	1191
18530	1550
18540	1602
18550	1788
18560	1874
18570	1926
18580	1992
18590	1998
18600	1999
18610	2006
18620	1965
18630	2019
18640	2117
18650	2129
18660	2012
18670	2060
18680	2052
18690	2034
18700	2060
18710	1938
18720	1796
18730	1680
18740	1409
18750	901
18760	539
18770	375
18780	308
18790	301
18800	229
18810	196
18820	181
18830	181
18840	159
18850	137
18860	157
18870	123
18880	122
18890	103
18900	100
18910	96
18920	97
18930	97
18940	99
18950	76
18960	82
18970	69
18980	83
18990	88
19000	84
19010	83
19020	55
19030	64
19040	72
19050	72
19060	63
19070	61
19080	63
19090	66
19100	58
19110	65
19120	53
19130	48
19140	55
19150	56
19160	69
19170	69
19180	52
19190	51
19200	64
19210	60
19220	53
19230	39
19240	28
19250	39
19260	33
19270	17
19280	14
19290	16
19300	7
19310	1
19320	0
19330	0
19340	0
19350	0
19360	0
19370	0
19380	0
19390	0
19400	0
19410	0
19420	0
19430	0
19440	0
19450	0
19460	0
19470	0
19480	0
19490	0
19500	0
19510	0
19520	0
19530	0
19540	0
19550	0
19560	0
19570	0
19580	0
19590	0
19600	0
19610	0
19620	0
19630	0
19640	0
19650	0
19660	0
19670	0
19680	0
19690	0
19700	0
19710	0
19720	0
19730	0
19740	0
19750	0
19760	0
19770	0
19780	0
19790	0
19800	0
19810	0
19820	0
19830	0
19840	0
19850	0
19860	0
19870	0
19880	0
19890	0
19900	0
19910	0
19920	0
19930	0
19940	0
19950	0
19960	0
19970	0
19980	0
19990	0
20000	0