E, keV	I, A
6,00327E+0	1,23555E-10
6,01426E+0	1,27720E-10
6,02526E+0	1,05660E-10
6,03625E+0	1,22346E-10
6,04725E+0	1,07389E-10
6,05824E+0	1,00844E-10
6,06924E+0	9,41380E-11
6,08024E+0	1,01357E-10
6,09123E+0	1,07121E-10
6,10222E+0	1,22173E-10
6,11322E+0	9,87700E-11
6,12421E+0	1,04763E-10
6,13521E+0	1,19742E-10
6,14620E+0	1,14419E-10
6,15720E+0	1,19411E-10
6,16819E+0	1,35270E-10
6,17919E+0	9,59500E-11
6,19018E+0	9,78030E-11
6,20118E+0	1,16550E-10
6,21218E+0	1,29701E-10
6,22317E+0	1,23449E-10
6,23416E+0	1,13151E-10
6,24516E+0	1,12824E-10
6,25615E+0	1,35650E-10
6,26715E+0	1,10155E-10
6,27814E+0	1,17162E-10
6,28914E+0	1,17796E-10
6,30014E+0	1,15304E-10
6,31113E+0	9,41630E-11
6,32212E+0	1,12360E-10
6,33312E+0	1,14819E-10
6,34411E+0	1,23227E-10
6,35511E+0	1,08418E-10
6,36610E+0	1,00452E-10
6,37710E+0	1,09335E-10
6,38809E+0	1,05400E-10
6,39909E+0	1,03361E-10
6,41008E+0	9,26820E-11
6,42108E+0	1,12267E-10
6,43207E+0	1,07019E-10
6,44307E+0	9,26480E-11
6,45406E+0	1,09126E-10
6,46506E+0	1,15118E-10
6,47605E+0	1,25808E-10
6,48705E+0	1,17991E-10
6,49804E+0	1,29800E-10
6,50904E+0	1,25311E-10
6,52003E+0	1,23943E-10
6,53103E+0	1,05181E-10
6,54202E+0	1,14539E-10
6,55302E+0	1,14920E-10
6,56401E+0	1,45529E-10
6,57501E+0	1,29899E-10
6,58601E+0	1,31693E-10
6,59700E+0	1,19453E-10
6,60799E+0	1,04259E-10
6,61899E+0	1,15662E-10
6,62998E+0	1,09659E-10
6,64098E+0	1,03824E-10
6,65197E+0	1,19069E-10
6,66297E+0	1,20572E-10
6,67396E+0	1,60395E-10
6,68496E+0	1,10814E-10
6,69595E+0	1,27114E-10
6,70695E+0	1,48242E-10
6,71795E+0	1,38460E-10
6,72894E+0	1,20110E-10
6,73993E+0	1,25259E-10
6,75093E+0	1,49885E-10
6,76192E+0	1,63884E-10
6,77292E+0	1,25954E-10
6,78391E+0	1,23494E-10
6,79491E+0	1,40599E-10
6,80591E+0	1,55971E-10
6,81690E+0	1,40333E-10
6,82789E+0	1,39086E-10
6,83889E+0	1,22077E-10
6,84988E+0	1,56223E-10
6,86088E+0	1,47012E-10
6,87187E+0	1,76767E-10
6,88287E+0	1,68303E-10
6,89386E+0	1,67340E-10
6,90486E+0	1,35496E-10
6,91585E+0	1,59770E-10
6,92685E+0	1,67781E-10
6,93784E+0	1,58825E-10
6,94884E+0	1,75135E-10
6,95983E+0	1,62756E-10
6,97083E+0	1,52064E-10
6,98182E+0	1,85860E-10
6,99282E+0	1,65763E-10
7,00381E+0	3,31470E-10
7,01481E+0	1,82431E-10
7,02580E+0	2,22190E-10
7,03680E+0	2,01760E-10
7,04779E+0	2,65610E-10
7,05879E+0	2,14100E-10
7,06978E+0	2,02902E-10
7,08078E+0	1,79022E-10
7,09177E+0	2,01623E-10
7,10277E+0	1,75297E-10
7,11376E+0	1,50886E-10
7,12476E+0	1,53831E-10
7,13575E+0	1,40954E-10
7,14675E+0	1,34660E-10
7,15774E+0	1,58927E-10
7,16874E+0	1,65560E-10
7,17973E+0	1,73356E-10
7,19073E+0	1,86393E-10
7,20172E+0	1,35222E-10
7,21272E+0	1,75915E-10
7,22371E+0	1,89348E-10
7,23471E+0	2,91890E-10
7,24570E+0	2,89920E-10
7,25670E+0	2,22550E-10
7,26769E+0	3,07240E-10
7,27869E+0	2,24570E-10
7,28968E+0	2,43930E-10
7,30068E+0	2,03032E-10
7,31168E+0	1,90918E-10
7,32267E+0	1,71752E-10
7,33366E+0	1,55398E-10
7,34466E+0	1,68906E-10
7,35565E+0	1,37486E-10
7,36665E+0	1,32844E-10
7,37764E+0	1,60191E-10
7,38864E+0	1,68395E-10
7,39963E+0	1,42863E-10
7,41063E+0	1,35429E-10
7,42162E+0	1,57886E-10
7,43262E+0	1,53308E-10
7,44361E+0	1,58863E-10
7,45461E+0	1,49846E-10
7,46560E+0	1,68784E-10
7,47660E+0	1,55049E-10
7,48759E+0	1,62059E-10
7,49859E+0	1,77128E-10
7,50958E+0	1,59649E-10
7,52058E+0	1,57351E-10
7,53157E+0	1,80338E-10
7,54257E+0	1,91891E-10
7,55356E+0	1,75205E-10
7,56456E+0	1,94302E-10
7,57555E+0	1,63141E-10
7,58655E+0	1,91763E-10
7,59754E+0	1,76692E-10
7,60854E+0	1,63184E-10
7,61953E+0	1,74105E-10
7,63053E+0	1,92965E-10
7,64152E+0	1,60373E-10
7,65252E+0	1,72520E-10
7,66351E+0	2,08236E-10
7,67451E+0	1,72137E-10
7,68551E+0	1,73742E-10
7,69650E+0	1,66756E-10
7,70749E+0	1,70651E-10
7,71849E+0	1,75277E-10
7,72948E+0	1,60489E-10
7,74048E+0	1,75845E-10
7,75147E+0	1,63005E-10
7,76247E+0	1,96922E-10
7,77346E+0	2,20020E-10
7,78446E+0	2,03870E-10
7,79545E+0	1,66901E-10
7,80645E+0	1,73561E-10
7,81745E+0	1,50115E-10
7,82844E+0	1,53499E-10
7,83943E+0	1,87566E-10
7,85043E+0	1,79562E-10
7,86142E+0	1,59728E-10
7,87242E+0	1,64670E-10
7,88341E+0	1,69288E-10
7,89441E+0	1,76959E-10
7,90541E+0	1,74089E-10
7,91640E+0	1,69632E-10
7,92739E+0	1,56531E-10
7,93839E+0	1,78839E-10
7,94938E+0	1,82530E-10
7,96038E+0	1,64609E-10
7,97137E+0	1,82375E-10
7,98237E+0	1,64624E-10
7,99336E+0	1,51674E-10
8,00436E+0	1,85260E-10
8,01535E+0	2,21120E-10
8,02635E+0	1,76043E-10
8,03734E+0	1,63275E-10
8,04834E+0	1,66859E-10
8,05933E+0	1,70609E-10
8,07033E+0	1,61065E-10
8,08132E+0	1,80110E-10
8,09232E+0	1,52083E-10
8,10332E+0	1,61194E-10
8,11431E+0	1,65344E-10
8,12530E+0	1,73922E-10
8,13630E+0	1,91576E-10
8,14729E+0	1,82112E-10
8,15829E+0	1,60748E-10
8,16928E+0	1,66647E-10
8,18028E+0	1,77761E-10
8,19127E+0	1,77637E-10
8,20227E+0	1,49847E-10
8,21326E+0	1,73118E-10
8,22426E+0	1,86288E-10
8,23526E+0	1,75238E-10
8,24625E+0	1,74558E-10
8,25724E+0	2,03294E-10
8,26824E+0	1,88591E-10
8,27923E+0	1,81590E-10
8,29023E+0	1,86775E-10
8,30122E+0	1,96879E-10
8,31222E+0	1,74500E-10
8,32321E+0	1,91739E-10
8,33421E+0	1,95759E-10
8,34520E+0	2,09550E-10
8,35620E+0	2,33250E-10
8,36720E+0	1,97457E-10
8,37819E+0	2,33780E-10
8,38918E+0	2,30550E-10
8,40018E+0	2,10710E-10
8,41118E+0	2,01060E-10
8,42217E+0	2,09612E-10
8,43316E+0	1,77865E-10
8,44416E+0	1,88636E-10
8,45515E+0	2,05167E-10
8,46615E+0	1,79766E-10
8,47715E+0	1,83209E-10
8,48814E+0	1,84744E-10
8,49913E+0	1,97185E-10
8,51013E+0	1,67260E-10
8,52112E+0	2,08077E-10
8,53212E+0	2,47650E-10
8,54311E+0	2,02420E-10
8,55411E+0	2,58690E-10
8,56510E+0	2,89660E-10
8,57610E+0	2,36170E-10
8,58709E+0	3,38310E-10
8,59809E+0	2,42210E-10
8,60909E+0	2,73750E-10
8,62008E+0	2,24600E-10
8,63107E+0	2,06200E-10
8,64207E+0	3,35110E-10
8,65306E+0	3,03670E-10
8,66406E+0	2,05570E-10
8,67505E+0	2,19170E-10
8,68605E+0	2,77960E-10
8,69704E+0	3,07390E-10
8,70804E+0	2,27500E-10
8,71903E+0	2,78080E-10
8,73003E+0	2,25510E-10
8,74102E+0	2,84830E-10
8,75202E+0	2,77960E-10
8,76301E+0	2,52090E-10
8,77401E+0	2,48820E-10
8,78500E+0	3,23180E-10
8,79600E+0	2,47980E-10
8,80699E+0	2,23780E-10
8,81799E+0	2,78520E-10
8,82898E+0	2,99080E-10
8,83998E+0	2,14200E-10
8,85098E+0	3,36920E-10
8,86197E+0	3,46230E-10
8,87296E+0	4,48290E-10
8,88396E+0	2,97860E-10
8,89495E+0	2,57440E-10
8,90595E+0	2,32600E-10
8,91694E+0	2,33470E-10
8,92794E+0	2,38150E-10
8,93894E+0	2,53360E-10
8,94993E+0	2,40670E-10
8,96092E+0	2,88720E-10
8,97192E+0	2,40070E-10
8,98291E+0	2,69160E-10
8,99391E+0	3,30380E-10
9,00490E+0	2,62570E-10
9,01590E+0	3,00370E-10
9,02689E+0	3,49180E-10
9,03789E+0	3,07880E-10
9,04889E+0	3,09140E-10
9,05988E+0	3,39080E-10
9,07087E+0	2,59980E-10
9,08187E+0	2,58100E-10
9,09286E+0	2,69460E-10
9,10386E+0	3,54540E-10
9,11485E+0	2,60210E-10
9,12585E+0	3,00120E-10
9,13684E+0	3,43870E-10
9,14784E+0	2,78470E-10
9,15883E+0	2,57200E-10
9,16983E+0	3,11280E-10
9,18082E+0	2,95020E-10
9,19182E+0	3,26230E-10
9,20281E+0	2,75140E-10
9,21381E+0	2,90040E-10
9,22480E+0	3,65440E-10
9,23580E+0	3,05720E-10
9,24679E+0	5,16400E-10
9,25779E+0	2,71020E-10
9,26878E+0	4,42390E-10
9,27978E+0	4,66800E-10
9,29077E+0	4,53180E-10
9,30177E+0	3,77520E-10
9,31277E+0	3,27280E-10
9,32376E+0	4,64020E-10
9,33475E+0	4,73690E-10
9,34575E+0	4,36880E-10
9,35674E+0	4,68140E-10
9,36774E+0	4,30040E-10
9,37873E+0	4,16140E-10
9,38973E+0	4,39930E-10
9,40072E+0	4,68080E-10
9,41172E+0	5,22610E-10
9,42272E+0	3,85590E-10
9,43371E+0	4,40910E-10
9,44470E+0	4,86370E-10
9,45570E+0	4,72350E-10
9,46669E+0	4,30300E-10
9,47769E+0	4,37250E-10
9,48869E+0	5,05170E-10
9,49968E+0	3,97600E-10
9,51067E+0	4,00580E-10
9,52167E+0	5,08260E-10
9,53266E+0	3,75630E-10
9,54366E+0	6,31220E-10
9,55465E+0	5,56030E-10
9,56565E+0	5,19450E-10
9,57665E+0	6,44630E-10
9,58764E+0	5,20580E-10
9,59863E+0	5,87350E-10
9,60963E+0	5,40180E-10
9,62062E+0	5,82430E-10
9,62210E+0	5,56790E-10
9,63076E+0	5,41750E-10
9,63942E+0	5,72800E-10
9,64808E+0	6,85910E-10
9,65674E+0	5,93640E-10
9,66540E+0	6,13530E-10
9,67406E+0	5,89100E-10
9,68272E+0	6,84130E-10
9,69138E+0	7,17660E-10
9,70004E+0	6,82890E-10
9,70870E+0	5,32060E-10
9,71737E+0	6,73910E-10
9,72603E+0	6,02380E-10
9,73469E+0	6,12640E-10
9,74335E+0	7,75370E-10
9,75201E+0	6,23650E-10
9,76067E+0	6,95370E-10
9,76933E+0	6,42010E-10
9,77799E+0	6,80010E-10
9,78665E+0	7,37840E-10
9,79531E+0	6,32080E-10
9,80397E+0	6,64540E-10
9,81263E+0	6,21820E-10
9,82130E+0	6,42910E-10
9,82996E+0	6,40330E-10
9,83862E+0	6,50190E-10
9,84728E+0	7,67710E-10
9,85594E+0	7,20280E-10
9,86460E+0	6,80510E-10
9,87326E+0	6,69420E-10
9,88192E+0	4,82550E-10
9,89058E+0	6,56530E-10
9,89924E+0	6,92220E-10
9,90790E+0	8,41220E-10
9,91656E+0	6,38330E-10
9,92522E+0	7,88650E-10
9,93389E+0	6,74220E-10
9,94255E+0	7,29080E-10
9,95121E+0	5,95720E-10
9,95987E+0	7,31170E-10
9,96853E+0	6,28610E-10
9,97719E+0	7,04020E-10
9,98585E+0	5,62060E-10
9,99451E+0	6,18590E-10
1,00032E+1	7,18140E-10
1,00118E+1	5,33370E-10
1,00205E+1	6,92050E-10
1,00292E+1	6,71920E-10
1,00378E+1	6,34170E-10
1,00465E+1	5,59200E-10
1,00551E+1	7,53650E-10
1,00638E+1	6,15600E-10
1,00725E+1	6,02260E-10
1,00811E+1	5,60610E-10
1,00898E+1	5,85170E-10
1,00984E+1	5,37420E-10
1,01071E+1	5,65710E-10
1,01158E+1	6,86170E-10
1,01244E+1	6,22110E-10
1,01331E+1	6,07200E-10
1,01417E+1	7,38390E-10
1,01504E+1	5,29910E-10
1,01591E+1	7,07440E-10
1,01677E+1	6,36260E-10
1,01764E+1	5,81460E-10
1,01850E+1	5,40580E-10
1,01937E+1	5,65020E-10
1,02024E+1	6,43940E-10
1,02110E+1	6,56020E-10
1,02197E+1	5,75310E-10
1,02284E+1	5,66630E-10
1,02370E+1	7,77500E-10
1,02457E+1	5,93560E-10
1,02543E+1	5,42130E-10
1,02630E+1	6,89410E-10
1,02717E+1	7,70050E-10
1,02803E+1	6,30870E-10
1,02890E+1	5,40960E-10
1,02976E+1	6,92450E-10
1,03063E+1	6,57270E-10
1,03150E+1	5,95240E-10
1,03236E+1	6,31760E-10
1,03323E+1	5,79060E-10
1,03409E+1	5,85610E-10
1,03496E+1	5,37960E-10
1,03583E+1	6,93410E-10
1,03669E+1	5,88690E-10
1,03756E+1	6,36710E-10
1,03842E+1	5,95600E-10
1,03929E+1	6,48600E-10
1,04016E+1	5,93350E-10
1,04102E+1	5,35840E-10
1,04189E+1	6,68350E-10
1,04276E+1	6,26810E-10
1,04362E+1	6,71650E-10
1,04449E+1	7,14060E-10
1,04535E+1	7,08600E-10
1,04622E+1	8,60780E-10
1,04709E+1	7,46970E-10
1,04795E+1	7,62150E-10
1,04882E+1	5,72140E-10
1,04968E+1	6,85600E-10
1,05055E+1	7,42620E-10
1,05142E+1	6,28260E-10
1,05228E+1	6,19120E-10
1,05315E+1	6,57230E-10
1,05401E+1	5,75410E-10
1,05488E+1	7,10650E-10
1,05575E+1	5,86920E-10
1,05661E+1	6,16860E-10
1,05748E+1	7,12180E-10
1,05834E+1	7,12180E-10
1,05921E+1	7,85640E-10
1,06008E+1	7,24960E-10
1,06094E+1	6,15240E-10
1,06181E+1	7,38830E-10
1,06267E+1	7,57440E-10
1,06354E+1	6,68730E-10
1,06441E+1	5,91090E-10
1,06527E+1	6,87670E-10
1,06614E+1	7,94510E-10
1,06701E+1	7,74440E-10
1,06787E+1	7,36720E-10
1,06874E+1	6,38040E-10
1,06960E+1	8,15170E-10
1,07047E+1	7,82380E-10
1,07134E+1	7,67520E-10
1,07220E+1	6,54620E-10
1,07307E+1	8,35850E-10
1,07393E+1	9,22010E-10
1,07480E+1	7,05140E-10
1,07567E+1	6,21150E-10
1,07653E+1	7,08640E-10
1,07740E+1	6,30300E-10
1,07826E+1	5,36770E-10
1,07913E+1	6,77370E-10
1,08000E+1	7,95180E-10
1,08086E+1	6,47760E-10
1,08173E+1	7,37680E-10
1,08259E+1	7,20820E-10
1,08346E+1	6,98390E-10
1,08433E+1	8,28980E-10
1,08519E+1	6,40180E-10
1,08606E+1	6,78890E-10
1,08693E+1	6,85410E-10
1,08779E+1	8,40370E-10
1,08866E+1	7,34090E-10
1,08952E+1	7,87750E-10
1,09039E+1	6,86540E-10
1,09126E+1	6,43000E-10
1,09212E+1	7,57800E-10
1,09299E+1	6,60250E-10
1,09385E+1	8,36900E-10
1,09472E+1	9,16390E-10
1,09559E+1	8,73920E-10
1,09645E+1	8,96880E-10
1,09732E+1	1,12546E-9
1,09818E+1	8,34300E-10
1,09905E+1	8,94260E-10
1,09992E+1	8,17740E-10
1,10078E+1	8,36590E-10
1,10165E+1	8,01490E-10
1,10251E+1	8,34310E-10
1,10338E+1	8,87310E-10
1,10425E+1	8,68140E-10
1,10511E+1	7,83300E-10
1,10598E+1	9,24940E-10
1,10684E+1	8,42210E-10
1,10771E+1	9,16720E-10
1,10858E+1	7,54790E-10
1,10944E+1	8,92240E-10
1,11031E+1	8,65220E-10
1,11118E+1	9,67010E-10
1,11204E+1	8,93250E-10
1,11291E+1	9,31100E-10
1,11377E+1	9,46620E-10
1,11464E+1	9,85450E-10
1,11551E+1	8,59210E-10
1,11637E+1	9,28800E-10
1,11724E+1	8,80420E-10
1,11810E+1	7,61730E-10
1,11897E+1	9,50870E-10
1,11984E+1	8,08780E-10
1,12070E+1	9,17920E-10
1,12157E+1	8,99490E-10
1,12243E+1	8,65840E-10
1,12330E+1	8,19640E-10
1,12417E+1	9,64250E-10
1,12503E+1	8,87800E-10
1,12590E+1	8,67620E-10
1,12676E+1	8,95240E-10
1,12763E+1	1,04530E-9
1,12850E+1	9,83920E-10
1,12936E+1	1,04179E-9
1,13023E+1	1,02439E-9
1,13110E+1	9,79410E-10
1,13196E+1	9,41010E-10
1,13283E+1	1,01260E-9
1,13369E+1	8,47560E-10
1,13456E+1	9,28720E-10
1,13543E+1	9,73830E-10
1,13629E+1	8,64330E-10
1,13716E+1	9,36210E-10
1,13802E+1	9,48700E-10
1,13889E+1	9,14050E-10
1,13976E+1	9,01450E-10
1,14062E+1	8,08200E-10
1,14149E+1	8,64690E-10
1,14235E+1	1,19853E-9
1,14322E+1	9,70820E-10
1,14409E+1	9,56020E-10
1,14495E+1	9,78030E-10
1,14582E+1	8,47630E-10
1,14668E+1	1,08389E-9
1,14755E+1	1,26406E-9
1,14842E+1	8,50880E-10
1,14928E+1	1,21002E-9
1,15015E+1	1,08160E-9
1,15101E+1	8,43930E-10
1,15188E+1	9,06910E-10
1,15275E+1	1,15281E-9
1,15361E+1	9,16770E-10
1,15448E+1	1,18436E-9
1,15535E+1	1,13751E-9
1,15621E+1	8,84380E-10
1,15708E+1	1,04431E-9
1,15794E+1	1,05176E-9
1,15881E+1	1,01007E-9
1,15968E+1	9,11750E-10
1,16054E+1	1,06868E-9
1,16141E+1	1,19850E-9
1,16227E+1	8,32570E-10
1,16314E+1	1,08604E-9
1,16401E+1	1,24965E-9
1,16487E+1	9,84870E-10
1,16574E+1	1,18394E-9
1,16660E+1	1,11188E-9
1,16747E+1	1,35303E-9
1,16834E+1	1,27852E-9
1,16920E+1	9,93280E-10
1,17007E+1	1,03200E-9
1,17093E+1	1,10167E-9
1,17180E+1	1,30031E-9
1,17267E+1	1,16208E-9
1,17353E+1	1,05784E-9
1,17440E+1	1,01007E-9
1,17527E+1	1,15864E-9
1,17613E+1	1,20399E-9
1,17700E+1	1,11280E-9
1,17786E+1	1,27250E-9
1,17873E+1	1,19506E-9
1,17960E+1	1,15232E-9
1,18046E+1	1,31143E-9
1,18133E+1	1,34175E-9
1,18219E+1	1,50612E-9
1,18306E+1	1,32961E-9
1,18393E+1	1,16312E-9
1,18479E+1	1,23330E-9
1,18566E+1	1,34372E-9
1,18652E+1	1,28573E-9
1,18739E+1	1,28749E-9
1,18826E+1	1,41760E-9
1,18912E+1	1,12294E-9
1,18999E+1	1,22142E-9
1,19085E+1	1,28118E-9
1,19172E+1	1,27341E-9
1,19259E+1	1,44983E-9
1,19345E+1	1,31079E-9
1,19432E+1	1,41995E-9
1,19519E+1	1,09510E-9
1,19605E+1	1,39502E-9
1,19692E+1	1,28224E-9
1,19778E+1	1,17619E-9
1,19865E+1	1,31642E-9
1,19952E+1	1,29030E-9
1,20038E+1	1,34673E-9
1,20125E+1	1,24378E-9
1,20211E+1	1,36191E-9
1,20298E+1	1,40540E-9
1,20385E+1	1,20573E-9
1,20471E+1	1,32201E-9
1,20558E+1	1,38213E-9
1,20644E+1	1,36410E-9
1,20731E+1	1,60780E-9
1,20818E+1	1,48653E-9
1,20904E+1	1,25391E-9
1,20991E+1	1,62990E-9
1,21077E+1	1,26430E-9
1,21164E+1	1,46025E-9
1,21251E+1	1,31960E-9
1,21337E+1	1,25620E-9
1,21424E+1	1,38665E-9
1,21510E+1	1,21230E-9
1,21597E+1	1,35630E-9
1,21684E+1	1,54620E-9
1,21770E+1	1,36612E-9
1,21857E+1	1,25490E-9
1,21944E+1	1,26811E-9
1,22030E+1	1,54741E-9
1,22117E+1	1,46890E-9
1,22203E+1	1,35630E-9
1,22290E+1	1,45291E-9
1,22377E+1	1,51650E-9
1,22463E+1	1,58330E-9
1,22550E+1	1,67744E-9
1,22636E+1	1,74120E-9
1,22723E+1	1,56998E-9
1,22810E+1	1,57568E-9
1,22896E+1	1,63245E-9
1,22983E+1	1,60895E-9
1,23069E+1	1,61480E-9
1,23156E+1	1,57660E-9
1,23243E+1	1,66870E-9
1,23329E+1	1,56420E-9
1,23416E+1	1,68920E-9
1,23502E+1	1,64544E-9
1,23589E+1	1,69310E-9
1,23676E+1	1,71240E-9
1,23762E+1	1,73900E-9
1,23849E+1	1,75905E-9
1,23936E+1	1,68216E-9
1,24022E+1	1,45220E-9
1,24109E+1	1,85200E-9
1,24195E+1	1,56910E-9
1,24282E+1	1,61286E-9
1,24369E+1	2,06110E-9
1,24455E+1	1,59480E-9
1,24542E+1	1,65720E-9
1,24628E+1	1,79200E-9
1,24715E+1	1,80140E-9
1,24802E+1	2,00460E-9
1,24888E+1	1,93730E-9
1,24975E+1	1,83370E-9
1,25061E+1	1,61306E-9
1,25148E+1	1,69541E-9
1,25235E+1	2,24510E-9
1,25321E+1	1,88221E-9
1,25408E+1	1,73250E-9
1,25494E+1	1,69540E-9
1,25581E+1	1,99950E-9
1,25668E+1	2,07220E-9
1,25754E+1	2,03310E-9
1,25841E+1	1,86790E-9
1,25927E+1	1,76430E-9
1,26014E+1	1,89060E-9
1,26101E+1	1,56720E-9
1,26187E+1	1,84310E-9
1,26274E+1	1,78350E-9
1,26361E+1	1,83890E-9
1,26447E+1	2,29060E-9
1,26534E+1	2,03040E-9
1,26620E+1	2,17950E-9
1,26707E+1	2,13460E-9
1,26794E+1	2,01380E-9
1,26880E+1	2,01390E-9
1,26967E+1	2,22650E-9
1,27053E+1	2,04880E-9
1,27140E+1	2,18460E-9
1,27227E+1	2,06460E-9
1,27313E+1	2,27760E-9
1,27400E+1	2,18210E-9
1,27486E+1	2,24590E-9
1,27573E+1	2,30850E-9
1,27660E+1	2,20340E-9
1,27746E+1	2,00130E-9
1,27833E+1	2,27710E-9
1,27919E+1	2,07690E-9
1,28006E+1	2,06320E-9
1,28093E+1	2,12120E-9
1,28179E+1	2,06710E-9
1,28266E+1	2,03270E-9
1,28353E+1	2,14320E-9
1,28439E+1	2,47950E-9
1,28526E+1	2,10420E-9
1,28612E+1	2,00150E-9
1,28699E+1	2,17540E-9
1,28786E+1	2,16160E-9
1,28872E+1	2,71130E-9
1,28959E+1	2,09500E-9
1,29045E+1	2,17130E-9
1,29132E+1	2,09630E-9
1,29219E+1	2,34780E-9
1,29305E+1	2,42230E-9
1,29392E+1	2,14230E-9
1,29478E+1	2,10320E-9
1,29565E+1	2,22750E-9
1,29652E+1	2,33060E-9
1,29738E+1	2,50230E-9
1,29825E+1	2,50610E-9
1,29911E+1	2,53390E-9
1,29998E+1	2,44350E-9
1,30085E+1	2,27500E-9
1,30171E+1	2,28020E-9
1,30258E+1	2,77290E-9
1,30344E+1	2,77340E-9
1,30431E+1	2,23070E-9
1,30518E+1	2,53260E-9
1,30604E+1	2,63020E-9
1,30691E+1	2,69770E-9
1,30778E+1	2,64360E-9
1,30864E+1	2,74780E-9
1,30951E+1	2,60370E-9
1,31037E+1	2,50530E-9
1,31124E+1	2,62110E-9
1,31211E+1	3,02670E-9
1,31297E+1	2,51500E-9
1,31384E+1	2,85060E-9
1,31470E+1	2,74940E-9
1,31557E+1	2,79100E-9
1,31644E+1	2,51940E-9
1,31730E+1	2,76960E-9
1,31817E+1	3,02200E-9
1,31903E+1	3,36290E-9
1,31990E+1	2,78710E-9
1,32077E+1	2,61950E-9
1,32163E+1	3,02660E-9
1,32250E+1	2,88300E-9
1,32336E+1	2,71330E-9
1,32423E+1	3,39440E-9
1,32510E+1	2,99630E-9
1,32596E+1	2,75700E-9
1,32683E+1	3,31090E-9
1,32770E+1	3,32940E-9
1,32856E+1	3,16790E-9
1,32943E+1	2,97890E-9
1,33029E+1	3,15040E-9
1,33116E+1	3,28750E-9
1,33203E+1	3,45200E-9
1,33289E+1	3,00220E-9
1,33376E+1	3,25960E-9
1,33462E+1	3,21400E-9
1,33549E+1	3,22620E-9
1,33636E+1	3,04050E-9
1,33722E+1	3,44640E-9
1,33809E+1	3,18770E-9
1,33895E+1	3,25680E-9
1,33982E+1	3,10350E-9
1,34069E+1	3,20330E-9
1,34155E+1	3,58500E-9
1,34242E+1	3,28190E-9
1,34328E+1	3,38650E-9
1,34415E+1	3,48950E-9
1,34502E+1	3,61250E-9
1,34588E+1	3,77030E-9
1,34675E+1	3,50960E-9
1,34761E+1	3,36690E-9
1,34848E+1	3,62250E-9
1,34935E+1	3,91730E-9
1,35021E+1	3,53040E-9
1,35108E+1	3,86090E-9
1,35195E+1	4,03960E-9
1,35281E+1	4,05680E-9
1,35368E+1	3,99420E-9
1,35454E+1	3,89120E-9
1,35541E+1	4,20710E-9
1,35628E+1	3,94390E-9
1,35714E+1	4,26220E-9
1,35801E+1	4,06150E-9
1,35887E+1	4,58590E-9
1,35974E+1	4,30490E-9
1,36061E+1	4,00810E-9
1,36147E+1	4,32840E-9
1,36234E+1	4,26160E-9
1,36320E+1	4,44970E-9
1,36407E+1	4,33610E-9
1,36494E+1	4,20620E-9
1,36580E+1	4,74610E-9
1,36667E+1	4,61230E-9
1,36753E+1	4,72250E-9
1,36840E+1	4,15340E-9
1,36927E+1	4,58480E-9
1,37013E+1	4,46200E-9
1,37100E+1	4,76310E-9
1,37187E+1	4,59680E-9
1,37273E+1	4,98840E-9
1,37360E+1	4,52680E-9
1,37446E+1	5,15960E-9
1,37533E+1	4,92160E-9
1,37620E+1	5,16750E-9
1,37706E+1	5,01930E-9
1,37793E+1	4,99810E-9
1,37879E+1	5,19590E-9
1,37966E+1	5,31350E-9
1,38053E+1	5,29000E-9
1,38139E+1	5,33670E-9
1,38226E+1	5,34550E-9
1,38312E+1	5,90020E-9
1,38399E+1	5,71110E-9
1,38486E+1	4,92260E-9
1,38572E+1	5,90450E-9
1,38659E+1	5,46660E-9
1,38745E+1	6,18610E-9
1,38832E+1	5,81150E-9
1,38919E+1	6,21770E-9
1,39005E+1	6,18070E-9
1,39092E+1	6,04650E-9
1,39179E+1	6,13480E-9
1,39265E+1	6,16690E-9
1,39352E+1	6,09150E-9
1,39438E+1	6,73850E-9
1,39525E+1	6,59820E-9
1,39612E+1	6,69370E-9
1,39698E+1	6,74620E-9
1,39785E+1	6,94190E-9
1,39871E+1	7,53950E-9
1,39958E+1	8,00250E-9
1,40045E+1	7,51710E-9
1,40131E+1	7,74400E-9
1,40218E+1	7,63290E-9
1,40304E+1	8,29480E-9
1,40391E+1	8,51850E-9
1,40478E+1	8,95680E-9
1,40564E+1	9,00920E-9
1,40651E+1	9,38870E-9
1,40737E+1	9,31300E-9
1,40824E+1	9,93570E-9
1,40911E+1	1,02100E-8
1,40997E+1	1,03700E-8
1,41084E+1	1,11107E-8
1,41170E+1	1,09824E-8
1,41257E+1	1,10483E-8
1,41344E+1	1,21714E-8
1,41430E+1	1,22473E-8
1,41517E+1	1,31948E-8
1,41604E+1	1,19284E-8
1,41690E+1	1,21548E-8
1,41777E+1	1,19347E-8
1,41863E+1	1,25864E-8
1,41950E+1	1,29319E-8
1,42037E+1	1,22520E-8
1,42123E+1	1,15350E-8
1,42210E+1	1,18528E-8
1,42296E+1	1,18839E-8
1,42383E+1	1,15383E-8
1,42470E+1	1,19367E-8
1,42556E+1	1,08691E-8
1,42643E+1	1,02858E-8
1,42729E+1	1,00979E-8
1,42816E+1	9,68960E-9
1,42903E+1	9,94930E-9
1,42989E+1	9,32930E-9
1,43076E+1	8,51350E-9
1,43162E+1	7,77870E-9
1,43249E+1	8,09090E-9
1,43336E+1	8,01730E-9
1,43422E+1	7,53140E-9
1,43509E+1	7,65070E-9
1,43596E+1	7,61810E-9
1,43682E+1	7,84260E-9
1,43769E+1	7,08800E-9
1,43855E+1	7,22560E-9
1,43942E+1	6,97880E-9
1,44029E+1	7,14810E-9
1,44115E+1	7,72400E-9
1,44202E+1	8,25440E-9
1,44288E+1	8,70470E-9
1,44375E+1	8,38400E-9
1,44462E+1	1,00658E-8
1,44548E+1	9,99860E-9
1,44635E+1	1,11607E-8
1,44721E+1	1,21326E-8
1,44808E+1	1,39342E-8
1,44895E+1	1,58780E-8
1,44981E+1	1,72642E-8
1,45068E+1	1,84834E-8
1,45154E+1	2,16870E-8
1,45241E+1	2,25640E-8
1,45328E+1	2,47720E-8
1,45414E+1	2,67280E-8
1,45501E+1	2,64370E-8
1,45587E+1	2,85640E-8
1,45674E+1	2,90780E-8
1,45761E+1	3,07840E-8
1,45847E+1	3,13100E-8
1,45934E+1	3,16270E-8
1,46021E+1	3,14210E-8
1,46107E+1	3,08910E-8
1,46194E+1	3,00760E-8
1,46280E+1	2,98990E-8
1,46367E+1	2,83720E-8
1,46454E+1	2,70390E-8
1,46540E+1	2,59880E-8
1,46627E+1	2,33580E-8
1,46713E+1	2,15680E-8
1,46800E+1	1,83210E-8
1,46887E+1	1,76860E-8
1,46973E+1	1,47406E-8
1,47060E+1	1,35034E-8
1,47146E+1	1,22832E-8
1,47233E+1	9,90120E-9
1,47320E+1	8,61540E-9
1,47406E+1	6,73480E-9
1,47493E+1	6,05920E-9
1,47579E+1	4,42220E-9
1,47666E+1	3,65870E-9
1,47753E+1	3,22350E-9
1,47839E+1	2,51940E-9
1,47926E+1	1,67510E-9
1,48013E+1	1,36000E-9
1,48099E+1	9,48520E-10
1,48186E+1	8,55250E-10
1,48272E+1	7,24480E-10
1,48359E+1	5,25100E-10
1,48446E+1	4,85060E-10
1,48532E+1	2,33280E-10
1,48619E+1	1,75642E-10
1,48705E+1	1,68042E-10
1,48792E+1	1,26554E-10
1,48879E+1	8,03320E-11
1,48965E+1	4,40430E-11
1,49052E+1	4,20810E-11
1,49138E+1	2,02370E-11
1,49225E+1	6,50800E-12
1,49312E+1	6,45410E-12
1,49398E+1	6,02110E-12
1,49485E+1	6,92160E-12
1,49571E+1	5,89660E-12
1,49658E+1	3,74180E-12
1,49745E+1	2,37620E-12
1,49831E+1	2,31290E-12
