E, keV	I, A
6,00327E+0	1,02182E-10
6,01426E+0	1,04869E-10
6,02526E+0	1,11175E-10
6,03625E+0	9,70850E-11
6,04725E+0	1,22129E-10
6,05824E+0	1,01322E-10
6,06924E+0	1,00485E-10
6,08024E+0	9,87230E-11
6,09123E+0	1,08135E-10
6,10222E+0	1,19940E-10
6,11322E+0	1,21838E-10
6,12421E+0	1,22980E-10
6,13521E+0	1,17491E-10
6,14620E+0	8,84490E-11
6,15720E+0	1,08507E-10
6,16819E+0	1,07666E-10
6,17919E+0	1,03401E-10
6,19018E+0	1,30092E-10
6,20118E+0	1,39370E-10
6,21218E+0	1,31812E-10
6,22317E+0	1,24019E-10
6,23416E+0	1,07364E-10
6,24516E+0	1,12463E-10
6,25615E+0	1,25602E-10
6,26715E+0	1,19472E-10
6,27814E+0	1,42913E-10
6,28914E+0	1,34015E-10
6,30014E+0	1,22496E-10
6,31113E+0	1,12302E-10
6,32212E+0	1,02328E-10
6,33312E+0	1,11692E-10
6,34411E+0	9,84620E-11
6,35511E+0	1,07511E-10
6,36610E+0	1,17722E-10
6,37710E+0	1,09922E-10
6,38809E+0	1,04627E-10
6,39909E+0	1,23832E-10
6,41008E+0	1,13860E-10
6,42108E+0	1,08207E-10
6,43207E+0	1,12029E-10
6,44307E+0	1,16885E-10
6,45406E+0	1,01530E-10
6,46506E+0	1,10580E-10
6,47605E+0	1,05281E-10
6,48705E+0	1,20532E-10
6,49804E+0	1,06200E-10
6,50904E+0	1,27424E-10
6,52003E+0	1,26559E-10
6,53103E+0	1,14570E-10
6,54202E+0	1,31410E-10
6,55302E+0	1,29913E-10
6,56401E+0	1,21355E-10
6,57501E+0	1,05335E-10
6,58601E+0	1,46347E-10
6,59700E+0	1,16545E-10
6,60799E+0	1,41662E-10
6,61899E+0	1,43931E-10
6,62998E+0	1,40995E-10
6,64098E+0	1,25798E-10
6,65197E+0	1,38185E-10
6,66297E+0	1,32708E-10
6,67396E+0	1,27086E-10
6,68496E+0	1,41192E-10
6,69595E+0	1,23701E-10
6,70695E+0	1,22364E-10
6,71795E+0	1,30188E-10
6,72894E+0	1,27583E-10
6,73993E+0	1,43054E-10
6,75093E+0	1,41130E-10
6,76192E+0	1,26706E-10
6,77292E+0	1,50026E-10
6,78391E+0	1,61832E-10
6,79491E+0	1,57918E-10
6,80591E+0	1,47869E-10
6,81690E+0	1,31822E-10
6,82789E+0	1,49002E-10
6,83889E+0	1,61313E-10
6,84988E+0	1,63101E-10
6,86088E+0	1,45627E-10
6,87187E+0	1,55281E-10
6,88287E+0	1,75230E-10
6,89386E+0	1,75479E-10
6,90486E+0	1,74607E-10
6,91585E+0	1,75855E-10
6,92685E+0	1,58663E-10
6,93784E+0	1,80729E-10
6,94884E+0	1,55735E-10
6,95983E+0	1,73793E-10
6,97083E+0	1,64785E-10
6,98182E+0	1,75088E-10
6,99282E+0	1,96129E-10
7,00381E+0	1,88822E-10
7,01481E+0	2,35140E-10
7,02580E+0	2,49970E-10
7,03680E+0	2,14220E-10
7,04779E+0	2,27990E-10
7,05879E+0	3,69610E-10
7,06978E+0	2,73490E-10
7,08078E+0	2,64880E-10
7,09177E+0	2,17520E-10
7,10277E+0	3,06150E-10
7,11376E+0	1,55175E-10
7,12476E+0	1,56181E-10
7,13575E+0	1,47091E-10
7,14675E+0	1,58376E-10
7,15774E+0	1,47624E-10
7,16874E+0	1,45146E-10
7,17973E+0	1,46363E-10
7,19073E+0	1,67210E-10
7,20172E+0	1,72890E-10
7,21272E+0	1,79316E-10
7,22371E+0	2,15090E-10
7,23471E+0	2,03980E-10
7,24570E+0	2,13340E-10
7,25670E+0	2,14990E-10
7,26769E+0	2,06590E-10
7,27869E+0	2,71300E-10
7,28968E+0	3,19000E-10
7,30068E+0	1,88782E-10
7,31168E+0	1,69219E-10
7,32267E+0	1,81642E-10
7,33366E+0	1,62399E-10
7,34466E+0	1,77124E-10
7,35565E+0	1,55255E-10
7,36665E+0	1,51473E-10
7,37764E+0	1,46671E-10
7,38864E+0	1,73589E-10
7,39963E+0	1,69158E-10
7,41063E+0	1,62690E-10
7,42162E+0	1,60703E-10
7,43262E+0	1,49445E-10
7,44361E+0	1,64579E-10
7,45461E+0	1,91105E-10
7,46560E+0	1,74112E-10
7,47660E+0	1,65888E-10
7,48759E+0	1,52057E-10
7,49859E+0	1,44971E-10
7,50958E+0	1,76195E-10
7,52058E+0	1,85031E-10
7,53157E+0	1,72105E-10
7,54257E+0	1,66223E-10
7,55356E+0	1,56761E-10
7,56456E+0	1,61538E-10
7,57555E+0	1,57741E-10
7,58655E+0	1,87755E-10
7,59754E+0	1,73007E-10
7,60854E+0	1,78939E-10
7,61953E+0	1,58638E-10
7,63053E+0	1,58814E-10
7,64152E+0	1,78159E-10
7,65252E+0	1,49505E-10
7,66351E+0	1,66678E-10
7,67451E+0	1,86089E-10
7,68551E+0	1,74135E-10
7,69650E+0	1,72261E-10
7,70749E+0	1,82966E-10
7,71849E+0	1,51806E-10
7,72948E+0	1,60741E-10
7,74048E+0	1,47683E-10
7,75147E+0	1,43224E-10
7,76247E+0	1,58182E-10
7,77346E+0	1,62324E-10
7,78446E+0	1,45390E-10
7,79545E+0	1,51682E-10
7,80645E+0	1,54953E-10
7,81745E+0	1,71793E-10
7,82844E+0	1,63566E-10
7,83943E+0	1,68052E-10
7,85043E+0	1,61603E-10
7,86142E+0	1,76098E-10
7,87242E+0	1,77066E-10
7,88341E+0	1,69536E-10
7,89441E+0	1,81308E-10
7,90541E+0	2,05973E-10
7,91640E+0	1,96450E-10
7,92739E+0	1,91537E-10
7,93839E+0	1,95171E-10
7,94938E+0	1,78200E-10
7,96038E+0	1,81604E-10
7,97137E+0	1,64141E-10
7,98237E+0	1,99430E-10
7,99336E+0	1,85634E-10
8,00436E+0	1,91500E-10
8,01535E+0	1,80122E-10
8,02635E+0	1,76390E-10
8,03734E+0	1,61553E-10
8,04834E+0	1,76380E-10
8,05933E+0	1,65625E-10
8,07033E+0	1,90060E-10
8,08132E+0	1,92474E-10
8,09232E+0	1,56543E-10
8,10332E+0	1,88630E-10
8,11431E+0	1,89804E-10
8,12530E+0	1,61572E-10
8,13630E+0	1,69593E-10
8,14729E+0	1,69450E-10
8,15829E+0	1,64760E-10
8,16928E+0	1,74170E-10
8,18028E+0	1,96494E-10
8,19127E+0	1,73744E-10
8,20227E+0	1,89061E-10
8,21326E+0	1,80381E-10
8,22426E+0	1,91507E-10
8,23526E+0	1,69824E-10
8,24625E+0	1,64899E-10
8,25724E+0	1,49326E-10
8,26824E+0	2,00768E-10
8,27923E+0	1,97224E-10
8,29023E+0	2,02598E-10
8,30122E+0	2,47150E-10
8,31222E+0	1,89267E-10
8,32321E+0	2,61620E-10
8,33421E+0	2,27600E-10
8,34520E+0	2,53280E-10
8,35620E+0	2,48990E-10
8,36720E+0	2,21630E-10
8,37819E+0	2,02070E-10
8,38918E+0	2,01031E-10
8,40018E+0	2,02830E-10
8,41118E+0	2,45220E-10
8,42217E+0	2,64120E-10
8,43316E+0	1,98209E-10
8,44416E+0	2,00735E-10
8,45515E+0	1,47490E-10
8,46615E+0	1,98547E-10
8,47715E+0	1,79268E-10
8,48814E+0	1,84797E-10
8,49913E+0	2,53240E-10
8,51013E+0	1,83504E-10
8,52112E+0	1,96414E-10
8,53212E+0	2,13070E-10
8,54311E+0	2,17340E-10
8,55411E+0	3,16940E-10
8,56510E+0	2,45310E-10
8,57610E+0	2,86230E-10
8,58709E+0	2,10650E-10
8,59809E+0	2,00581E-10
8,60909E+0	2,81930E-10
8,62008E+0	2,83440E-10
8,63107E+0	2,44950E-10
8,64207E+0	2,05661E-10
8,65306E+0	2,65290E-10
8,66406E+0	2,37560E-10
8,67505E+0	2,45730E-10
8,68605E+0	2,53310E-10
8,69704E+0	2,35270E-10
8,70804E+0	2,36770E-10
8,71903E+0	2,34390E-10
8,73003E+0	2,20610E-10
8,74102E+0	2,53850E-10
8,75202E+0	2,78410E-10
8,76301E+0	2,26690E-10
8,77401E+0	2,40720E-10
8,78500E+0	2,57770E-10
8,79600E+0	2,51750E-10
8,80699E+0	2,45670E-10
8,81799E+0	2,79320E-10
8,82898E+0	3,27650E-10
8,83998E+0	3,07670E-10
8,85098E+0	2,47370E-10
8,86197E+0	2,53740E-10
8,87296E+0	2,99410E-10
8,88396E+0	2,02620E-10
8,89495E+0	2,18030E-10
8,90595E+0	2,59920E-10
8,91694E+0	2,23190E-10
8,92794E+0	3,62700E-10
8,93894E+0	2,98310E-10
8,94993E+0	2,35740E-10
8,96092E+0	4,16890E-10
8,97192E+0	2,87810E-10
8,98291E+0	2,38910E-10
8,99391E+0	4,35880E-10
9,00490E+0	2,10360E-10
9,01590E+0	3,15070E-10
9,02689E+0	2,71760E-10
9,03789E+0	2,74460E-10
9,04889E+0	3,08090E-10
9,05988E+0	2,72770E-10
9,07087E+0	3,04460E-10
9,08187E+0	2,24280E-10
9,09286E+0	3,01900E-10
9,10386E+0	2,65410E-10
9,11485E+0	4,47050E-10
9,12585E+0	2,95350E-10
9,13684E+0	2,64270E-10
9,14784E+0	2,96220E-10
9,15883E+0	3,59450E-10
9,16983E+0	3,90100E-10
9,18082E+0	2,82910E-10
9,19182E+0	3,73810E-10
9,20281E+0	3,29960E-10
9,21381E+0	3,13650E-10
9,22480E+0	2,68130E-10
9,23580E+0	2,71260E-10
9,24679E+0	3,55050E-10
9,25779E+0	4,16970E-10
9,26878E+0	4,39480E-10
9,27978E+0	3,55540E-10
9,29077E+0	3,30300E-10
9,30177E+0	3,12770E-10
9,31277E+0	3,11030E-10
9,32376E+0	4,45160E-10
9,33475E+0	4,85600E-10
9,34575E+0	3,59170E-10
9,35674E+0	4,20040E-10
9,36774E+0	3,76220E-10
9,37873E+0	3,37850E-10
9,38973E+0	4,36670E-10
9,40072E+0	4,58040E-10
9,41172E+0	4,04560E-10
9,42272E+0	5,23230E-10
9,43371E+0	3,45100E-10
9,44470E+0	5,22360E-10
9,45570E+0	4,14330E-10
9,46669E+0	5,68820E-10
9,47769E+0	4,81500E-10
9,48869E+0	6,01730E-10
9,49968E+0	4,85050E-10
9,51067E+0	5,31420E-10
9,52167E+0	4,74560E-10
9,53266E+0	5,28640E-10
9,54366E+0	5,88010E-10
9,55465E+0	5,52450E-10
9,56565E+0	4,46350E-10
9,57665E+0	6,48830E-10
9,58764E+0	6,36740E-10
9,59863E+0	7,61570E-10
9,60963E+0	7,37670E-10
9,62062E+0	5,79470E-10
9,62210E+0	6,24860E-10
9,63076E+0	4,51910E-10
9,63942E+0	7,38540E-10
9,64808E+0	6,40770E-10
9,65674E+0	6,71060E-10
9,66540E+0	7,20370E-10
9,67406E+0	6,62420E-10
9,68272E+0	6,38950E-10
9,69138E+0	6,63220E-10
9,70004E+0	7,71570E-10
9,70870E+0	5,91600E-10
9,71737E+0	7,77660E-10
9,72603E+0	7,85480E-10
9,73469E+0	9,41710E-10
9,74335E+0	7,00470E-10
9,75201E+0	7,51650E-10
9,76067E+0	5,98910E-10
9,76933E+0	6,98360E-10
9,77799E+0	6,25730E-10
9,78665E+0	7,80620E-10
9,79531E+0	7,26220E-10
9,80397E+0	6,84620E-10
9,81263E+0	5,98190E-10
9,82130E+0	7,83140E-10
9,82996E+0	7,11790E-10
9,83862E+0	7,80750E-10
9,84728E+0	7,16260E-10
9,85594E+0	8,04080E-10
9,86460E+0	7,17360E-10
9,87326E+0	8,14810E-10
9,88192E+0	7,01430E-10
9,89058E+0	6,81760E-10
9,89924E+0	7,11780E-10
9,90790E+0	6,92830E-10
9,91656E+0	7,76120E-10
9,92522E+0	7,08050E-10
9,93389E+0	6,62680E-10
9,94255E+0	7,54320E-10
9,95121E+0	7,88940E-10
9,95987E+0	6,83150E-10
9,96853E+0	6,97210E-10
9,97719E+0	6,81890E-10
9,98585E+0	6,51870E-10
9,99451E+0	7,74430E-10
1,00032E+1	6,83110E-10
1,00118E+1	6,74790E-10
1,00205E+1	5,90330E-10
1,00292E+1	6,06230E-10
1,00378E+1	5,40440E-10
1,00465E+1	5,33600E-10
1,00551E+1	5,93690E-10
1,00638E+1	6,34340E-10
1,00725E+1	7,09310E-10
1,00811E+1	5,75140E-10
1,00898E+1	6,92560E-10
1,00984E+1	5,25770E-10
1,01071E+1	5,23810E-10
1,01158E+1	5,35660E-10
1,01244E+1	4,95150E-10
1,01331E+1	6,37020E-10
1,01417E+1	6,88290E-10
1,01504E+1	6,75030E-10
1,01591E+1	6,02230E-10
1,01677E+1	6,04400E-10
1,01764E+1	6,67910E-10
1,01850E+1	5,30900E-10
1,01937E+1	7,01870E-10
1,02024E+1	5,85960E-10
1,02110E+1	5,56530E-10
1,02197E+1	5,97960E-10
1,02284E+1	6,92260E-10
1,02370E+1	6,46760E-10
1,02457E+1	5,70070E-10
1,02543E+1	5,76960E-10
1,02630E+1	6,78300E-10
1,02717E+1	6,58350E-10
1,02803E+1	6,31360E-10
1,02890E+1	6,81810E-10
1,02976E+1	7,46960E-10
1,03063E+1	6,46560E-10
1,03150E+1	5,74540E-10
1,03236E+1	5,49060E-10
1,03323E+1	7,45840E-10
1,03409E+1	6,58090E-10
1,03496E+1	7,84100E-10
1,03583E+1	7,47140E-10
1,03669E+1	6,47550E-10
1,03756E+1	7,03920E-10
1,03842E+1	6,74110E-10
1,03929E+1	6,26690E-10
1,04016E+1	6,38110E-10
1,04102E+1	7,45930E-10
1,04189E+1	6,13340E-10
1,04276E+1	6,93580E-10
1,04362E+1	6,89720E-10
1,04449E+1	6,07790E-10
1,04535E+1	7,25820E-10
1,04622E+1	6,89540E-10
1,04709E+1	7,51500E-10
1,04795E+1	7,33470E-10
1,04882E+1	6,79720E-10
1,04968E+1	6,95970E-10
1,05055E+1	6,12810E-10
1,05142E+1	6,28660E-10
1,05228E+1	7,49400E-10
1,05315E+1	6,83590E-10
1,05401E+1	5,96860E-10
1,05488E+1	8,67110E-10
1,05575E+1	6,42450E-10
1,05661E+1	7,68920E-10
1,05748E+1	6,63960E-10
1,05834E+1	7,36700E-10
1,05921E+1	6,78110E-10
1,06008E+1	8,58340E-10
1,06094E+1	5,66020E-10
1,06181E+1	8,53760E-10
1,06267E+1	7,82800E-10
1,06354E+1	6,42650E-10
1,06441E+1	7,79100E-10
1,06527E+1	5,98760E-10
1,06614E+1	7,75920E-10
1,06701E+1	6,40130E-10
1,06787E+1	6,46020E-10
1,06874E+1	7,45460E-10
1,06960E+1	7,28190E-10
1,07047E+1	7,99770E-10
1,07134E+1	8,52070E-10
1,07220E+1	8,63470E-10
1,07307E+1	6,57010E-10
1,07393E+1	8,32350E-10
1,07480E+1	8,95840E-10
1,07567E+1	8,31200E-10
1,07653E+1	6,59750E-10
1,07740E+1	7,19600E-10
1,07826E+1	6,36820E-10
1,07913E+1	9,93770E-10
1,08000E+1	7,91580E-10
1,08086E+1	7,32570E-10
1,08173E+1	8,72190E-10
1,08259E+1	6,45640E-10
1,08346E+1	7,60420E-10
1,08433E+1	6,81970E-10
1,08519E+1	7,90360E-10
1,08606E+1	8,58350E-10
1,08693E+1	6,07280E-10
1,08779E+1	7,62050E-10
1,08866E+1	7,01780E-10
1,08952E+1	8,05250E-10
1,09039E+1	7,36430E-10
1,09126E+1	7,46470E-10
1,09212E+1	8,06170E-10
1,09299E+1	6,22640E-10
1,09385E+1	8,46810E-10
1,09472E+1	7,61620E-10
1,09559E+1	7,96040E-10
1,09645E+1	8,14560E-10
1,09732E+1	6,78300E-10
1,09818E+1	9,97040E-10
1,09905E+1	6,78790E-10
1,09992E+1	6,77410E-10
1,10078E+1	7,64810E-10
1,10165E+1	7,09250E-10
1,10251E+1	8,38470E-10
1,10338E+1	8,95060E-10
1,10425E+1	7,75160E-10
1,10511E+1	8,55830E-10
1,10598E+1	8,55200E-10
1,10684E+1	9,98480E-10
1,10771E+1	7,10040E-10
1,10858E+1	7,99910E-10
1,10944E+1	9,70520E-10
1,11031E+1	7,67660E-10
1,11118E+1	7,97590E-10
1,11204E+1	8,69380E-10
1,11291E+1	8,84040E-10
1,11377E+1	9,35630E-10
1,11464E+1	8,54270E-10
1,11551E+1	7,61990E-10
1,11637E+1	1,14545E-9
1,11724E+1	6,94880E-10
1,11810E+1	7,92810E-10
1,11897E+1	8,98720E-10
1,11984E+1	7,79180E-10
1,12070E+1	9,07270E-10
1,12157E+1	9,39400E-10
1,12243E+1	8,06790E-10
1,12330E+1	9,13080E-10
1,12417E+1	8,73260E-10
1,12503E+1	8,59070E-10
1,12590E+1	1,07667E-9
1,12676E+1	1,02305E-9
1,12763E+1	9,09170E-10
1,12850E+1	9,57000E-10
1,12936E+1	8,80850E-10
1,13023E+1	1,11338E-9
1,13110E+1	8,46760E-10
1,13196E+1	8,83040E-10
1,13283E+1	8,76960E-10
1,13369E+1	1,20883E-9
1,13456E+1	1,02305E-9
1,13543E+1	1,09839E-9
1,13629E+1	9,67870E-10
1,13716E+1	1,18650E-9
1,13802E+1	1,04429E-9
1,13889E+1	1,01280E-9
1,13976E+1	1,15015E-9
1,14062E+1	1,15428E-9
1,14149E+1	1,02807E-9
1,14235E+1	1,15435E-9
1,14322E+1	9,92650E-10
1,14409E+1	9,96320E-10
1,14495E+1	1,03828E-9
1,14582E+1	8,26710E-10
1,14668E+1	1,04055E-9
1,14755E+1	1,07747E-9
1,14842E+1	1,07399E-9
1,14928E+1	1,03338E-9
1,15015E+1	1,09710E-9
1,15101E+1	1,03397E-9
1,15188E+1	9,49290E-10
1,15275E+1	1,00336E-9
1,15361E+1	9,43920E-10
1,15448E+1	1,10884E-9
1,15535E+1	8,95500E-10
1,15621E+1	8,87150E-10
1,15708E+1	9,45540E-10
1,15794E+1	1,08286E-9
1,15881E+1	9,17070E-10
1,15968E+1	1,23003E-9
1,16054E+1	1,24762E-9
1,16141E+1	1,06290E-9
1,16227E+1	1,17182E-9
1,16314E+1	1,04336E-9
1,16401E+1	1,26984E-9
1,16487E+1	1,07640E-9
1,16574E+1	1,23143E-9
1,16660E+1	1,13223E-9
1,16747E+1	1,12146E-9
1,16834E+1	1,17509E-9
1,16920E+1	1,24291E-9
1,17007E+1	1,30464E-9
1,17093E+1	1,19858E-9
1,17180E+1	9,25740E-10
1,17267E+1	1,05202E-9
1,17353E+1	1,46462E-9
1,17440E+1	1,19561E-9
1,17527E+1	1,11124E-9
1,17613E+1	1,29231E-9
1,17700E+1	1,15082E-9
1,17786E+1	1,57520E-9
1,17873E+1	1,16451E-9
1,17960E+1	1,37058E-9
1,18046E+1	1,55827E-9
1,18133E+1	1,29546E-9
1,18219E+1	1,19124E-9
1,18306E+1	1,22437E-9
1,18393E+1	1,13415E-9
1,18479E+1	1,20542E-9
1,18566E+1	1,24569E-9
1,18652E+1	1,25018E-9
1,18739E+1	1,20065E-9
1,18826E+1	1,35200E-9
1,18912E+1	1,29963E-9
1,18999E+1	1,49991E-9
1,19085E+1	1,25160E-9
1,19172E+1	1,32356E-9
1,19259E+1	1,45956E-9
1,19345E+1	1,35515E-9
1,19432E+1	1,29120E-9
1,19519E+1	1,58636E-9
1,19605E+1	1,36297E-9
1,19692E+1	1,53378E-9
1,19778E+1	1,50248E-9
1,19865E+1	1,38969E-9
1,19952E+1	1,50210E-9
1,20038E+1	1,55982E-9
1,20125E+1	1,40060E-9
1,20211E+1	1,61162E-9
1,20298E+1	1,30939E-9
1,20385E+1	1,48073E-9
1,20471E+1	1,54130E-9
1,20558E+1	1,37580E-9
1,20644E+1	1,67123E-9
1,20731E+1	1,33733E-9
1,20818E+1	1,50468E-9
1,20904E+1	1,54782E-9
1,20991E+1	1,58398E-9
1,21077E+1	1,61690E-9
1,21164E+1	1,82370E-9
1,21251E+1	1,36330E-9
1,21337E+1	1,41115E-9
1,21424E+1	1,65790E-9
1,21510E+1	1,40640E-9
1,21597E+1	1,89700E-9
1,21684E+1	1,59650E-9
1,21770E+1	1,39865E-9
1,21857E+1	1,45730E-9
1,21944E+1	1,61988E-9
1,22030E+1	1,49312E-9
1,22117E+1	1,54444E-9
1,22203E+1	1,72170E-9
1,22290E+1	1,52700E-9
1,22377E+1	1,51372E-9
1,22463E+1	1,62170E-9
1,22550E+1	1,43019E-9
1,22636E+1	1,62410E-9
1,22723E+1	1,74350E-9
1,22810E+1	1,95830E-9
1,22896E+1	1,21521E-9
1,22983E+1	2,03880E-9
1,23069E+1	1,49390E-9
1,23156E+1	1,99640E-9
1,23243E+1	1,58549E-9
1,23329E+1	1,71573E-9
1,23416E+1	1,56197E-9
1,23502E+1	1,65730E-9
1,23589E+1	2,03780E-9
1,23676E+1	1,61152E-9
1,23762E+1	1,79060E-9
1,23849E+1	1,87390E-9
1,23936E+1	1,84296E-9
1,24022E+1	1,96190E-9
1,24109E+1	1,93770E-9
1,24195E+1	2,01260E-9
1,24282E+1	1,82520E-9
1,24369E+1	1,89150E-9
1,24455E+1	2,13070E-9
1,24542E+1	1,94690E-9
1,24628E+1	2,09070E-9
1,24715E+1	1,69940E-9
1,24802E+1	2,09910E-9
1,24888E+1	2,07240E-9
1,24975E+1	2,08930E-9
1,25061E+1	2,01470E-9
1,25148E+1	2,04460E-9
1,25235E+1	2,18340E-9
1,25321E+1	2,14470E-9
1,25408E+1	2,05130E-9
1,25494E+1	1,83665E-9
1,25581E+1	2,00050E-9
1,25668E+1	2,10060E-9
1,25754E+1	2,05630E-9
1,25841E+1	2,07930E-9
1,25927E+1	2,08790E-9
1,26014E+1	2,13840E-9
1,26101E+1	2,17440E-9
1,26187E+1	2,05110E-9
1,26274E+1	2,05940E-9
1,26361E+1	2,01130E-9
1,26447E+1	2,10620E-9
1,26534E+1	2,27850E-9
1,26620E+1	2,04390E-9
1,26707E+1	2,21840E-9
1,26794E+1	2,09250E-9
1,26880E+1	2,36820E-9
1,26967E+1	2,19370E-9
1,27053E+1	2,20830E-9
1,27140E+1	2,02130E-9
1,27227E+1	2,09940E-9
1,27313E+1	2,02040E-9
1,27400E+1	2,25840E-9
1,27486E+1	2,32870E-9
1,27573E+1	2,29690E-9
1,27660E+1	2,42860E-9
1,27746E+1	2,41220E-9
1,27833E+1	2,09770E-9
1,27919E+1	2,18380E-9
1,28006E+1	2,42470E-9
1,28093E+1	2,14820E-9
1,28179E+1	2,19160E-9
1,28266E+1	2,35100E-9
1,28353E+1	2,35420E-9
1,28439E+1	2,45180E-9
1,28526E+1	2,69860E-9
1,28612E+1	2,34240E-9
1,28699E+1	2,18960E-9
1,28786E+1	2,01090E-9
1,28872E+1	2,29560E-9
1,28959E+1	2,61420E-9
1,29045E+1	2,53350E-9
1,29132E+1	2,45800E-9
1,29219E+1	2,46740E-9
1,29305E+1	2,74540E-9
1,29392E+1	2,34420E-9
1,29478E+1	2,64880E-9
1,29565E+1	2,45630E-9
1,29652E+1	2,52610E-9
1,29738E+1	2,53440E-9
1,29825E+1	2,62140E-9
1,29911E+1	2,52240E-9
1,29998E+1	2,59870E-9
1,30085E+1	2,57000E-9
1,30171E+1	2,70980E-9
1,30258E+1	2,25380E-9
1,30344E+1	2,60420E-9
1,30431E+1	2,74190E-9
1,30518E+1	2,64220E-9
1,30604E+1	2,61570E-9
1,30691E+1	2,71300E-9
1,30778E+1	2,84980E-9
1,30864E+1	2,47020E-9
1,30951E+1	2,80160E-9
1,31037E+1	2,74030E-9
1,31124E+1	2,68420E-9
1,31211E+1	2,64280E-9
1,31297E+1	2,65420E-9
1,31384E+1	2,75470E-9
1,31470E+1	2,99070E-9
1,31557E+1	3,33690E-9
1,31644E+1	3,02330E-9
1,31730E+1	2,88390E-9
1,31817E+1	2,98780E-9
1,31903E+1	3,37050E-9
1,31990E+1	3,02000E-9
1,32077E+1	3,36080E-9
1,32163E+1	2,80220E-9
1,32250E+1	3,05650E-9
1,32336E+1	3,16680E-9
1,32423E+1	3,56960E-9
1,32510E+1	3,23580E-9
1,32596E+1	3,29950E-9
1,32683E+1	3,15120E-9
1,32770E+1	3,43060E-9
1,32856E+1	2,86360E-9
1,32943E+1	3,60320E-9
1,33029E+1	3,62280E-9
1,33116E+1	3,44190E-9
1,33203E+1	3,63030E-9
1,33289E+1	3,49870E-9
1,33376E+1	3,39590E-9
1,33462E+1	3,55130E-9
1,33549E+1	3,43220E-9
1,33636E+1	3,92610E-9
1,33722E+1	3,46620E-9
1,33809E+1	3,88160E-9
1,33895E+1	3,56200E-9
1,33982E+1	3,63770E-9
1,34069E+1	3,47840E-9
1,34155E+1	3,65630E-9
1,34242E+1	3,50050E-9
1,34328E+1	3,49910E-9
1,34415E+1	3,65370E-9
1,34502E+1	3,43160E-9
1,34588E+1	3,79570E-9
1,34675E+1	4,02720E-9
1,34761E+1	3,87580E-9
1,34848E+1	4,21850E-9
1,34935E+1	4,27790E-9
1,35021E+1	4,12430E-9
1,35108E+1	4,15730E-9
1,35195E+1	4,08330E-9
1,35281E+1	4,19880E-9
1,35368E+1	4,42060E-9
1,35454E+1	4,22980E-9
1,35541E+1	3,95870E-9
1,35628E+1	4,14030E-9
1,35714E+1	4,53560E-9
1,35801E+1	4,47920E-9
1,35887E+1	4,40490E-9
1,35974E+1	4,70660E-9
1,36061E+1	4,60890E-9
1,36147E+1	4,84840E-9
1,36234E+1	4,48650E-9
1,36320E+1	4,42940E-9
1,36407E+1	5,02180E-9
1,36494E+1	4,72240E-9
1,36580E+1	4,98350E-9
1,36667E+1	4,84820E-9
1,36753E+1	4,91310E-9
1,36840E+1	4,63780E-9
1,36927E+1	5,08230E-9
1,37013E+1	5,36900E-9
1,37100E+1	5,23250E-9
1,37187E+1	5,26510E-9
1,37273E+1	4,97480E-9
1,37360E+1	5,52620E-9
1,37446E+1	5,36940E-9
1,37533E+1	5,52850E-9
1,37620E+1	5,03220E-9
1,37706E+1	5,75900E-9
1,37793E+1	5,35090E-9
1,37879E+1	5,30190E-9
1,37966E+1	5,52210E-9
1,38053E+1	5,75770E-9
1,38139E+1	5,50060E-9
1,38226E+1	5,93630E-9
1,38312E+1	5,89510E-9
1,38399E+1	6,43820E-9
1,38486E+1	6,23830E-9
1,38572E+1	5,94160E-9
1,38659E+1	6,14070E-9
1,38745E+1	6,08210E-9
1,38832E+1	6,29340E-9
1,38919E+1	6,34310E-9
1,39005E+1	6,88530E-9
1,39092E+1	6,76010E-9
1,39179E+1	6,95390E-9
1,39265E+1	7,24210E-9
1,39352E+1	6,86470E-9
1,39438E+1	7,14560E-9
1,39525E+1	7,48610E-9
1,39612E+1	7,13540E-9
1,39698E+1	7,54930E-9
1,39785E+1	7,05390E-9
1,39871E+1	7,61080E-9
1,39958E+1	7,88650E-9
1,40045E+1	8,62080E-9
1,40131E+1	8,37230E-9
1,40218E+1	8,77050E-9
1,40304E+1	8,79490E-9
1,40391E+1	9,77470E-9
1,40478E+1	1,00077E-8
1,40564E+1	9,35760E-9
1,40651E+1	9,98770E-9
1,40737E+1	9,90680E-9
1,40824E+1	1,11615E-8
1,40911E+1	1,12945E-8
1,40997E+1	1,14781E-8
1,41084E+1	1,19481E-8
1,41170E+1	1,21069E-8
1,41257E+1	1,25167E-8
1,41344E+1	1,33794E-8
1,41430E+1	1,34898E-8
1,41517E+1	1,27377E-8
1,41604E+1	1,33646E-8
1,41690E+1	1,40295E-8
1,41777E+1	1,37762E-8
1,41863E+1	1,34987E-8
1,41950E+1	1,37665E-8
1,42037E+1	1,27701E-8
1,42123E+1	1,38335E-8
1,42210E+1	1,32296E-8
1,42296E+1	1,23038E-8
1,42383E+1	1,28931E-8
1,42470E+1	1,18568E-8
1,42556E+1	1,16615E-8
1,42643E+1	1,16341E-8
1,42729E+1	1,12619E-8
1,42816E+1	1,02912E-8
1,42903E+1	1,04580E-8
1,42989E+1	9,91210E-9
1,43076E+1	9,44220E-9
1,43162E+1	9,05040E-9
1,43249E+1	8,31440E-9
1,43336E+1	8,80210E-9
1,43422E+1	8,29200E-9
1,43509E+1	8,80270E-9
1,43596E+1	8,00930E-9
1,43682E+1	7,96680E-9
1,43769E+1	8,08730E-9
1,43855E+1	7,78370E-9
1,43942E+1	8,20430E-9
1,44029E+1	8,48190E-9
1,44115E+1	7,93480E-9
1,44202E+1	8,51860E-9
1,44288E+1	8,83750E-9
1,44375E+1	9,27610E-9
1,44462E+1	9,69920E-9
1,44548E+1	9,91480E-9
1,44635E+1	1,20795E-8
1,44721E+1	1,29802E-8
1,44808E+1	1,47575E-8
1,44895E+1	1,64923E-8
1,44981E+1	1,83116E-8
1,45068E+1	1,92692E-8
1,45154E+1	2,27930E-8
1,45241E+1	2,31870E-8
1,45328E+1	2,57530E-8
1,45414E+1	2,81470E-8
1,45501E+1	2,85490E-8
1,45587E+1	3,04880E-8
1,45674E+1	3,02150E-8
1,45761E+1	3,21960E-8
1,45847E+1	3,25870E-8
1,45934E+1	3,32560E-8
1,46021E+1	3,36260E-8
1,46107E+1	3,11680E-8
1,46194E+1	3,20200E-8
1,46280E+1	3,12850E-8
1,46367E+1	3,01950E-8
1,46454E+1	2,71310E-8
1,46540E+1	2,66180E-8
1,46627E+1	2,53530E-8
1,46713E+1	2,35680E-8
1,46800E+1	2,05970E-8
1,46887E+1	1,79620E-8
1,46973E+1	1,60160E-8
1,47060E+1	1,44349E-8
1,47146E+1	1,21251E-8
1,47233E+1	1,07915E-8
1,47320E+1	9,34740E-9
1,47406E+1	7,24900E-9
1,47493E+1	6,20260E-9
1,47579E+1	4,52320E-9
1,47666E+1	4,55300E-9
1,47753E+1	3,24620E-9
1,47839E+1	2,73110E-9
1,47926E+1	2,18210E-9
1,48013E+1	1,60310E-9
1,48099E+1	1,15798E-9
1,48186E+1	1,07681E-9
1,48272E+1	8,56710E-10
1,48359E+1	5,36910E-10
1,48446E+1	3,28640E-10
1,48532E+1	3,05190E-10
1,48619E+1	2,00310E-10
1,48705E+1	1,06803E-10
1,48792E+1	9,84650E-11
1,48879E+1	9,00310E-11
1,48965E+1	5,74890E-11
1,49052E+1	3,66720E-11
1,49138E+1	2,06620E-11
1,49225E+1	1,11660E-11
1,49312E+1	6,60650E-12
1,49398E+1	9,94400E-12
1,49485E+1	3,58960E-12
1,49571E+1	4,02890E-12
1,49658E+1	4,11860E-12
1,49745E+1	1,60470E-12
1,49831E+1	1,53450E-12
