E, keV	I, A
6,00327E+0	1,39524E-10
6,01426E+0	1,39690E-10
6,02526E+0	1,37097E-10
6,03625E+0	1,27575E-10
6,04725E+0	1,12407E-10
6,05824E+0	1,22553E-10
6,06924E+0	1,20839E-10
6,08024E+0	1,11750E-10
6,09123E+0	1,38626E-10
6,10222E+0	1,71987E-10
6,11322E+0	1,52890E-10
6,12421E+0	1,37938E-10
6,13521E+0	1,38357E-10
6,14620E+0	1,42479E-10
6,15720E+0	1,43704E-10
6,16819E+0	1,41133E-10
6,17919E+0	1,45312E-10
6,19018E+0	1,45542E-10
6,20118E+0	1,70506E-10
6,21218E+0	1,35708E-10
6,22317E+0	1,44576E-10
6,23416E+0	1,59706E-10
6,24516E+0	1,66228E-10
6,25615E+0	1,59208E-10
6,26715E+0	1,33077E-10
6,27814E+0	1,42768E-10
6,28914E+0	1,61959E-10
6,30014E+0	1,26862E-10
6,31113E+0	1,51360E-10
6,32212E+0	1,48033E-10
6,33312E+0	1,32437E-10
6,34411E+0	1,70495E-10
6,35511E+0	1,32921E-10
6,36610E+0	1,54315E-10
6,37710E+0	1,34740E-10
6,38809E+0	1,41522E-10
6,39909E+0	1,63101E-10
6,41008E+0	1,56361E-10
6,42108E+0	1,40312E-10
6,43207E+0	1,80440E-10
6,44307E+0	1,63078E-10
6,45406E+0	1,60403E-10
6,46506E+0	1,89285E-10
6,47605E+0	1,66499E-10
6,48705E+0	1,56166E-10
6,49804E+0	1,69549E-10
6,50904E+0	1,67509E-10
6,52003E+0	1,71811E-10
6,53103E+0	1,41905E-10
6,54202E+0	1,41517E-10
6,55302E+0	1,61404E-10
6,56401E+0	1,64441E-10
6,57501E+0	1,48987E-10
6,58601E+0	1,78856E-10
6,59700E+0	1,53478E-10
6,60799E+0	1,67537E-10
6,61899E+0	1,57557E-10
6,62998E+0	1,54704E-10
6,64098E+0	1,50259E-10
6,65197E+0	1,82307E-10
6,66297E+0	1,53909E-10
6,67396E+0	1,58237E-10
6,68496E+0	1,79182E-10
6,69595E+0	1,54144E-10
6,70695E+0	1,68437E-10
6,71795E+0	1,75602E-10
6,72894E+0	1,84393E-10
6,73993E+0	1,74764E-10
6,75093E+0	1,90676E-10
6,76192E+0	1,65444E-10
6,77292E+0	2,01800E-10
6,78391E+0	1,78728E-10
6,79491E+0	2,00239E-10
6,80591E+0	1,91825E-10
6,81690E+0	1,99375E-10
6,82789E+0	1,87058E-10
6,83889E+0	1,83036E-10
6,84988E+0	1,69643E-10
6,86088E+0	1,74996E-10
6,87187E+0	1,83833E-10
6,88287E+0	1,69867E-10
6,89386E+0	1,86070E-10
6,90486E+0	1,80810E-10
6,91585E+0	2,34680E-10
6,92685E+0	1,82745E-10
6,93784E+0	3,15180E-10
6,94884E+0	2,58850E-10
6,95983E+0	2,10870E-10
6,97083E+0	2,31110E-10
6,98182E+0	2,89010E-10
6,99282E+0	2,69410E-10
7,00381E+0	3,45360E-10
7,01481E+0	3,23580E-10
7,02580E+0	3,88870E-10
7,03680E+0	3,48860E-10
7,04779E+0	3,23170E-10
7,05879E+0	3,85600E-10
7,06978E+0	2,13290E-10
7,08078E+0	2,74740E-10
7,09177E+0	3,76740E-10
7,10277E+0	2,81540E-10
7,11376E+0	2,01720E-10
7,12476E+0	1,87156E-10
7,13575E+0	1,18780E-10
7,14675E+0	2,03205E-10
7,15774E+0	1,77713E-10
7,16874E+0	1,98154E-10
7,17973E+0	2,53260E-10
7,19073E+0	2,16230E-10
7,20172E+0	3,33180E-10
7,21272E+0	4,04290E-10
7,22371E+0	3,24250E-10
7,23471E+0	3,90820E-10
7,24570E+0	3,24410E-10
7,25670E+0	3,90420E-10
7,26769E+0	3,15100E-10
7,27869E+0	3,42860E-10
7,28968E+0	2,41920E-10
7,30068E+0	2,09420E-10
7,31168E+0	2,50070E-10
7,32267E+0	2,44230E-10
7,33366E+0	2,03930E-10
7,34466E+0	2,67850E-10
7,35565E+0	2,52110E-10
7,36665E+0	2,05995E-10
7,37764E+0	1,93750E-10
7,38864E+0	2,07340E-10
7,39963E+0	2,12940E-10
7,41063E+0	1,94082E-10
7,42162E+0	2,96930E-10
7,43262E+0	2,19510E-10
7,44361E+0	1,79649E-10
7,45461E+0	1,97977E-10
7,46560E+0	1,67440E-10
7,47660E+0	2,25780E-10
7,48759E+0	2,03010E-10
7,49859E+0	2,48460E-10
7,50958E+0	2,51100E-10
7,52058E+0	2,05600E-10
7,53157E+0	2,31080E-10
7,54257E+0	2,18840E-10
7,55356E+0	2,46690E-10
7,56456E+0	3,01500E-10
7,57555E+0	3,27690E-10
7,58655E+0	1,95499E-10
7,59754E+0	1,98346E-10
7,60854E+0	2,57980E-10
7,61953E+0	2,40090E-10
7,63053E+0	2,88910E-10
7,64152E+0	2,13540E-10
7,65252E+0	2,91020E-10
7,66351E+0	2,33670E-10
7,67451E+0	2,17270E-10
7,68551E+0	2,27950E-10
7,69650E+0	2,61940E-10
7,70749E+0	2,46260E-10
7,71849E+0	2,14720E-10
7,72948E+0	2,91530E-10
7,74048E+0	2,37770E-10
7,75147E+0	2,32020E-10
7,76247E+0	2,06800E-10
7,77346E+0	2,00448E-10
7,78446E+0	1,74910E-10
7,79545E+0	2,94380E-10
7,80645E+0	2,26420E-10
7,81745E+0	2,36060E-10
7,82844E+0	2,04300E-10
7,83943E+0	1,98006E-10
7,85043E+0	1,91103E-10
7,86142E+0	1,97665E-10
7,87242E+0	2,22570E-10
7,88341E+0	2,03378E-10
7,89441E+0	2,31220E-10
7,90541E+0	2,11220E-10
7,91640E+0	2,12790E-10
7,92739E+0	2,34270E-10
7,93839E+0	1,89913E-10
7,94938E+0	1,93478E-10
7,96038E+0	1,93341E-10
7,97137E+0	1,93095E-10
7,98237E+0	2,04162E-10
7,99336E+0	1,76760E-10
8,00436E+0	2,59840E-10
8,01535E+0	2,39750E-10
8,02635E+0	2,09910E-10
8,03734E+0	2,21390E-10
8,04834E+0	2,61590E-10
8,05933E+0	2,38020E-10
8,07033E+0	2,83900E-10
8,08132E+0	2,42330E-10
8,09232E+0	2,80710E-10
8,10332E+0	2,47220E-10
8,11431E+0	2,79500E-10
8,12530E+0	1,94211E-10
8,13630E+0	2,38680E-10
8,14729E+0	2,02659E-10
8,15829E+0	2,22800E-10
8,16928E+0	2,59650E-10
8,18028E+0	2,40150E-10
8,19127E+0	2,60520E-10
8,20227E+0	2,61750E-10
8,21326E+0	2,17760E-10
8,22426E+0	2,78560E-10
8,23526E+0	2,47350E-10
8,24625E+0	2,73060E-10
8,25724E+0	2,07260E-10
8,26824E+0	2,55560E-10
8,27923E+0	3,44360E-10
8,29023E+0	2,59740E-10
8,30122E+0	3,19010E-10
8,31222E+0	2,41020E-10
8,32321E+0	2,06861E-10
8,33421E+0	2,45700E-10
8,34520E+0	2,33460E-10
8,35620E+0	3,17780E-10
8,36720E+0	2,27680E-10
8,37819E+0	2,55300E-10
8,38918E+0	2,52440E-10
8,40018E+0	2,99110E-10
8,41118E+0	2,64790E-10
8,42217E+0	2,26210E-10
8,43316E+0	2,26530E-10
8,44416E+0	2,90110E-10
8,45515E+0	2,37860E-10
8,46615E+0	2,65600E-10
8,47715E+0	2,32990E-10
8,48814E+0	3,32830E-10
8,49913E+0	2,25470E-10
8,51013E+0	2,28810E-10
8,52112E+0	2,80330E-10
8,53212E+0	2,21890E-10
8,54311E+0	2,46120E-10
8,55411E+0	2,53150E-10
8,56510E+0	2,75630E-10
8,57610E+0	2,49580E-10
8,58709E+0	2,33440E-10
8,59809E+0	2,15150E-10
8,60909E+0	2,71760E-10
8,62008E+0	2,82010E-10
8,63107E+0	2,88990E-10
8,64207E+0	2,00200E-10
8,65306E+0	2,89600E-10
8,66406E+0	2,16500E-10
8,67505E+0	3,87230E-10
8,68605E+0	2,53170E-10
8,69704E+0	2,75150E-10
8,70804E+0	2,82250E-10
8,71903E+0	2,99300E-10
8,73003E+0	3,69310E-10
8,74102E+0	3,35050E-10
8,75202E+0	2,59060E-10
8,76301E+0	3,56990E-10
8,77401E+0	3,40850E-10
8,78500E+0	3,11390E-10
8,79600E+0	3,84220E-10
8,80699E+0	2,86270E-10
8,81799E+0	3,38580E-10
8,82898E+0	3,18360E-10
8,83998E+0	4,26980E-10
8,85098E+0	3,49460E-10
8,86197E+0	2,69210E-10
8,87296E+0	3,30580E-10
8,88396E+0	2,87300E-10
8,89495E+0	3,88240E-10
8,90595E+0	3,70300E-10
8,91694E+0	3,53130E-10
8,92794E+0	4,05320E-10
8,93894E+0	3,72640E-10
8,94993E+0	3,81160E-10
8,96092E+0	3,35490E-10
8,97192E+0	4,61710E-10
8,98291E+0	2,44790E-10
8,99391E+0	2,27800E-10
9,00490E+0	4,16340E-10
9,01590E+0	2,84040E-10
9,02689E+0	3,51130E-10
9,03789E+0	2,62650E-10
9,04889E+0	3,26290E-10
9,05988E+0	3,25610E-10
9,07087E+0	3,20250E-10
9,08187E+0	3,04670E-10
9,09286E+0	3,25940E-10
9,10386E+0	3,72790E-10
9,11485E+0	3,91260E-10
9,12585E+0	3,66590E-10
9,13684E+0	3,45690E-10
9,14784E+0	3,90950E-10
9,15883E+0	4,47360E-10
9,16983E+0	3,50210E-10
9,18082E+0	2,98920E-10
9,19182E+0	5,03470E-10
9,20281E+0	4,31730E-10
9,21381E+0	3,88090E-10
9,22480E+0	3,82510E-10
9,23580E+0	4,38200E-10
9,24679E+0	4,05980E-10
9,25779E+0	4,72120E-10
9,26878E+0	4,19690E-10
9,27978E+0	5,23580E-10
9,29077E+0	4,94730E-10
9,30177E+0	5,40420E-10
9,31277E+0	4,74540E-10
9,32376E+0	3,66860E-10
9,33475E+0	5,97950E-10
9,34575E+0	4,19980E-10
9,35674E+0	5,67790E-10
9,36774E+0	4,99520E-10
9,37873E+0	4,37790E-10
9,38973E+0	5,23690E-10
9,40072E+0	4,03360E-10
9,41172E+0	6,16860E-10
9,42272E+0	7,34720E-10
9,43371E+0	6,29100E-10
9,44470E+0	6,80130E-10
9,45570E+0	6,90780E-10
9,46669E+0	7,79140E-10
9,47769E+0	6,64390E-10
9,48869E+0	6,62330E-10
9,49968E+0	7,38120E-10
9,51067E+0	7,52870E-10
9,52167E+0	6,44960E-10
9,53266E+0	8,55790E-10
9,54366E+0	7,01680E-10
9,55465E+0	7,69130E-10
9,56565E+0	7,43620E-10
9,57665E+0	8,52420E-10
9,58764E+0	8,96430E-10
9,59863E+0	7,09280E-10
9,60963E+0	7,16510E-10
9,62062E+0	8,04070E-10
9,62210E+0	9,61060E-10
9,63076E+0	9,23690E-10
9,63942E+0	7,31290E-10
9,64808E+0	9,64720E-10
9,65674E+0	9,95820E-10
9,66540E+0	7,95780E-10
9,67406E+0	8,29280E-10
9,68272E+0	8,24420E-10
9,69138E+0	9,63550E-10
9,70004E+0	8,62310E-10
9,70870E+0	9,41520E-10
9,71737E+0	8,45600E-10
9,72603E+0	8,61570E-10
9,73469E+0	9,09550E-10
9,74335E+0	9,66380E-10
9,75201E+0	8,22120E-10
9,76067E+0	9,04240E-10
9,76933E+0	8,51460E-10
9,77799E+0	9,73690E-10
9,78665E+0	9,16800E-10
9,79531E+0	8,19260E-10
9,80397E+0	8,25790E-10
9,81263E+0	1,07188E-9
9,82130E+0	8,81170E-10
9,82996E+0	6,98910E-10
9,83862E+0	1,04428E-9
9,84728E+0	9,80730E-10
9,85594E+0	9,41500E-10
9,86460E+0	9,99930E-10
9,87326E+0	8,41500E-10
9,88192E+0	1,16946E-9
9,89058E+0	1,01492E-9
9,89924E+0	9,52150E-10
9,90790E+0	9,55000E-10
9,91656E+0	1,13050E-9
9,92522E+0	8,16520E-10
9,93389E+0	1,01663E-9
9,94255E+0	9,53820E-10
9,95121E+0	1,02311E-9
9,95987E+0	9,72390E-10
9,96853E+0	7,31470E-10
9,97719E+0	6,97470E-10
9,98585E+0	7,87800E-10
9,99451E+0	8,73550E-10
1,00032E+1	9,01760E-10
1,00118E+1	8,76100E-10
1,00205E+1	7,72010E-10
1,00292E+1	8,66300E-10
1,00378E+1	7,56890E-10
1,00465E+1	7,08280E-10
1,00551E+1	7,46770E-10
1,00638E+1	8,33730E-10
1,00725E+1	8,29480E-10
1,00811E+1	6,26660E-10
1,00898E+1	1,05582E-9
1,00984E+1	8,80340E-10
1,01071E+1	7,86560E-10
1,01158E+1	9,02210E-10
1,01244E+1	8,38790E-10
1,01331E+1	8,45940E-10
1,01417E+1	8,37410E-10
1,01504E+1	8,91190E-10
1,01591E+1	7,20710E-10
1,01677E+1	6,94710E-10
1,01764E+1	8,63540E-10
1,01850E+1	9,03630E-10
1,01937E+1	8,30150E-10
1,02024E+1	9,67210E-10
1,02110E+1	8,70030E-10
1,02197E+1	6,88740E-10
1,02284E+1	9,47230E-10
1,02370E+1	8,94440E-10
1,02457E+1	8,53580E-10
1,02543E+1	9,04860E-10
1,02630E+1	8,38780E-10
1,02717E+1	7,63300E-10
1,02803E+1	1,03463E-9
1,02890E+1	8,58470E-10
1,02976E+1	5,87030E-10
1,03063E+1	6,88350E-10
1,03150E+1	8,22760E-10
1,03236E+1	7,98280E-10
1,03323E+1	8,11770E-10
1,03409E+1	6,59440E-10
1,03496E+1	6,64700E-10
1,03583E+1	9,63330E-10
1,03669E+1	9,24830E-10
1,03756E+1	8,86620E-10
1,03842E+1	8,67990E-10
1,03929E+1	7,38310E-10
1,04016E+1	9,01320E-10
1,04102E+1	8,35680E-10
1,04189E+1	8,51210E-10
1,04276E+1	8,98660E-10
1,04362E+1	9,43750E-10
1,04449E+1	7,20480E-10
1,04535E+1	8,97640E-10
1,04622E+1	9,99090E-10
1,04709E+1	8,68230E-10
1,04795E+1	9,19980E-10
1,04882E+1	7,95730E-10
1,04968E+1	8,18420E-10
1,05055E+1	8,96430E-10
1,05142E+1	9,80200E-10
1,05228E+1	7,96010E-10
1,05315E+1	8,42350E-10
1,05401E+1	8,64460E-10
1,05488E+1	9,08920E-10
1,05575E+1	1,06951E-9
1,05661E+1	9,38970E-10
1,05748E+1	7,79800E-10
1,05834E+1	9,80380E-10
1,05921E+1	8,29010E-10
1,06008E+1	9,21050E-10
1,06094E+1	9,62090E-10
1,06181E+1	1,04514E-9
1,06267E+1	9,89780E-10
1,06354E+1	7,68020E-10
1,06441E+1	9,43690E-10
1,06527E+1	8,99880E-10
1,06614E+1	9,01120E-10
1,06701E+1	1,00716E-9
1,06787E+1	9,34790E-10
1,06874E+1	7,92600E-10
1,06960E+1	8,96310E-10
1,07047E+1	8,49960E-10
1,07134E+1	8,12980E-10
1,07220E+1	7,78970E-10
1,07307E+1	1,19267E-9
1,07393E+1	8,33560E-10
1,07480E+1	9,00470E-10
1,07567E+1	9,96140E-10
1,07653E+1	9,02480E-10
1,07740E+1	9,52460E-10
1,07826E+1	1,02239E-9
1,07913E+1	8,60230E-10
1,08000E+1	1,07710E-9
1,08086E+1	1,04710E-9
1,08173E+1	9,94160E-10
1,08259E+1	9,23600E-10
1,08346E+1	8,77960E-10
1,08433E+1	9,85770E-10
1,08519E+1	8,81400E-10
1,08606E+1	9,19630E-10
1,08693E+1	9,72900E-10
1,08779E+1	1,15426E-9
1,08866E+1	9,63250E-10
1,08952E+1	1,02720E-9
1,09039E+1	9,98310E-10
1,09126E+1	1,20410E-9
1,09212E+1	1,07167E-9
1,09299E+1	1,15844E-9
1,09385E+1	1,04660E-9
1,09472E+1	9,56840E-10
1,09559E+1	1,07048E-9
1,09645E+1	1,03747E-9
1,09732E+1	1,15805E-9
1,09818E+1	1,19156E-9
1,09905E+1	9,99390E-10
1,09992E+1	1,18240E-9
1,10078E+1	9,10660E-10
1,10165E+1	1,04096E-9
1,10251E+1	1,12906E-9
1,10338E+1	1,11712E-9
1,10425E+1	9,48190E-10
1,10511E+1	1,11051E-9
1,10598E+1	9,93280E-10
1,10684E+1	1,19836E-9
1,10771E+1	1,02839E-9
1,10858E+1	1,07407E-9
1,10944E+1	1,13790E-9
1,11031E+1	1,12209E-9
1,11118E+1	1,14358E-9
1,11204E+1	1,04270E-9
1,11291E+1	1,18913E-9
1,11377E+1	1,15210E-9
1,11464E+1	1,08935E-9
1,11551E+1	1,24053E-9
1,11637E+1	1,17586E-9
1,11724E+1	1,29520E-9
1,11810E+1	1,08966E-9
1,11897E+1	1,15605E-9
1,11984E+1	1,10744E-9
1,12070E+1	1,21994E-9
1,12157E+1	1,14487E-9
1,12243E+1	1,11591E-9
1,12330E+1	1,13869E-9
1,12417E+1	1,07545E-9
1,12503E+1	1,23980E-9
1,12590E+1	1,09256E-9
1,12676E+1	1,35880E-9
1,12763E+1	1,17568E-9
1,12850E+1	1,28121E-9
1,12936E+1	1,25004E-9
1,13023E+1	1,26902E-9
1,13110E+1	1,16863E-9
1,13196E+1	1,30486E-9
1,13283E+1	1,32034E-9
1,13369E+1	1,44945E-9
1,13456E+1	1,39065E-9
1,13543E+1	1,30198E-9
1,13629E+1	1,21289E-9
1,13716E+1	9,73750E-10
1,13802E+1	1,34592E-9
1,13889E+1	1,49886E-9
1,13976E+1	1,30911E-9
1,14062E+1	1,24625E-9
1,14149E+1	1,27054E-9
1,14235E+1	1,14891E-9
1,14322E+1	1,41006E-9
1,14409E+1	1,44234E-9
1,14495E+1	1,56494E-9
1,14582E+1	1,44367E-9
1,14668E+1	1,37713E-9
1,14755E+1	1,49124E-9
1,14842E+1	1,24537E-9
1,14928E+1	1,37523E-9
1,15015E+1	1,53043E-9
1,15101E+1	1,25848E-9
1,15188E+1	1,43522E-9
1,15275E+1	1,43294E-9
1,15361E+1	1,27639E-9
1,15448E+1	1,54657E-9
1,15535E+1	1,33561E-9
1,15621E+1	1,65117E-9
1,15708E+1	1,62584E-9
1,15794E+1	1,36869E-9
1,15881E+1	1,50624E-9
1,15968E+1	1,46410E-9
1,16054E+1	1,42646E-9
1,16141E+1	1,29748E-9
1,16227E+1	1,43005E-9
1,16314E+1	1,41623E-9
1,16401E+1	1,43474E-9
1,16487E+1	1,37130E-9
1,16574E+1	1,33052E-9
1,16660E+1	1,76417E-9
1,16747E+1	1,68321E-9
1,16834E+1	1,59785E-9
1,16920E+1	1,58998E-9
1,17007E+1	1,50980E-9
1,17093E+1	1,41950E-9
1,17180E+1	1,51040E-9
1,17267E+1	1,55728E-9
1,17353E+1	1,59688E-9
1,17440E+1	1,62520E-9
1,17527E+1	1,48289E-9
1,17613E+1	1,68580E-9
1,17700E+1	1,81640E-9
1,17786E+1	1,68450E-9
1,17873E+1	1,88970E-9
1,17960E+1	1,63990E-9
1,18046E+1	1,42632E-9
1,18133E+1	1,61287E-9
1,18219E+1	1,80880E-9
1,18306E+1	1,63040E-9
1,18393E+1	1,66680E-9
1,18479E+1	1,84430E-9
1,18566E+1	1,65550E-9
1,18652E+1	1,87750E-9
1,18739E+1	1,67560E-9
1,18826E+1	1,62465E-9
1,18912E+1	2,07970E-9
1,18999E+1	1,89030E-9
1,19085E+1	1,79702E-9
1,19172E+1	1,79700E-9
1,19259E+1	1,77170E-9
1,19345E+1	1,65550E-9
1,19432E+1	2,12440E-9
1,19519E+1	2,16050E-9
1,19605E+1	1,77540E-9
1,19692E+1	1,89170E-9
1,19778E+1	2,04920E-9
1,19865E+1	1,82310E-9
1,19952E+1	1,95320E-9
1,20038E+1	1,79800E-9
1,20125E+1	1,90440E-9
1,20211E+1	2,05290E-9
1,20298E+1	1,89971E-9
1,20385E+1	2,11410E-9
1,20471E+1	2,03590E-9
1,20558E+1	2,03380E-9
1,20644E+1	2,02235E-9
1,20731E+1	2,04280E-9
1,20818E+1	2,01730E-9
1,20904E+1	1,81080E-9
1,20991E+1	2,10890E-9
1,21077E+1	2,32150E-9
1,21164E+1	2,17740E-9
1,21251E+1	2,10940E-9
1,21337E+1	2,03910E-9
1,21424E+1	2,14630E-9
1,21510E+1	2,14940E-9
1,21597E+1	2,06130E-9
1,21684E+1	2,21940E-9
1,21770E+1	2,12170E-9
1,21857E+1	2,05110E-9
1,21944E+1	2,22210E-9
1,22030E+1	2,05170E-9
1,22117E+1	2,23480E-9
1,22203E+1	2,13000E-9
1,22290E+1	2,40680E-9
1,22377E+1	2,26440E-9
1,22463E+1	2,08900E-9
1,22550E+1	2,31900E-9
1,22636E+1	2,24770E-9
1,22723E+1	2,22070E-9
1,22810E+1	2,46620E-9
1,22896E+1	2,47040E-9
1,22983E+1	2,35570E-9
1,23069E+1	2,14650E-9
1,23156E+1	2,20760E-9
1,23243E+1	2,24630E-9
1,23329E+1	2,25630E-9
1,23416E+1	2,21350E-9
1,23502E+1	2,36180E-9
1,23589E+1	2,38570E-9
1,23676E+1	2,60690E-9
1,23762E+1	2,36810E-9
1,23849E+1	2,29260E-9
1,23936E+1	2,48620E-9
1,24022E+1	2,35570E-9
1,24109E+1	2,47470E-9
1,24195E+1	2,56770E-9
1,24282E+1	2,58110E-9
1,24369E+1	2,45140E-9
1,24455E+1	2,32630E-9
1,24542E+1	2,76610E-9
1,24628E+1	2,69020E-9
1,24715E+1	2,61280E-9
1,24802E+1	2,61930E-9
1,24888E+1	2,47440E-9
1,24975E+1	2,65560E-9
1,25061E+1	2,70810E-9
1,25148E+1	2,79480E-9
1,25235E+1	2,88750E-9
1,25321E+1	2,50330E-9
1,25408E+1	2,77670E-9
1,25494E+1	2,77010E-9
1,25581E+1	2,74940E-9
1,25668E+1	2,51520E-9
1,25754E+1	2,69380E-9
1,25841E+1	2,75440E-9
1,25927E+1	2,87810E-9
1,26014E+1	2,73760E-9
1,26101E+1	2,76090E-9
1,26187E+1	2,74980E-9
1,26274E+1	2,81180E-9
1,26361E+1	2,89640E-9
1,26447E+1	2,64050E-9
1,26534E+1	3,17070E-9
1,26620E+1	2,90310E-9
1,26707E+1	2,69750E-9
1,26794E+1	2,94370E-9
1,26880E+1	2,75710E-9
1,26967E+1	2,79390E-9
1,27053E+1	2,78880E-9
1,27140E+1	3,11630E-9
1,27227E+1	2,68550E-9
1,27313E+1	2,76660E-9
1,27400E+1	2,89340E-9
1,27486E+1	3,05860E-9
1,27573E+1	2,92460E-9
1,27660E+1	3,08330E-9
1,27746E+1	3,40370E-9
1,27833E+1	3,10740E-9
1,27919E+1	3,44930E-9
1,28006E+1	2,78470E-9
1,28093E+1	3,06460E-9
1,28179E+1	3,10070E-9
1,28266E+1	3,12700E-9
1,28353E+1	3,26090E-9
1,28439E+1	3,27010E-9
1,28526E+1	3,02370E-9
1,28612E+1	3,29030E-9
1,28699E+1	2,98680E-9
1,28786E+1	3,36630E-9
1,28872E+1	3,34740E-9
1,28959E+1	3,13740E-9
1,29045E+1	3,22080E-9
1,29132E+1	3,15050E-9
1,29219E+1	3,15260E-9
1,29305E+1	3,39620E-9
1,29392E+1	3,71970E-9
1,29478E+1	3,70400E-9
1,29565E+1	3,66270E-9
1,29652E+1	3,41310E-9
1,29738E+1	3,21840E-9
1,29825E+1	3,60580E-9
1,29911E+1	3,90260E-9
1,29998E+1	4,16800E-9
1,30085E+1	3,79810E-9
1,30171E+1	3,70600E-9
1,30258E+1	3,50890E-9
1,30344E+1	3,54400E-9
1,30431E+1	3,85060E-9
1,30518E+1	3,80770E-9
1,30604E+1	3,93880E-9
1,30691E+1	3,83060E-9
1,30778E+1	3,39050E-9
1,30864E+1	3,86860E-9
1,30951E+1	4,08600E-9
1,31037E+1	3,72120E-9
1,31124E+1	3,79650E-9
1,31211E+1	3,91220E-9
1,31297E+1	3,93490E-9
1,31384E+1	3,72750E-9
1,31470E+1	4,03390E-9
1,31557E+1	4,32690E-9
1,31644E+1	3,74550E-9
1,31730E+1	3,57150E-9
1,31817E+1	4,07120E-9
1,31903E+1	3,92310E-9
1,31990E+1	4,23790E-9
1,32077E+1	4,02510E-9
1,32163E+1	4,00010E-9
1,32250E+1	4,19860E-9
1,32336E+1	4,45230E-9
1,32423E+1	4,26130E-9
1,32510E+1	4,26170E-9
1,32596E+1	4,48090E-9
1,32683E+1	4,46920E-9
1,32770E+1	4,08700E-9
1,32856E+1	5,03490E-9
1,32943E+1	4,61870E-9
1,33029E+1	4,53240E-9
1,33116E+1	4,77730E-9
1,33203E+1	5,16110E-9
1,33289E+1	4,74780E-9
1,33376E+1	4,69570E-9
1,33462E+1	4,89340E-9
1,33549E+1	4,83490E-9
1,33636E+1	4,98640E-9
1,33722E+1	5,33210E-9
1,33809E+1	5,25170E-9
1,33895E+1	5,36510E-9
1,33982E+1	4,60980E-9
1,34069E+1	4,99490E-9
1,34155E+1	5,31770E-9
1,34242E+1	5,12270E-9
1,34328E+1	5,23390E-9
1,34415E+1	5,43690E-9
1,34502E+1	5,39760E-9
1,34588E+1	5,74740E-9
1,34675E+1	5,28970E-9
1,34761E+1	5,84010E-9
1,34848E+1	5,35580E-9
1,34935E+1	5,81760E-9
1,35021E+1	5,83410E-9
1,35108E+1	5,48110E-9
1,35195E+1	5,87160E-9
1,35281E+1	6,11910E-9
1,35368E+1	5,72650E-9
1,35454E+1	5,46740E-9
1,35541E+1	5,83300E-9
1,35628E+1	6,23320E-9
1,35714E+1	6,27150E-9
1,35801E+1	5,93950E-9
1,35887E+1	6,09350E-9
1,35974E+1	5,94440E-9
1,36061E+1	6,70600E-9
1,36147E+1	6,47850E-9
1,36234E+1	6,18800E-9
1,36320E+1	6,55130E-9
1,36407E+1	6,78650E-9
1,36494E+1	6,94350E-9
1,36580E+1	6,67680E-9
1,36667E+1	6,57660E-9
1,36753E+1	6,65150E-9
1,36840E+1	6,64920E-9
1,36927E+1	7,10590E-9
1,37013E+1	7,32400E-9
1,37100E+1	7,19650E-9
1,37187E+1	7,78000E-9
1,37273E+1	7,28260E-9
1,37360E+1	7,72590E-9
1,37446E+1	7,15370E-9
1,37533E+1	7,53260E-9
1,37620E+1	7,56140E-9
1,37706E+1	7,57440E-9
1,37793E+1	7,59940E-9
1,37879E+1	7,84030E-9
1,37966E+1	8,18390E-9
1,38053E+1	8,08340E-9
1,38139E+1	7,94840E-9
1,38226E+1	8,05190E-9
1,38312E+1	8,50580E-9
1,38399E+1	8,49380E-9
1,38486E+1	8,85500E-9
1,38572E+1	8,47920E-9
1,38659E+1	8,91030E-9
1,38745E+1	8,87960E-9
1,38832E+1	9,28960E-9
1,38919E+1	9,08510E-9
1,39005E+1	9,67480E-9
1,39092E+1	9,57310E-9
1,39179E+1	9,43480E-9
1,39265E+1	9,94990E-9
1,39352E+1	9,88590E-9
1,39438E+1	9,89420E-9
1,39525E+1	1,02802E-8
1,39612E+1	9,96340E-9
1,39698E+1	1,02804E-8
1,39785E+1	1,09791E-8
1,39871E+1	1,10640E-8
1,39958E+1	1,14917E-8
1,40045E+1	1,19917E-8
1,40131E+1	1,19102E-8
1,40218E+1	1,22766E-8
1,40304E+1	1,24561E-8
1,40391E+1	1,34417E-8
1,40478E+1	1,33618E-8
1,40564E+1	1,44754E-8
1,40651E+1	1,40050E-8
1,40737E+1	1,42179E-8
1,40824E+1	1,49509E-8
1,40911E+1	1,60464E-8
1,40997E+1	1,63102E-8
1,41084E+1	1,72809E-8
1,41170E+1	1,81127E-8
1,41257E+1	1,76635E-8
1,41344E+1	1,86462E-8
1,41430E+1	1,84916E-8
1,41517E+1	1,85732E-8
1,41604E+1	1,89800E-8
1,41690E+1	1,94470E-8
1,41777E+1	2,01470E-8
1,41863E+1	2,08310E-8
1,41950E+1	2,01500E-8
1,42037E+1	1,91000E-8
1,42123E+1	1,85580E-8
1,42210E+1	1,85250E-8
1,42296E+1	1,75197E-8
1,42383E+1	1,77258E-8
1,42470E+1	1,82871E-8
1,42556E+1	1,70978E-8
1,42643E+1	1,66432E-8
1,42729E+1	1,63590E-8
1,42816E+1	1,52935E-8
1,42903E+1	1,48577E-8
1,42989E+1	1,39635E-8
1,43076E+1	1,28009E-8
1,43162E+1	1,34868E-8
1,43249E+1	1,19643E-8
1,43336E+1	1,20858E-8
1,43422E+1	1,20063E-8
1,43509E+1	1,12794E-8
1,43596E+1	1,04518E-8
1,43682E+1	1,06805E-8
1,43769E+1	1,09755E-8
1,43855E+1	1,11408E-8
1,43942E+1	1,15379E-8
1,44029E+1	1,11830E-8
1,44115E+1	1,13783E-8
1,44202E+1	1,23095E-8
1,44288E+1	1,23579E-8
1,44375E+1	1,33092E-8
1,44462E+1	1,39588E-8
1,44548E+1	1,55546E-8
1,44635E+1	1,69547E-8
1,44721E+1	1,72115E-8
1,44808E+1	2,03400E-8
1,44895E+1	2,26330E-8
1,44981E+1	2,46840E-8
1,45068E+1	2,72150E-8
1,45154E+1	3,09200E-8
1,45241E+1	3,20870E-8
1,45328E+1	3,60200E-8
1,45414E+1	3,92030E-8
1,45501E+1	3,95260E-8
1,45587E+1	4,10410E-8
1,45674E+1	4,12340E-8
1,45761E+1	4,74540E-8
1,45847E+1	4,62450E-8
1,45934E+1	4,63400E-8
1,46021E+1	4,67960E-8
1,46107E+1	4,44600E-8
1,46194E+1	4,46680E-8
1,46280E+1	4,39640E-8
1,46367E+1	4,21460E-8
1,46454E+1	3,99450E-8
1,46540E+1	3,76540E-8
1,46627E+1	3,37320E-8
1,46713E+1	3,25420E-8
1,46800E+1	2,87410E-8
1,46887E+1	2,58830E-8
1,46973E+1	2,29120E-8
1,47060E+1	2,10970E-8
1,47146E+1	1,79970E-8
1,47233E+1	1,39926E-8
1,47320E+1	1,32873E-8
1,47406E+1	1,06514E-8
1,47493E+1	8,77920E-9
1,47579E+1	6,76590E-9
1,47666E+1	5,62500E-9
1,47753E+1	4,59160E-9
1,47839E+1	3,33760E-9
1,47926E+1	2,62560E-9
1,48013E+1	2,26980E-9
1,48099E+1	1,96200E-9
1,48186E+1	1,26430E-9
1,48272E+1	1,05178E-9
1,48359E+1	7,68070E-10
1,48446E+1	4,97490E-10
1,48532E+1	3,75060E-10
1,48619E+1	3,71250E-10
1,48705E+1	1,78365E-10
1,48792E+1	1,88167E-10
1,48879E+1	1,44313E-10
1,48965E+1	8,80790E-11
1,49052E+1	5,89320E-11
1,49138E+1	2,71750E-11
1,49225E+1	1,29313E-11
1,49312E+1	1,51088E-11
1,49398E+1	9,48840E-12
1,49485E+1	5,46750E-12
1,49571E+1	4,52040E-12
1,49658E+1	2,76600E-12
1,49745E+1	2,99850E-12
1,49831E+1	2,19530E-12
