E, keV	I, A
6,00327E+0	1,31146E-10
6,01426E+0	1,63364E-10
6,02526E+0	1,35695E-10
6,03625E+0	1,18883E-10
6,04725E+0	1,53347E-10
6,05824E+0	1,46342E-10
6,06924E+0	1,22609E-10
6,08024E+0	1,55313E-10
6,09123E+0	1,30392E-10
6,10222E+0	1,41026E-10
6,11322E+0	1,47340E-10
6,12421E+0	1,30390E-10
6,13521E+0	1,25832E-10
6,14620E+0	1,25120E-10
6,15720E+0	1,50761E-10
6,16819E+0	1,34690E-10
6,17919E+0	1,31721E-10
6,19018E+0	1,38859E-10
6,20118E+0	1,68685E-10
6,21218E+0	1,60235E-10
6,22317E+0	1,12736E-10
6,23416E+0	1,54102E-10
6,24516E+0	1,46925E-10
6,25615E+0	1,33949E-10
6,26715E+0	1,28111E-10
6,27814E+0	1,34685E-10
6,28914E+0	1,74712E-10
6,30014E+0	1,62638E-10
6,31113E+0	1,32072E-10
6,32212E+0	1,29988E-10
6,33312E+0	1,33893E-10
6,34411E+0	1,44137E-10
6,35511E+0	1,21337E-10
6,36610E+0	1,32422E-10
6,37710E+0	1,22914E-10
6,38809E+0	1,41294E-10
6,39909E+0	1,52352E-10
6,41008E+0	1,64455E-10
6,42108E+0	1,44532E-10
6,43207E+0	1,33945E-10
6,44307E+0	1,40951E-10
6,45406E+0	1,47815E-10
6,46506E+0	1,56785E-10
6,47605E+0	1,23051E-10
6,48705E+0	1,44803E-10
6,49804E+0	1,41546E-10
6,50904E+0	1,63369E-10
6,52003E+0	1,54948E-10
6,53103E+0	1,38260E-10
6,54202E+0	1,59264E-10
6,55302E+0	1,75725E-10
6,56401E+0	1,61885E-10
6,57501E+0	1,56740E-10
6,58601E+0	1,43044E-10
6,59700E+0	1,81265E-10
6,60799E+0	1,54872E-10
6,61899E+0	1,52966E-10
6,62998E+0	1,75325E-10
6,64098E+0	1,61429E-10
6,65197E+0	1,44585E-10
6,66297E+0	1,61711E-10
6,67396E+0	1,53251E-10
6,68496E+0	1,68361E-10
6,69595E+0	1,45172E-10
6,70695E+0	1,72402E-10
6,71795E+0	1,72231E-10
6,72894E+0	1,51864E-10
6,73993E+0	1,76170E-10
6,75093E+0	1,74226E-10
6,76192E+0	1,82740E-10
6,77292E+0	1,59393E-10
6,78391E+0	1,93512E-10
6,79491E+0	1,57970E-10
6,80591E+0	1,84252E-10
6,81690E+0	1,72541E-10
6,82789E+0	1,85978E-10
6,83889E+0	1,76267E-10
6,84988E+0	1,94658E-10
6,86088E+0	1,90355E-10
6,87187E+0	1,91664E-10
6,88287E+0	1,86704E-10
6,89386E+0	1,79666E-10
6,90486E+0	1,85806E-10
6,91585E+0	1,81324E-10
6,92685E+0	2,04484E-10
6,93784E+0	1,77620E-10
6,94884E+0	1,93035E-10
6,95983E+0	2,09702E-10
6,97083E+0	2,23710E-10
6,98182E+0	3,04680E-10
6,99282E+0	2,69350E-10
7,00381E+0	2,75590E-10
7,01481E+0	3,10380E-10
7,02580E+0	3,21660E-10
7,03680E+0	4,38520E-10
7,04779E+0	3,63760E-10
7,05879E+0	2,53620E-10
7,06978E+0	3,77600E-10
7,08078E+0	2,43160E-10
7,09177E+0	3,24330E-10
7,10277E+0	2,62450E-10
7,11376E+0	2,07770E-10
7,12476E+0	2,34090E-10
7,13575E+0	1,89473E-10
7,14675E+0	1,86948E-10
7,15774E+0	1,57790E-10
7,16874E+0	2,32340E-10
7,17973E+0	1,76315E-10
7,19073E+0	1,82987E-10
7,20172E+0	1,93242E-10
7,21272E+0	2,65320E-10
7,22371E+0	2,56530E-10
7,23471E+0	2,56710E-10
7,24570E+0	3,02400E-10
7,25670E+0	3,86470E-10
7,26769E+0	3,19080E-10
7,27869E+0	4,10060E-10
7,28968E+0	3,08640E-10
7,30068E+0	2,72030E-10
7,31168E+0	2,33400E-10
7,32267E+0	1,89023E-10
7,33366E+0	1,99041E-10
7,34466E+0	1,84451E-10
7,35565E+0	1,62925E-10
7,36665E+0	1,89249E-10
7,37764E+0	1,85597E-10
7,38864E+0	1,81218E-10
7,39963E+0	1,56422E-10
7,41063E+0	1,68084E-10
7,42162E+0	1,92898E-10
7,43262E+0	1,82988E-10
7,44361E+0	1,75717E-10
7,45461E+0	1,74658E-10
7,46560E+0	1,73893E-10
7,47660E+0	1,52288E-10
7,48759E+0	1,67170E-10
7,49859E+0	1,79624E-10
7,50958E+0	2,19120E-10
7,52058E+0	2,06995E-10
7,53157E+0	1,92815E-10
7,54257E+0	1,74404E-10
7,55356E+0	1,98262E-10
7,56456E+0	2,00128E-10
7,57555E+0	2,17210E-10
7,58655E+0	2,61640E-10
7,59754E+0	2,03620E-10
7,60854E+0	1,88307E-10
7,61953E+0	1,98037E-10
7,63053E+0	2,79770E-10
7,64152E+0	1,87718E-10
7,65252E+0	1,98374E-10
7,66351E+0	1,92918E-10
7,67451E+0	1,95652E-10
7,68551E+0	1,72268E-10
7,69650E+0	1,93013E-10
7,70749E+0	1,86347E-10
7,71849E+0	1,98247E-10
7,72948E+0	1,93786E-10
7,74048E+0	2,64340E-10
7,75147E+0	1,82218E-10
7,76247E+0	1,97540E-10
7,77346E+0	1,69160E-10
7,78446E+0	2,08770E-10
7,79545E+0	2,46260E-10
7,80645E+0	2,36980E-10
7,81745E+0	2,24390E-10
7,82844E+0	2,25930E-10
7,83943E+0	2,52850E-10
7,85043E+0	1,69586E-10
7,86142E+0	1,83520E-10
7,87242E+0	1,99760E-10
7,88341E+0	2,21350E-10
7,89441E+0	1,66973E-10
7,90541E+0	1,79126E-10
7,91640E+0	1,75503E-10
7,92739E+0	2,34900E-10
7,93839E+0	2,16390E-10
7,94938E+0	3,14440E-10
7,96038E+0	1,99180E-10
7,97137E+0	2,97990E-10
7,98237E+0	2,99300E-10
7,99336E+0	2,14440E-10
8,00436E+0	2,32780E-10
8,01535E+0	1,97104E-10
8,02635E+0	2,22300E-10
8,03734E+0	2,92630E-10
8,04834E+0	1,95879E-10
8,05933E+0	1,84485E-10
8,07033E+0	2,03108E-10
8,08132E+0	1,98898E-10
8,09232E+0	2,03123E-10
8,10332E+0	1,79120E-10
8,11431E+0	2,35800E-10
8,12530E+0	2,24740E-10
8,13630E+0	1,96860E-10
8,14729E+0	2,64060E-10
8,15829E+0	1,87880E-10
8,16928E+0	2,02369E-10
8,18028E+0	1,89754E-10
8,19127E+0	1,99994E-10
8,20227E+0	2,05197E-10
8,21326E+0	2,16040E-10
8,22426E+0	2,43390E-10
8,23526E+0	2,31790E-10
8,24625E+0	4,61490E-10
8,25724E+0	3,01310E-10
8,26824E+0	1,93343E-10
8,27923E+0	2,83520E-10
8,29023E+0	2,67910E-10
8,30122E+0	2,36710E-10
8,31222E+0	2,42310E-10
8,32321E+0	2,82090E-10
8,33421E+0	2,07560E-10
8,34520E+0	2,53630E-10
8,35620E+0	2,29080E-10
8,36720E+0	2,19990E-10
8,37819E+0	2,85030E-10
8,38918E+0	2,33360E-10
8,40018E+0	2,89990E-10
8,41118E+0	2,59310E-10
8,42217E+0	2,65430E-10
8,43316E+0	2,30470E-10
8,44416E+0	3,27450E-10
8,45515E+0	2,64700E-10
8,46615E+0	2,05365E-10
8,47715E+0	2,42080E-10
8,48814E+0	2,71080E-10
8,49913E+0	2,10130E-10
8,51013E+0	2,03930E-10
8,52112E+0	2,62630E-10
8,53212E+0	2,07780E-10
8,54311E+0	2,26480E-10
8,55411E+0	4,05460E-10
8,56510E+0	2,35140E-10
8,57610E+0	3,10180E-10
8,58709E+0	3,08070E-10
8,59809E+0	2,55900E-10
8,60909E+0	4,04490E-10
8,62008E+0	3,28880E-10
8,63107E+0	2,73780E-10
8,64207E+0	3,85100E-10
8,65306E+0	2,87430E-10
8,66406E+0	3,27630E-10
8,67505E+0	2,49430E-10
8,68605E+0	3,28100E-10
8,69704E+0	3,75930E-10
8,70804E+0	2,47600E-10
8,71903E+0	4,04080E-10
8,73003E+0	2,86720E-10
8,74102E+0	3,74520E-10
8,75202E+0	3,05310E-10
8,76301E+0	2,39030E-10
8,77401E+0	2,70080E-10
8,78500E+0	3,00560E-10
8,79600E+0	3,07330E-10
8,80699E+0	2,67620E-10
8,81799E+0	3,46060E-10
8,82898E+0	2,76980E-10
8,83998E+0	2,83920E-10
8,85098E+0	2,20710E-10
8,86197E+0	2,35860E-10
8,87296E+0	3,21030E-10
8,88396E+0	2,66090E-10
8,89495E+0	3,67600E-10
8,90595E+0	2,49350E-10
8,91694E+0	3,74780E-10
8,92794E+0	3,33460E-10
8,93894E+0	3,24290E-10
8,94993E+0	4,74740E-10
8,96092E+0	3,15870E-10
8,97192E+0	2,83730E-10
8,98291E+0	3,33040E-10
8,99391E+0	2,53980E-10
9,00490E+0	2,99160E-10
9,01590E+0	2,70340E-10
9,02689E+0	4,19600E-10
9,03789E+0	3,53310E-10
9,04889E+0	3,64240E-10
9,05988E+0	3,15500E-10
9,07087E+0	2,80670E-10
9,08187E+0	2,84360E-10
9,09286E+0	3,81200E-10
9,10386E+0	4,20680E-10
9,11485E+0	3,65300E-10
9,12585E+0	2,95540E-10
9,13684E+0	4,02000E-10
9,14784E+0	3,68490E-10
9,15883E+0	3,39090E-10
9,16983E+0	4,11050E-10
9,18082E+0	3,81320E-10
9,19182E+0	3,65440E-10
9,20281E+0	2,75640E-10
9,21381E+0	3,99470E-10
9,22480E+0	3,22280E-10
9,23580E+0	3,19450E-10
9,24679E+0	4,36590E-10
9,25779E+0	4,14870E-10
9,26878E+0	4,35990E-10
9,27978E+0	3,97940E-10
9,29077E+0	3,89760E-10
9,30177E+0	4,18970E-10
9,31277E+0	3,33630E-10
9,32376E+0	4,49780E-10
9,33475E+0	4,56350E-10
9,34575E+0	6,32100E-10
9,35674E+0	4,57120E-10
9,36774E+0	5,96640E-10
9,37873E+0	6,49020E-10
9,38973E+0	6,84520E-10
9,40072E+0	4,63720E-10
9,41172E+0	5,02640E-10
9,42272E+0	5,90860E-10
9,43371E+0	6,08620E-10
9,44470E+0	7,56790E-10
9,45570E+0	5,83890E-10
9,46669E+0	5,40280E-10
9,47769E+0	6,80080E-10
9,48869E+0	6,51710E-10
9,49968E+0	5,59940E-10
9,51067E+0	6,27940E-10
9,52167E+0	9,14090E-10
9,53266E+0	6,29890E-10
9,54366E+0	7,99910E-10
9,55465E+0	7,60520E-10
9,56565E+0	1,01104E-9
9,57665E+0	8,96840E-10
9,58764E+0	7,09670E-10
9,59863E+0	8,89760E-10
9,60963E+0	7,99330E-10
9,62062E+0	8,53590E-10
9,62210E+0	9,37340E-10
9,63076E+0	7,58500E-10
9,63942E+0	1,01913E-9
9,64808E+0	9,78240E-10
9,65674E+0	8,90270E-10
9,66540E+0	8,80820E-10
9,67406E+0	7,52270E-10
9,68272E+0	8,21300E-10
9,69138E+0	7,15080E-10
9,70004E+0	9,32480E-10
9,70870E+0	1,04479E-9
9,71737E+0	8,37270E-10
9,72603E+0	1,02371E-9
9,73469E+0	9,73540E-10
9,74335E+0	1,05489E-9
9,75201E+0	8,84760E-10
9,76067E+0	9,38820E-10
9,76933E+0	8,72880E-10
9,77799E+0	1,02346E-9
9,78665E+0	9,64300E-10
9,79531E+0	9,26550E-10
9,80397E+0	9,48060E-10
9,81263E+0	9,49070E-10
9,82130E+0	8,18440E-10
9,82996E+0	8,69580E-10
9,83862E+0	1,05919E-9
9,84728E+0	1,00817E-9
9,85594E+0	1,10393E-9
9,86460E+0	9,71800E-10
9,87326E+0	1,00554E-9
9,88192E+0	1,02569E-9
9,89058E+0	9,25820E-10
9,89924E+0	7,76000E-10
9,90790E+0	1,09163E-9
9,91656E+0	8,02670E-10
9,92522E+0	9,50320E-10
9,93389E+0	7,55220E-10
9,94255E+0	8,42640E-10
9,95121E+0	7,84640E-10
9,95987E+0	1,04687E-9
9,96853E+0	8,02830E-10
9,97719E+0	8,20600E-10
9,98585E+0	9,40480E-10
9,99451E+0	8,21810E-10
1,00032E+1	8,26500E-10
1,00118E+1	8,34810E-10
1,00205E+1	8,62760E-10
1,00292E+1	7,69300E-10
1,00378E+1	8,22960E-10
1,00465E+1	8,31610E-10
1,00551E+1	7,74960E-10
1,00638E+1	7,89030E-10
1,00725E+1	6,71400E-10
1,00811E+1	7,30940E-10
1,00898E+1	8,17080E-10
1,00984E+1	7,87640E-10
1,01071E+1	7,37260E-10
1,01158E+1	8,11060E-10
1,01244E+1	8,66890E-10
1,01331E+1	8,38960E-10
1,01417E+1	7,48170E-10
1,01504E+1	7,66140E-10
1,01591E+1	7,09480E-10
1,01677E+1	7,81700E-10
1,01764E+1	7,69810E-10
1,01850E+1	8,38030E-10
1,01937E+1	7,36760E-10
1,02024E+1	6,30890E-10
1,02110E+1	7,10370E-10
1,02197E+1	8,40450E-10
1,02284E+1	8,17090E-10
1,02370E+1	7,34120E-10
1,02457E+1	7,37090E-10
1,02543E+1	6,62760E-10
1,02630E+1	6,82490E-10
1,02717E+1	6,20480E-10
1,02803E+1	7,86620E-10
1,02890E+1	8,99950E-10
1,02976E+1	7,75910E-10
1,03063E+1	7,14980E-10
1,03150E+1	8,04760E-10
1,03236E+1	7,22160E-10
1,03323E+1	7,54740E-10
1,03409E+1	7,42170E-10
1,03496E+1	7,92620E-10
1,03583E+1	7,48730E-10
1,03669E+1	8,36850E-10
1,03756E+1	8,63450E-10
1,03842E+1	7,39750E-10
1,03929E+1	7,90920E-10
1,04016E+1	7,63900E-10
1,04102E+1	7,27270E-10
1,04189E+1	9,65810E-10
1,04276E+1	9,03650E-10
1,04362E+1	7,72800E-10
1,04449E+1	7,68810E-10
1,04535E+1	8,56740E-10
1,04622E+1	7,86650E-10
1,04709E+1	8,60470E-10
1,04795E+1	1,01539E-9
1,04882E+1	8,42380E-10
1,04968E+1	8,65540E-10
1,05055E+1	8,22860E-10
1,05142E+1	8,62170E-10
1,05228E+1	8,07160E-10
1,05315E+1	8,71710E-10
1,05401E+1	8,30690E-10
1,05488E+1	9,05450E-10
1,05575E+1	9,24490E-10
1,05661E+1	8,73560E-10
1,05748E+1	9,09940E-10
1,05834E+1	8,30130E-10
1,05921E+1	9,06900E-10
1,06008E+1	9,42070E-10
1,06094E+1	1,03462E-9
1,06181E+1	9,98960E-10
1,06267E+1	1,07161E-9
1,06354E+1	9,51140E-10
1,06441E+1	9,08140E-10
1,06527E+1	8,39160E-10
1,06614E+1	9,70740E-10
1,06701E+1	8,62270E-10
1,06787E+1	1,02588E-9
1,06874E+1	8,19020E-10
1,06960E+1	8,77530E-10
1,07047E+1	8,42510E-10
1,07134E+1	9,68310E-10
1,07220E+1	9,46910E-10
1,07307E+1	9,39890E-10
1,07393E+1	1,14374E-9
1,07480E+1	9,13690E-10
1,07567E+1	1,13991E-9
1,07653E+1	9,33500E-10
1,07740E+1	8,24520E-10
1,07826E+1	8,58530E-10
1,07913E+1	9,73440E-10
1,08000E+1	9,48240E-10
1,08086E+1	6,88630E-10
1,08173E+1	9,77570E-10
1,08259E+1	9,89210E-10
1,08346E+1	8,98170E-10
1,08433E+1	9,84990E-10
1,08519E+1	9,25330E-10
1,08606E+1	9,09490E-10
1,08693E+1	1,06347E-9
1,08779E+1	1,14268E-9
1,08866E+1	9,90560E-10
1,08952E+1	1,15948E-9
1,09039E+1	1,00002E-9
1,09126E+1	1,03054E-9
1,09212E+1	8,43020E-10
1,09299E+1	9,82440E-10
1,09385E+1	9,29230E-10
1,09472E+1	9,20890E-10
1,09559E+1	9,70330E-10
1,09645E+1	1,06943E-9
1,09732E+1	1,01231E-9
1,09818E+1	1,07738E-9
1,09905E+1	1,08931E-9
1,09992E+1	1,00418E-9
1,10078E+1	9,35380E-10
1,10165E+1	1,03587E-9
1,10251E+1	9,55240E-10
1,10338E+1	9,50750E-10
1,10425E+1	1,06337E-9
1,10511E+1	1,00007E-9
1,10598E+1	1,19095E-9
1,10684E+1	1,25812E-9
1,10771E+1	1,07920E-9
1,10858E+1	1,15538E-9
1,10944E+1	1,05175E-9
1,11031E+1	1,12952E-9
1,11118E+1	1,15034E-9
1,11204E+1	1,03806E-9
1,11291E+1	1,04796E-9
1,11377E+1	1,22973E-9
1,11464E+1	1,29093E-9
1,11551E+1	1,14675E-9
1,11637E+1	1,16620E-9
1,11724E+1	1,36793E-9
1,11810E+1	1,05932E-9
1,11897E+1	1,17729E-9
1,11984E+1	1,28092E-9
1,12070E+1	1,11844E-9
1,12157E+1	1,14783E-9
1,12243E+1	1,28485E-9
1,12330E+1	1,24929E-9
1,12417E+1	1,06586E-9
1,12503E+1	1,19300E-9
1,12590E+1	1,20594E-9
1,12676E+1	1,14014E-9
1,12763E+1	1,11919E-9
1,12850E+1	1,09803E-9
1,12936E+1	1,31777E-9
1,13023E+1	1,33357E-9
1,13110E+1	1,16977E-9
1,13196E+1	1,40135E-9
1,13283E+1	1,02716E-9
1,13369E+1	1,36511E-9
1,13456E+1	1,10960E-9
1,13543E+1	1,17555E-9
1,13629E+1	1,14016E-9
1,13716E+1	1,18473E-9
1,13802E+1	1,17297E-9
1,13889E+1	1,19410E-9
1,13976E+1	1,31227E-9
1,14062E+1	1,25500E-9
1,14149E+1	1,22436E-9
1,14235E+1	1,15844E-9
1,14322E+1	1,32187E-9
1,14409E+1	1,21155E-9
1,14495E+1	1,29874E-9
1,14582E+1	1,32948E-9
1,14668E+1	1,46207E-9
1,14755E+1	1,62721E-9
1,14842E+1	1,29736E-9
1,14928E+1	1,37948E-9
1,15015E+1	1,30559E-9
1,15101E+1	1,43857E-9
1,15188E+1	1,36485E-9
1,15275E+1	1,36366E-9
1,15361E+1	1,21624E-9
1,15448E+1	1,29520E-9
1,15535E+1	1,31435E-9
1,15621E+1	1,42460E-9
1,15708E+1	1,18270E-9
1,15794E+1	1,62765E-9
1,15881E+1	1,49315E-9
1,15968E+1	1,41018E-9
1,16054E+1	1,67004E-9
1,16141E+1	1,35700E-9
1,16227E+1	1,39559E-9
1,16314E+1	1,32402E-9
1,16401E+1	1,36794E-9
1,16487E+1	1,35459E-9
1,16574E+1	1,50140E-9
1,16660E+1	1,27626E-9
1,16747E+1	1,61071E-9
1,16834E+1	1,37378E-9
1,16920E+1	1,51170E-9
1,17007E+1	1,47060E-9
1,17093E+1	1,50638E-9
1,17180E+1	1,62039E-9
1,17267E+1	1,61593E-9
1,17353E+1	1,56384E-9
1,17440E+1	1,64920E-9
1,17527E+1	1,71066E-9
1,17613E+1	1,45880E-9
1,17700E+1	1,57380E-9
1,17786E+1	1,53695E-9
1,17873E+1	1,45710E-9
1,17960E+1	1,43600E-9
1,18046E+1	1,67100E-9
1,18133E+1	1,64600E-9
1,18219E+1	1,56226E-9
1,18306E+1	1,68350E-9
1,18393E+1	1,68490E-9
1,18479E+1	1,60860E-9
1,18566E+1	1,50631E-9
1,18652E+1	1,78500E-9
1,18739E+1	1,77840E-9
1,18826E+1	1,74160E-9
1,18912E+1	1,73474E-9
1,18999E+1	1,60320E-9
1,19085E+1	1,95100E-9
1,19172E+1	1,80180E-9
1,19259E+1	1,60070E-9
1,19345E+1	2,12020E-9
1,19432E+1	1,45272E-9
1,19519E+1	2,30190E-9
1,19605E+1	1,48660E-9
1,19692E+1	2,00440E-9
1,19778E+1	2,05660E-9
1,19865E+1	1,77870E-9
1,19952E+1	1,77890E-9
1,20038E+1	1,86290E-9
1,20125E+1	1,90430E-9
1,20211E+1	2,00430E-9
1,20298E+1	2,23110E-9
1,20385E+1	1,72060E-9
1,20471E+1	1,83470E-9
1,20558E+1	2,03950E-9
1,20644E+1	2,11640E-9
1,20731E+1	2,03860E-9
1,20818E+1	2,02640E-9
1,20904E+1	2,02690E-9
1,20991E+1	2,17010E-9
1,21077E+1	2,07410E-9
1,21164E+1	2,10080E-9
1,21251E+1	2,02030E-9
1,21337E+1	2,09950E-9
1,21424E+1	2,01540E-9
1,21510E+1	2,03410E-9
1,21597E+1	2,11090E-9
1,21684E+1	2,00820E-9
1,21770E+1	2,15210E-9
1,21857E+1	2,19380E-9
1,21944E+1	2,04730E-9
1,22030E+1	2,15080E-9
1,22117E+1	2,14380E-9
1,22203E+1	2,17750E-9
1,22290E+1	2,20980E-9
1,22377E+1	2,19070E-9
1,22463E+1	2,15640E-9
1,22550E+1	2,23090E-9
1,22636E+1	2,34470E-9
1,22723E+1	2,01920E-9
1,22810E+1	2,23780E-9
1,22896E+1	2,12870E-9
1,22983E+1	2,45250E-9
1,23069E+1	2,18200E-9
1,23156E+1	2,20440E-9
1,23243E+1	2,42200E-9
1,23329E+1	2,30450E-9
1,23416E+1	2,61050E-9
1,23502E+1	2,48320E-9
1,23589E+1	2,49910E-9
1,23676E+1	2,22020E-9
1,23762E+1	2,35150E-9
1,23849E+1	2,17120E-9
1,23936E+1	2,36600E-9
1,24022E+1	2,30750E-9
1,24109E+1	2,52550E-9
1,24195E+1	2,65250E-9
1,24282E+1	2,24720E-9
1,24369E+1	2,70460E-9
1,24455E+1	2,32770E-9
1,24542E+1	2,66010E-9
1,24628E+1	2,66240E-9
1,24715E+1	2,39290E-9
1,24802E+1	2,47800E-9
1,24888E+1	2,67130E-9
1,24975E+1	2,90980E-9
1,25061E+1	2,63260E-9
1,25148E+1	2,45810E-9
1,25235E+1	2,49740E-9
1,25321E+1	2,30870E-9
1,25408E+1	2,80610E-9
1,25494E+1	2,58880E-9
1,25581E+1	2,72620E-9
1,25668E+1	2,42230E-9
1,25754E+1	2,56910E-9
1,25841E+1	2,63770E-9
1,25927E+1	2,61610E-9
1,26014E+1	2,60720E-9
1,26101E+1	2,25960E-9
1,26187E+1	2,69350E-9
1,26274E+1	2,71890E-9
1,26361E+1	2,90760E-9
1,26447E+1	2,59010E-9
1,26534E+1	2,59150E-9
1,26620E+1	2,58160E-9
1,26707E+1	2,59470E-9
1,26794E+1	3,09430E-9
1,26880E+1	2,95780E-9
1,26967E+1	3,15990E-9
1,27053E+1	2,78170E-9
1,27140E+1	2,71000E-9
1,27227E+1	2,97500E-9
1,27313E+1	2,84080E-9
1,27400E+1	3,20800E-9
1,27486E+1	2,77710E-9
1,27573E+1	3,06910E-9
1,27660E+1	2,96030E-9
1,27746E+1	2,95100E-9
1,27833E+1	2,92440E-9
1,27919E+1	3,03750E-9
1,28006E+1	3,33330E-9
1,28093E+1	3,52780E-9
1,28179E+1	3,25810E-9
1,28266E+1	3,04860E-9
1,28353E+1	3,33590E-9
1,28439E+1	3,03040E-9
1,28526E+1	3,08420E-9
1,28612E+1	3,05820E-9
1,28699E+1	3,28910E-9
1,28786E+1	3,17220E-9
1,28872E+1	3,40770E-9
1,28959E+1	2,98050E-9
1,29045E+1	2,90740E-9
1,29132E+1	2,97580E-9
1,29219E+1	3,04630E-9
1,29305E+1	3,75200E-9
1,29392E+1	3,31230E-9
1,29478E+1	3,02600E-9
1,29565E+1	3,58850E-9
1,29652E+1	3,28190E-9
1,29738E+1	3,53110E-9
1,29825E+1	3,27890E-9
1,29911E+1	3,41130E-9
1,29998E+1	3,84510E-9
1,30085E+1	3,85900E-9
1,30171E+1	3,58790E-9
1,30258E+1	3,77290E-9
1,30344E+1	3,76140E-9
1,30431E+1	3,39820E-9
1,30518E+1	3,41570E-9
1,30604E+1	3,49070E-9
1,30691E+1	3,67510E-9
1,30778E+1	3,78380E-9
1,30864E+1	3,61290E-9
1,30951E+1	3,92530E-9
1,31037E+1	3,97140E-9
1,31124E+1	4,12170E-9
1,31211E+1	3,73690E-9
1,31297E+1	4,04850E-9
1,31384E+1	3,80160E-9
1,31470E+1	4,29100E-9
1,31557E+1	4,15270E-9
1,31644E+1	4,22370E-9
1,31730E+1	4,03960E-9
1,31817E+1	3,54610E-9
1,31903E+1	3,98260E-9
1,31990E+1	4,07290E-9
1,32077E+1	4,59560E-9
1,32163E+1	4,15750E-9
1,32250E+1	4,04500E-9
1,32336E+1	4,11800E-9
1,32423E+1	4,41870E-9
1,32510E+1	4,42350E-9
1,32596E+1	4,67050E-9
1,32683E+1	4,06910E-9
1,32770E+1	4,63440E-9
1,32856E+1	3,98830E-9
1,32943E+1	4,50830E-9
1,33029E+1	4,65180E-9
1,33116E+1	4,50340E-9
1,33203E+1	4,61820E-9
1,33289E+1	4,63920E-9
1,33376E+1	4,62980E-9
1,33462E+1	4,73520E-9
1,33549E+1	4,46220E-9
1,33636E+1	4,89260E-9
1,33722E+1	4,97830E-9
1,33809E+1	4,93360E-9
1,33895E+1	4,72470E-9
1,33982E+1	5,05780E-9
1,34069E+1	5,27750E-9
1,34155E+1	5,02600E-9
1,34242E+1	5,06620E-9
1,34328E+1	5,24000E-9
1,34415E+1	5,11850E-9
1,34502E+1	5,01370E-9
1,34588E+1	5,07830E-9
1,34675E+1	5,58450E-9
1,34761E+1	5,34530E-9
1,34848E+1	5,55450E-9
1,34935E+1	5,52520E-9
1,35021E+1	6,00100E-9
1,35108E+1	5,65500E-9
1,35195E+1	5,58320E-9
1,35281E+1	5,16030E-9
1,35368E+1	5,72780E-9
1,35454E+1	5,89000E-9
1,35541E+1	5,56780E-9
1,35628E+1	6,01770E-9
1,35714E+1	6,43360E-9
1,35801E+1	6,44370E-9
1,35887E+1	6,22140E-9
1,35974E+1	6,36160E-9
1,36061E+1	5,97750E-9
1,36147E+1	6,68640E-9
1,36234E+1	6,75260E-9
1,36320E+1	5,75280E-9
1,36407E+1	6,60800E-9
1,36494E+1	6,52090E-9
1,36580E+1	6,91600E-9
1,36667E+1	6,70880E-9
1,36753E+1	6,78820E-9
1,36840E+1	7,02760E-9
1,36927E+1	7,02750E-9
1,37013E+1	6,66320E-9
1,37100E+1	7,21480E-9
1,37187E+1	6,29950E-9
1,37273E+1	7,40570E-9
1,37360E+1	7,63530E-9
1,37446E+1	7,13930E-9
1,37533E+1	7,40870E-9
1,37620E+1	7,55300E-9
1,37706E+1	7,89830E-9
1,37793E+1	7,55310E-9
1,37879E+1	7,62110E-9
1,37966E+1	7,53950E-9
1,38053E+1	7,19300E-9
1,38139E+1	8,19170E-9
1,38226E+1	7,52400E-9
1,38312E+1	8,05300E-9
1,38399E+1	8,39030E-9
1,38486E+1	8,83310E-9
1,38572E+1	8,92820E-9
1,38659E+1	9,26460E-9
1,38745E+1	8,79730E-9
1,38832E+1	8,51000E-9
1,38919E+1	9,12160E-9
1,39005E+1	9,87030E-9
1,39092E+1	9,35640E-9
1,39179E+1	9,00010E-9
1,39265E+1	9,62450E-9
1,39352E+1	9,98290E-9
1,39438E+1	9,03940E-9
1,39525E+1	1,03940E-8
1,39612E+1	9,96950E-9
1,39698E+1	1,01178E-8
1,39785E+1	1,05607E-8
1,39871E+1	1,10704E-8
1,39958E+1	1,12223E-8
1,40045E+1	1,16129E-8
1,40131E+1	1,20055E-8
1,40218E+1	1,29613E-8
1,40304E+1	1,28803E-8
1,40391E+1	1,31490E-8
1,40478E+1	1,30207E-8
1,40564E+1	1,42731E-8
1,40651E+1	1,44907E-8
1,40737E+1	1,51666E-8
1,40824E+1	1,54008E-8
1,40911E+1	1,62320E-8
1,40997E+1	1,62570E-8
1,41084E+1	1,72187E-8
1,41170E+1	1,69362E-8
1,41257E+1	1,79751E-8
1,41344E+1	1,86604E-8
1,41430E+1	1,85250E-8
1,41517E+1	1,81120E-8
1,41604E+1	1,94420E-8
1,41690E+1	1,93180E-8
1,41777E+1	1,94310E-8
1,41863E+1	2,04580E-8
1,41950E+1	1,88457E-8
1,42037E+1	1,84980E-8
1,42123E+1	1,86890E-8
1,42210E+1	1,83440E-8
1,42296E+1	1,75489E-8
1,42383E+1	1,71290E-8
1,42470E+1	1,70290E-8
1,42556E+1	1,59043E-8
1,42643E+1	1,53584E-8
1,42729E+1	1,59166E-8
1,42816E+1	1,45357E-8
1,42903E+1	1,43563E-8
1,42989E+1	1,35050E-8
1,43076E+1	1,34346E-8
1,43162E+1	1,22180E-8
1,43249E+1	1,21304E-8
1,43336E+1	1,19524E-8
1,43422E+1	1,11652E-8
1,43509E+1	1,17641E-8
1,43596E+1	1,08994E-8
1,43682E+1	1,10104E-8
1,43769E+1	9,92110E-9
1,43855E+1	1,05102E-8
1,43942E+1	1,05508E-8
1,44029E+1	1,03263E-8
1,44115E+1	1,12999E-8
1,44202E+1	1,13975E-8
1,44288E+1	1,23668E-8
1,44375E+1	1,30734E-8
1,44462E+1	1,47017E-8
1,44548E+1	1,43636E-8
1,44635E+1	1,57413E-8
1,44721E+1	1,84229E-8
1,44808E+1	2,03090E-8
1,44895E+1	2,16290E-8
1,44981E+1	2,48320E-8
1,45068E+1	2,68590E-8
1,45154E+1	3,05410E-8
1,45241E+1	3,26550E-8
1,45328E+1	3,57180E-8
1,45414E+1	3,85190E-8
1,45501E+1	3,95940E-8
1,45587E+1	4,20380E-8
1,45674E+1	4,31010E-8
1,45761E+1	4,31890E-8
1,45847E+1	4,45090E-8
1,45934E+1	4,49610E-8
1,46021E+1	4,54520E-8
1,46107E+1	4,38530E-8
1,46194E+1	4,52700E-8
1,46280E+1	4,22280E-8
1,46367E+1	4,14130E-8
1,46454E+1	3,94180E-8
1,46540E+1	3,69310E-8
1,46627E+1	3,33620E-8
1,46713E+1	3,21640E-8
1,46800E+1	2,76170E-8
1,46887E+1	2,48900E-8
1,46973E+1	2,16570E-8
1,47060E+1	1,87900E-8
1,47146E+1	1,85210E-8
1,47233E+1	1,38268E-8
1,47320E+1	1,26257E-8
1,47406E+1	9,71740E-9
1,47493E+1	8,31550E-9
1,47579E+1	6,05290E-9
1,47666E+1	5,49720E-9
1,47753E+1	4,19820E-9
1,47839E+1	3,56790E-9
1,47926E+1	2,49050E-9
1,48013E+1	2,01150E-9
1,48099E+1	1,63420E-9
1,48186E+1	1,31328E-9
1,48272E+1	8,69930E-10
1,48359E+1	6,38310E-10
1,48446E+1	4,18780E-10
1,48532E+1	4,40840E-10
1,48619E+1	3,17410E-10
1,48705E+1	2,02010E-10
1,48792E+1	2,15500E-10
1,48879E+1	7,51730E-11
1,48965E+1	5,20420E-11
1,49052E+1	4,88670E-11
1,49138E+1	2,44130E-11
1,49225E+1	1,09507E-11
1,49312E+1	1,06381E-11
1,49398E+1	9,38950E-12
1,49485E+1	9,69270E-12
1,49571E+1	3,18060E-12
1,49658E+1	1,87110E-12
1,49745E+1	3,76700E-12
1,49831E+1	3,01090E-12
