E, keV	I, A
6,00327E+0	8,34970E-11
6,01426E+0	6,64580E-11
6,02526E+0	5,90920E-11
6,03625E+0	7,24890E-11
6,04725E+0	8,06790E-11
6,05824E+0	8,61870E-11
6,06924E+0	7,35400E-11
6,08024E+0	7,83700E-11
6,09123E+0	8,55880E-11
6,10222E+0	8,92400E-11
6,11322E+0	8,21350E-11
6,12421E+0	8,51790E-11
6,13521E+0	9,30320E-11
6,14620E+0	7,06640E-11
6,15720E+0	8,31050E-11
6,16819E+0	8,71610E-11
6,17919E+0	8,84490E-11
6,19018E+0	9,73780E-11
6,20118E+0	8,45060E-11
6,21218E+0	8,72920E-11
6,22317E+0	7,27240E-11
6,23416E+0	8,24380E-11
6,24516E+0	8,92680E-11
6,25615E+0	9,56140E-11
6,26715E+0	9,15660E-11
6,27814E+0	8,05580E-11
6,28914E+0	8,21770E-11
6,30014E+0	7,50380E-11
6,31113E+0	8,13490E-11
6,32212E+0	6,88510E-11
6,33312E+0	7,56220E-11
6,34411E+0	7,36480E-11
6,35511E+0	7,09980E-11
6,36610E+0	7,92930E-11
6,37710E+0	1,03134E-10
6,38809E+0	9,94440E-11
6,39909E+0	7,91420E-11
6,41008E+0	9,26300E-11
6,42108E+0	7,51030E-11
6,43207E+0	7,21420E-11
6,44307E+0	7,93960E-11
6,45406E+0	8,71180E-11
6,46506E+0	9,61590E-11
6,47605E+0	8,40220E-11
6,48705E+0	8,48860E-11
6,49804E+0	7,21360E-11
6,50904E+0	8,15420E-11
6,52003E+0	7,70190E-11
6,53103E+0	9,12940E-11
6,54202E+0	8,08800E-11
6,55302E+0	9,24070E-11
6,56401E+0	8,94640E-11
6,57501E+0	1,05153E-10
6,58601E+0	1,00579E-10
6,59700E+0	8,92530E-11
6,60799E+0	9,74570E-11
6,61899E+0	7,92250E-11
6,62998E+0	1,11393E-10
6,64098E+0	7,74410E-11
6,65197E+0	9,84990E-11
6,66297E+0	1,01494E-10
6,67396E+0	9,19000E-11
6,68496E+0	9,85280E-11
6,69595E+0	1,13845E-10
6,70695E+0	1,14250E-10
6,71795E+0	1,15771E-10
6,72894E+0	1,33733E-10
6,73993E+0	1,36967E-10
6,75093E+0	1,21914E-10
6,76192E+0	1,37711E-10
6,77292E+0	1,39203E-10
6,78391E+0	1,36819E-10
6,79491E+0	1,33638E-10
6,80591E+0	1,14993E-10
6,81690E+0	1,56067E-10
6,82789E+0	1,52678E-10
6,83889E+0	1,48264E-10
6,84988E+0	1,46505E-10
6,86088E+0	1,35756E-10
6,87187E+0	1,81244E-10
6,88287E+0	1,62268E-10
6,89386E+0	1,43163E-10
6,90486E+0	1,58118E-10
6,91585E+0	1,33305E-10
6,92685E+0	1,36647E-10
6,93784E+0	1,52020E-10
6,94884E+0	1,51183E-10
6,95983E+0	1,46496E-10
6,97083E+0	1,72882E-10
6,98182E+0	1,50049E-10
6,99282E+0	1,30743E-10
7,00381E+0	1,38543E-10
7,01481E+0	1,61415E-10
7,02580E+0	1,63752E-10
7,03680E+0	1,54898E-10
7,04779E+0	1,55730E-10
7,05879E+0	1,38272E-10
7,06978E+0	1,61514E-10
7,08078E+0	1,52818E-10
7,09177E+0	1,44246E-10
7,10277E+0	1,80937E-10
7,11376E+0	1,52648E-10
7,12476E+0	1,81634E-10
7,13575E+0	1,54020E-10
7,14675E+0	1,53836E-10
7,15774E+0	1,58036E-10
7,16874E+0	1,55463E-10
7,17973E+0	2,55950E-10
7,19073E+0	2,27910E-10
7,20172E+0	3,49210E-10
7,21272E+0	4,89120E-10
7,22371E+0	4,27820E-10
7,23471E+0	4,10290E-10
7,24570E+0	5,65170E-10
7,25670E+0	3,63600E-10
7,26769E+0	3,77210E-10
7,27869E+0	4,64950E-10
7,28968E+0	3,87970E-10
7,30068E+0	3,33740E-10
7,31168E+0	2,07230E-10
7,32267E+0	2,18010E-10
7,33366E+0	1,60762E-10
7,34466E+0	1,57536E-10
7,35565E+0	1,48124E-10
7,36665E+0	1,38614E-10
7,37764E+0	1,30173E-10
7,38864E+0	1,24118E-10
7,39963E+0	1,42951E-10
7,41063E+0	1,30257E-10
7,42162E+0	1,21537E-10
7,43262E+0	1,23722E-10
7,44361E+0	1,24677E-10
7,45461E+0	1,64399E-10
7,46560E+0	1,26907E-10
7,47660E+0	1,20082E-10
7,48759E+0	1,24301E-10
7,49859E+0	1,44081E-10
7,50958E+0	1,49269E-10
7,52058E+0	1,42026E-10
7,53157E+0	1,58899E-10
7,54257E+0	1,46388E-10
7,55356E+0	1,39163E-10
7,56456E+0	1,51726E-10
7,57555E+0	1,48868E-10
7,58655E+0	1,47926E-10
7,59754E+0	1,38104E-10
7,60854E+0	1,42460E-10
7,61953E+0	1,39733E-10
7,63053E+0	1,34062E-10
7,64152E+0	1,51036E-10
7,65252E+0	1,49816E-10
7,66351E+0	1,45260E-10
7,67451E+0	1,44272E-10
7,68551E+0	1,40396E-10
7,69650E+0	1,41588E-10
7,70749E+0	1,48676E-10
7,71849E+0	1,31048E-10
7,72948E+0	1,40067E-10
7,74048E+0	1,33337E-10
7,75147E+0	1,30594E-10
7,76247E+0	1,61273E-10
7,77346E+0	1,61114E-10
7,78446E+0	1,56112E-10
7,79545E+0	1,34884E-10
7,80645E+0	1,38247E-10
7,81745E+0	1,38422E-10
7,82844E+0	1,81603E-10
7,83943E+0	1,47266E-10
7,85043E+0	1,45077E-10
7,86142E+0	1,77593E-10
7,87242E+0	1,54944E-10
7,88341E+0	1,55147E-10
7,89441E+0	1,32928E-10
7,90541E+0	1,28863E-10
7,91640E+0	1,75166E-10
7,92739E+0	1,53893E-10
7,93839E+0	1,58632E-10
7,94938E+0	1,65741E-10
7,96038E+0	1,42859E-10
7,97137E+0	1,46185E-10
7,98237E+0	1,56838E-10
7,99336E+0	1,43444E-10
8,00436E+0	1,54302E-10
8,01535E+0	1,53179E-10
8,02635E+0	1,39050E-10
8,03734E+0	1,48546E-10
8,04834E+0	1,35722E-10
8,05933E+0	1,31207E-10
8,07033E+0	1,43141E-10
8,08132E+0	1,37091E-10
8,09232E+0	1,43083E-10
8,10332E+0	1,52362E-10
8,11431E+0	1,36749E-10
8,12530E+0	1,68447E-10
8,13630E+0	1,63199E-10
8,14729E+0	1,44991E-10
8,15829E+0	1,63435E-10
8,16928E+0	1,38120E-10
8,18028E+0	1,41069E-10
8,19127E+0	1,68495E-10
8,20227E+0	1,59856E-10
8,21326E+0	1,39434E-10
8,22426E+0	1,42525E-10
8,23526E+0	1,81397E-10
8,24625E+0	1,39690E-10
8,25724E+0	1,77258E-10
8,26824E+0	1,68841E-10
8,27923E+0	1,68916E-10
8,29023E+0	1,78540E-10
8,30122E+0	1,57132E-10
8,31222E+0	1,80666E-10
8,32321E+0	1,88552E-10
8,33421E+0	1,54658E-10
8,34520E+0	1,83620E-10
8,35620E+0	1,65950E-10
8,36720E+0	1,66900E-10
8,37819E+0	1,74529E-10
8,38918E+0	1,80324E-10
8,40018E+0	1,47874E-10
8,41118E+0	1,47448E-10
8,42217E+0	1,77908E-10
8,43316E+0	1,64563E-10
8,44416E+0	1,94905E-10
8,45515E+0	1,93692E-10
8,46615E+0	1,82859E-10
8,47715E+0	1,83211E-10
8,48814E+0	1,56068E-10
8,49913E+0	1,60976E-10
8,51013E+0	1,74409E-10
8,52112E+0	1,51426E-10
8,53212E+0	1,78475E-10
8,54311E+0	1,85393E-10
8,55411E+0	1,79153E-10
8,56510E+0	1,44453E-10
8,57610E+0	1,68160E-10
8,58709E+0	1,87002E-10
8,59809E+0	1,88825E-10
8,60909E+0	1,88535E-10
8,62008E+0	1,96599E-10
8,63107E+0	1,78581E-10
8,64207E+0	1,96647E-10
8,65306E+0	1,75044E-10
8,66406E+0	1,91614E-10
8,67505E+0	1,60393E-10
8,68605E+0	2,00768E-10
8,69704E+0	1,97191E-10
8,70804E+0	1,72254E-10
8,71903E+0	1,71194E-10
8,73003E+0	1,77803E-10
8,74102E+0	1,74119E-10
8,75202E+0	2,66440E-10
8,76301E+0	2,29900E-10
8,77401E+0	2,09362E-10
8,78500E+0	2,28350E-10
8,79600E+0	3,39400E-10
8,80699E+0	1,86253E-10
8,81799E+0	1,79160E-10
8,82898E+0	1,87230E-10
8,83998E+0	2,16580E-10
8,85098E+0	2,09250E-10
8,86197E+0	1,97441E-10
8,87296E+0	1,83483E-10
8,88396E+0	1,83889E-10
8,89495E+0	1,95253E-10
8,90595E+0	2,26610E-10
8,91694E+0	2,41740E-10
8,92794E+0	2,04250E-10
8,93894E+0	2,77080E-10
8,94993E+0	2,13210E-10
8,96092E+0	2,73610E-10
8,97192E+0	1,96051E-10
8,98291E+0	2,00257E-10
8,99391E+0	2,71520E-10
9,00490E+0	3,15190E-10
9,01590E+0	2,71670E-10
9,02689E+0	2,80610E-10
9,03789E+0	2,08220E-10
9,04889E+0	2,06840E-10
9,05988E+0	2,00480E-10
9,07087E+0	2,85470E-10
9,08187E+0	2,59350E-10
9,09286E+0	2,53520E-10
9,10386E+0	3,37220E-10
9,11485E+0	3,21830E-10
9,12585E+0	2,57810E-10
9,13684E+0	2,33410E-10
9,14784E+0	2,39170E-10
9,15883E+0	2,41210E-10
9,16983E+0	2,64310E-10
9,18082E+0	2,71260E-10
9,19182E+0	2,18150E-10
9,20281E+0	2,37070E-10
9,21381E+0	2,62540E-10
9,22480E+0	2,17820E-10
9,23580E+0	3,39390E-10
9,24679E+0	2,66960E-10
9,25779E+0	2,77200E-10
9,26878E+0	3,04600E-10
9,27978E+0	2,03200E-10
9,29077E+0	2,50390E-10
9,30177E+0	3,46590E-10
9,31277E+0	2,00860E-10
9,32376E+0	3,05420E-10
9,33475E+0	2,67530E-10
9,34575E+0	2,43440E-10
9,35674E+0	2,96270E-10
9,36774E+0	2,84300E-10
9,37873E+0	3,20200E-10
9,38973E+0	2,74350E-10
9,40072E+0	2,46470E-10
9,41172E+0	3,85610E-10
9,42272E+0	3,16240E-10
9,43371E+0	3,78760E-10
9,44470E+0	4,10160E-10
9,45570E+0	3,22520E-10
9,46669E+0	4,52830E-10
9,47769E+0	2,81190E-10
9,48869E+0	3,03270E-10
9,49968E+0	3,00090E-10
9,51067E+0	3,76980E-10
9,52167E+0	3,88120E-10
9,53266E+0	3,56210E-10
9,54366E+0	4,00800E-10
9,55465E+0	3,71780E-10
9,56565E+0	4,27210E-10
9,57665E+0	3,83540E-10
9,58764E+0	3,81610E-10
9,59863E+0	3,93920E-10
9,60963E+0	4,14550E-10
9,62062E+0	3,18800E-10
9,62210E+0	3,77330E-10
9,63076E+0	3,54600E-10
9,63942E+0	4,94600E-10
9,64808E+0	3,65070E-10
9,65674E+0	3,94310E-10
9,66540E+0	3,34880E-10
9,67406E+0	3,31080E-10
9,68272E+0	3,94690E-10
9,69138E+0	3,56710E-10
9,70004E+0	3,08980E-10
9,70870E+0	4,17720E-10
9,71737E+0	3,45680E-10
9,72603E+0	4,03080E-10
9,73469E+0	3,67090E-10
9,74335E+0	4,14010E-10
9,75201E+0	3,95910E-10
9,76067E+0	3,26930E-10
9,76933E+0	2,71440E-10
9,77799E+0	3,85390E-10
9,78665E+0	3,30940E-10
9,79531E+0	3,83470E-10
9,80397E+0	4,73690E-10
9,81263E+0	3,50710E-10
9,82130E+0	3,84760E-10
9,82996E+0	4,24490E-10
9,83862E+0	3,48590E-10
9,84728E+0	3,92250E-10
9,85594E+0	4,69760E-10
9,86460E+0	3,77870E-10
9,87326E+0	2,51380E-10
9,88192E+0	4,20630E-10
9,89058E+0	3,11180E-10
9,89924E+0	4,05450E-10
9,90790E+0	5,22850E-10
9,91656E+0	3,09190E-10
9,92522E+0	4,48700E-10
9,93389E+0	3,93300E-10
9,94255E+0	3,39880E-10
9,95121E+0	4,21310E-10
9,95987E+0	3,92300E-10
9,96853E+0	3,54070E-10
9,97719E+0	4,34120E-10
9,98585E+0	3,37100E-10
9,99451E+0	4,49630E-10
1,00032E+1	4,83160E-10
1,00118E+1	4,59910E-10
1,00205E+1	3,91560E-10
1,00292E+1	3,35640E-10
1,00378E+1	3,82660E-10
1,00465E+1	3,42630E-10
1,00551E+1	4,34220E-10
1,00638E+1	4,63100E-10
1,00725E+1	4,09430E-10
1,00811E+1	3,77860E-10
1,00898E+1	3,75100E-10
1,00984E+1	3,72250E-10
1,01071E+1	4,17660E-10
1,01158E+1	5,14020E-10
1,01244E+1	4,82360E-10
1,01331E+1	3,52560E-10
1,01417E+1	3,30480E-10
1,01504E+1	3,97490E-10
1,01591E+1	5,13570E-10
1,01677E+1	3,85880E-10
1,01764E+1	3,51510E-10
1,01850E+1	4,50210E-10
1,01937E+1	5,32880E-10
1,02024E+1	6,27450E-10
1,02110E+1	4,67510E-10
1,02197E+1	3,96120E-10
1,02284E+1	4,24810E-10
1,02370E+1	5,05010E-10
1,02457E+1	4,56490E-10
1,02543E+1	4,62940E-10
1,02630E+1	3,75040E-10
1,02717E+1	3,83320E-10
1,02803E+1	5,35800E-10
1,02890E+1	3,36430E-10
1,02976E+1	3,17790E-10
1,03063E+1	4,40130E-10
1,03150E+1	3,56690E-10
1,03236E+1	4,45810E-10
1,03323E+1	6,17680E-10
1,03409E+1	6,33330E-10
1,03496E+1	4,64640E-10
1,03583E+1	4,37110E-10
1,03669E+1	4,03670E-10
1,03756E+1	3,86590E-10
1,03842E+1	5,00830E-10
1,03929E+1	3,59730E-10
1,04016E+1	4,24740E-10
1,04102E+1	6,01220E-10
1,04189E+1	4,43360E-10
1,04276E+1	4,44000E-10
1,04362E+1	3,15940E-10
1,04449E+1	5,31670E-10
1,04535E+1	5,20270E-10
1,04622E+1	4,26660E-10
1,04709E+1	5,08730E-10
1,04795E+1	5,68820E-10
1,04882E+1	5,39520E-10
1,04968E+1	4,68150E-10
1,05055E+1	5,01000E-10
1,05142E+1	4,47790E-10
1,05228E+1	4,77240E-10
1,05315E+1	4,34280E-10
1,05401E+1	5,17860E-10
1,05488E+1	4,71160E-10
1,05575E+1	4,19140E-10
1,05661E+1	5,20430E-10
1,05748E+1	5,07420E-10
1,05834E+1	5,20120E-10
1,05921E+1	5,07460E-10
1,06008E+1	4,67160E-10
1,06094E+1	5,44170E-10
1,06181E+1	4,98240E-10
1,06267E+1	6,46650E-10
1,06354E+1	5,04260E-10
1,06441E+1	4,62430E-10
1,06527E+1	5,02240E-10
1,06614E+1	6,86160E-10
1,06701E+1	4,46030E-10
1,06787E+1	5,89960E-10
1,06874E+1	4,70010E-10
1,06960E+1	4,24290E-10
1,07047E+1	5,77720E-10
1,07134E+1	4,56310E-10
1,07220E+1	4,56690E-10
1,07307E+1	4,61840E-10
1,07393E+1	4,97620E-10
1,07480E+1	5,71040E-10
1,07567E+1	4,77670E-10
1,07653E+1	4,97670E-10
1,07740E+1	5,53490E-10
1,07826E+1	5,64740E-10
1,07913E+1	5,19510E-10
1,08000E+1	4,38600E-10
1,08086E+1	6,32060E-10
1,08173E+1	6,23390E-10
1,08259E+1	6,27880E-10
1,08346E+1	5,55710E-10
1,08433E+1	4,65850E-10
1,08519E+1	6,31150E-10
1,08606E+1	4,99670E-10
1,08693E+1	5,67360E-10
1,08779E+1	6,83470E-10
1,08866E+1	5,71330E-10
1,08952E+1	5,36970E-10
1,09039E+1	4,28590E-10
1,09126E+1	5,41370E-10
1,09212E+1	4,36490E-10
1,09299E+1	5,31820E-10
1,09385E+1	7,24020E-10
1,09472E+1	5,21760E-10
1,09559E+1	6,13740E-10
1,09645E+1	6,13360E-10
1,09732E+1	6,12780E-10
1,09818E+1	7,46230E-10
1,09905E+1	6,90720E-10
1,09992E+1	7,23180E-10
1,10078E+1	5,39400E-10
1,10165E+1	5,22260E-10
1,10251E+1	7,02640E-10
1,10338E+1	7,41250E-10
1,10425E+1	6,08760E-10
1,10511E+1	6,27580E-10
1,10598E+1	4,94180E-10
1,10684E+1	6,30500E-10
1,10771E+1	7,90290E-10
1,10858E+1	5,23010E-10
1,10944E+1	6,74750E-10
1,11031E+1	6,65570E-10
1,11118E+1	6,33090E-10
1,11204E+1	6,20890E-10
1,11291E+1	6,73480E-10
1,11377E+1	6,34420E-10
1,11464E+1	4,92600E-10
1,11551E+1	7,88260E-10
1,11637E+1	5,83700E-10
1,11724E+1	7,00990E-10
1,11810E+1	6,21420E-10
1,11897E+1	6,28130E-10
1,11984E+1	7,78420E-10
1,12070E+1	6,71670E-10
1,12157E+1	4,43890E-10
1,12243E+1	5,75390E-10
1,12330E+1	6,27370E-10
1,12417E+1	6,99580E-10
1,12503E+1	7,27060E-10
1,12590E+1	7,66040E-10
1,12676E+1	7,72370E-10
1,12763E+1	6,10310E-10
1,12850E+1	6,21420E-10
1,12936E+1	6,31270E-10
1,13023E+1	4,92510E-10
1,13110E+1	5,75250E-10
1,13196E+1	7,17940E-10
1,13283E+1	8,81650E-10
1,13369E+1	7,19570E-10
1,13456E+1	7,20890E-10
1,13543E+1	6,47960E-10
1,13629E+1	5,52540E-10
1,13716E+1	7,95090E-10
1,13802E+1	7,40150E-10
1,13889E+1	7,26000E-10
1,13976E+1	8,46630E-10
1,14062E+1	6,87840E-10
1,14149E+1	6,65140E-10
1,14235E+1	9,25200E-10
1,14322E+1	7,63480E-10
1,14409E+1	8,45570E-10
1,14495E+1	7,82950E-10
1,14582E+1	6,82660E-10
1,14668E+1	6,71650E-10
1,14755E+1	7,83760E-10
1,14842E+1	7,92170E-10
1,14928E+1	7,60330E-10
1,15015E+1	8,71740E-10
1,15101E+1	7,54950E-10
1,15188E+1	7,62830E-10
1,15275E+1	7,10860E-10
1,15361E+1	6,59340E-10
1,15448E+1	5,65000E-10
1,15535E+1	7,77980E-10
1,15621E+1	6,80440E-10
1,15708E+1	7,48570E-10
1,15794E+1	9,75820E-10
1,15881E+1	8,71430E-10
1,15968E+1	8,52260E-10
1,16054E+1	7,64420E-10
1,16141E+1	8,29620E-10
1,16227E+1	7,97530E-10
1,16314E+1	8,44850E-10
1,16401E+1	9,97670E-10
1,16487E+1	1,02572E-9
1,16574E+1	1,01380E-9
1,16660E+1	8,90190E-10
1,16747E+1	7,80110E-10
1,16834E+1	8,80410E-10
1,16920E+1	7,56410E-10
1,17007E+1	1,00111E-9
1,17093E+1	5,33280E-10
1,17180E+1	7,81020E-10
1,17267E+1	9,18320E-10
1,17353E+1	8,97300E-10
1,17440E+1	8,37350E-10
1,17527E+1	7,95730E-10
1,17613E+1	8,95150E-10
1,17700E+1	9,26780E-10
1,17786E+1	9,15310E-10
1,17873E+1	8,33660E-10
1,17960E+1	9,16730E-10
1,18046E+1	9,20380E-10
1,18133E+1	9,07550E-10
1,18219E+1	8,36900E-10
1,18306E+1	1,00890E-9
1,18393E+1	1,09706E-9
1,18479E+1	9,61300E-10
1,18566E+1	9,89440E-10
1,18652E+1	1,20680E-9
1,18739E+1	8,82630E-10
1,18826E+1	1,05527E-9
1,18912E+1	1,18862E-9
1,18999E+1	8,98020E-10
1,19085E+1	1,10877E-9
1,19172E+1	1,06644E-9
1,19259E+1	9,20270E-10
1,19345E+1	8,83740E-10
1,19432E+1	1,18269E-9
1,19519E+1	1,19536E-9
1,19605E+1	1,09559E-9
1,19692E+1	1,09739E-9
1,19778E+1	1,11362E-9
1,19865E+1	1,33983E-9
1,19952E+1	1,19004E-9
1,20038E+1	1,03591E-9
1,20125E+1	1,07706E-9
1,20211E+1	1,07018E-9
1,20298E+1	1,02216E-9
1,20385E+1	1,03693E-9
1,20471E+1	1,18410E-9
1,20558E+1	1,03107E-9
1,20644E+1	1,08147E-9
1,20731E+1	1,20981E-9
1,20818E+1	1,07906E-9
1,20904E+1	8,85700E-10
1,20991E+1	9,33120E-10
1,21077E+1	9,29870E-10
1,21164E+1	1,12360E-9
1,21251E+1	1,10003E-9
1,21337E+1	8,64170E-10
1,21424E+1	1,01972E-9
1,21510E+1	9,44050E-10
1,21597E+1	1,15858E-9
1,21684E+1	1,16932E-9
1,21770E+1	9,22610E-10
1,21857E+1	1,23488E-9
1,21944E+1	1,14065E-9
1,22030E+1	1,25404E-9
1,22117E+1	1,21948E-9
1,22203E+1	1,09334E-9
1,22290E+1	1,24446E-9
1,22377E+1	1,25572E-9
1,22463E+1	9,66150E-10
1,22550E+1	1,16962E-9
1,22636E+1	1,05478E-9
1,22723E+1	1,08115E-9
1,22810E+1	1,01373E-9
1,22896E+1	1,12344E-9
1,22983E+1	1,21059E-9
1,23069E+1	1,08512E-9
1,23156E+1	1,09600E-9
1,23243E+1	1,22921E-9
1,23329E+1	1,34918E-9
1,23416E+1	1,22396E-9
1,23502E+1	1,39718E-9
1,23589E+1	1,24775E-9
1,23676E+1	1,18880E-9
1,23762E+1	1,22644E-9
1,23849E+1	1,36131E-9
1,23936E+1	1,25749E-9
1,24022E+1	1,33804E-9
1,24109E+1	1,17261E-9
1,24195E+1	1,24436E-9
1,24282E+1	1,28848E-9
1,24369E+1	1,36223E-9
1,24455E+1	1,40805E-9
1,24542E+1	1,22443E-9
1,24628E+1	1,21017E-9
1,24715E+1	1,44943E-9
1,24802E+1	1,51944E-9
1,24888E+1	1,33982E-9
1,24975E+1	1,26734E-9
1,25061E+1	1,24145E-9
1,25148E+1	1,42179E-9
1,25235E+1	1,22086E-9
1,25321E+1	1,27748E-9
1,25408E+1	1,08502E-9
1,25494E+1	1,44961E-9
1,25581E+1	1,31224E-9
1,25668E+1	1,33394E-9
1,25754E+1	1,46633E-9
1,25841E+1	1,26935E-9
1,25927E+1	1,42379E-9
1,26014E+1	1,40591E-9
1,26101E+1	1,20243E-9
1,26187E+1	1,48860E-9
1,26274E+1	1,64686E-9
1,26361E+1	1,38552E-9
1,26447E+1	1,43477E-9
1,26534E+1	1,30400E-9
1,26620E+1	1,39136E-9
1,26707E+1	1,22285E-9
1,26794E+1	1,29580E-9
1,26880E+1	1,32726E-9
1,26967E+1	1,47119E-9
1,27053E+1	1,48538E-9
1,27140E+1	1,50095E-9
1,27227E+1	1,62785E-9
1,27313E+1	1,37688E-9
1,27400E+1	1,42263E-9
1,27486E+1	1,62941E-9
1,27573E+1	1,52449E-9
1,27660E+1	1,42186E-9
1,27746E+1	1,49520E-9
1,27833E+1	1,62950E-9
1,27919E+1	1,70760E-9
1,28006E+1	1,47122E-9
1,28093E+1	1,30094E-9
1,28179E+1	1,55796E-9
1,28266E+1	1,72400E-9
1,28353E+1	1,39692E-9
1,28439E+1	1,69258E-9
1,28526E+1	1,61061E-9
1,28612E+1	1,65363E-9
1,28699E+1	1,71120E-9
1,28786E+1	1,55410E-9
1,28872E+1	1,60007E-9
1,28959E+1	1,64950E-9
1,29045E+1	1,82560E-9
1,29132E+1	1,67355E-9
1,29219E+1	2,02040E-9
1,29305E+1	1,67220E-9
1,29392E+1	1,52662E-9
1,29478E+1	1,53744E-9
1,29565E+1	1,70350E-9
1,29652E+1	1,46500E-9
1,29738E+1	2,20920E-9
1,29825E+1	1,81840E-9
1,29911E+1	2,00110E-9
1,29998E+1	1,64020E-9
1,30085E+1	2,03910E-9
1,30171E+1	2,11290E-9
1,30258E+1	2,01690E-9
1,30344E+1	2,02830E-9
1,30431E+1	2,12210E-9
1,30518E+1	1,86290E-9
1,30604E+1	1,79840E-9
1,30691E+1	1,95810E-9
1,30778E+1	2,13160E-9
1,30864E+1	2,07640E-9
1,30951E+1	2,12990E-9
1,31037E+1	2,13790E-9
1,31124E+1	2,02820E-9
1,31211E+1	2,08400E-9
1,31297E+1	2,24670E-9
1,31384E+1	1,78940E-9
1,31470E+1	2,49480E-9
1,31557E+1	2,40050E-9
1,31644E+1	2,49930E-9
1,31730E+1	2,18290E-9
1,31817E+1	2,20770E-9
1,31903E+1	2,12290E-9
1,31990E+1	2,12550E-9
1,32077E+1	2,16800E-9
1,32163E+1	2,31310E-9
1,32250E+1	2,00210E-9
1,32336E+1	2,15990E-9
1,32423E+1	2,33040E-9
1,32510E+1	2,10910E-9
1,32596E+1	2,51640E-9
1,32683E+1	2,21580E-9
1,32770E+1	2,33500E-9
1,32856E+1	2,44930E-9
1,32943E+1	2,24920E-9
1,33029E+1	2,30520E-9
1,33116E+1	2,76060E-9
1,33203E+1	2,69670E-9
1,33289E+1	2,31910E-9
1,33376E+1	2,91360E-9
1,33462E+1	2,66810E-9
1,33549E+1	2,43450E-9
1,33636E+1	2,66690E-9
1,33722E+1	2,66290E-9
1,33809E+1	2,43640E-9
1,33895E+1	2,37760E-9
1,33982E+1	2,82770E-9
1,34069E+1	2,73970E-9
1,34155E+1	2,78780E-9
1,34242E+1	2,66600E-9
1,34328E+1	2,81690E-9
1,34415E+1	2,90430E-9
1,34502E+1	2,98850E-9
1,34588E+1	2,73500E-9
1,34675E+1	3,02790E-9
1,34761E+1	2,73560E-9
1,34848E+1	2,89810E-9
1,34935E+1	3,11660E-9
1,35021E+1	2,86500E-9
1,35108E+1	3,12280E-9
1,35195E+1	2,89660E-9
1,35281E+1	2,82230E-9
1,35368E+1	2,94360E-9
1,35454E+1	3,19790E-9
1,35541E+1	3,40460E-9
1,35628E+1	3,03780E-9
1,35714E+1	3,31910E-9
1,35801E+1	3,40020E-9
1,35887E+1	3,03700E-9
1,35974E+1	3,60670E-9
1,36061E+1	2,98670E-9
1,36147E+1	3,54310E-9
1,36234E+1	3,46570E-9
1,36320E+1	3,70560E-9
1,36407E+1	3,34960E-9
1,36494E+1	4,09070E-9
1,36580E+1	3,67490E-9
1,36667E+1	3,64890E-9
1,36753E+1	3,74900E-9
1,36840E+1	3,79100E-9
1,36927E+1	3,89970E-9
1,37013E+1	3,98180E-9
1,37100E+1	3,94380E-9
1,37187E+1	3,61270E-9
1,37273E+1	3,49260E-9
1,37360E+1	3,94050E-9
1,37446E+1	3,77710E-9
1,37533E+1	4,34290E-9
1,37620E+1	4,25210E-9
1,37706E+1	4,34270E-9
1,37793E+1	4,42340E-9
1,37879E+1	4,52250E-9
1,37966E+1	4,68090E-9
1,38053E+1	4,47080E-9
1,38139E+1	4,51250E-9
1,38226E+1	4,80700E-9
1,38312E+1	5,06410E-9
1,38399E+1	4,68850E-9
1,38486E+1	4,40060E-9
1,38572E+1	4,47000E-9
1,38659E+1	4,85700E-9
1,38745E+1	4,92380E-9
1,38832E+1	5,03520E-9
1,38919E+1	4,83190E-9
1,39005E+1	5,25180E-9
1,39092E+1	5,46420E-9
1,39179E+1	5,26060E-9
1,39265E+1	5,12110E-9
1,39352E+1	5,03740E-9
1,39438E+1	4,95370E-9
1,39525E+1	5,18200E-9
1,39612E+1	5,38210E-9
1,39698E+1	5,73230E-9
1,39785E+1	5,70490E-9
1,39871E+1	5,84730E-9
1,39958E+1	5,57020E-9
1,40045E+1	6,02030E-9
1,40131E+1	5,89330E-9
1,40218E+1	6,01520E-9
1,40304E+1	6,16910E-9
1,40391E+1	6,12170E-9
1,40478E+1	5,88050E-9
1,40564E+1	5,75240E-9
1,40651E+1	6,60460E-9
1,40737E+1	6,28750E-9
1,40824E+1	6,19510E-9
1,40911E+1	5,97600E-9
1,40997E+1	6,94510E-9
1,41084E+1	6,75360E-9
1,41170E+1	7,23200E-9
1,41257E+1	6,71950E-9
1,41344E+1	7,68760E-9
1,41430E+1	7,48590E-9
1,41517E+1	7,69370E-9
1,41604E+1	7,99110E-9
1,41690E+1	7,89860E-9
1,41777E+1	7,78720E-9
1,41863E+1	8,14590E-9
1,41950E+1	8,28100E-9
1,42037E+1	8,25260E-9
1,42123E+1	8,65180E-9
1,42210E+1	8,80010E-9
1,42296E+1	8,64970E-9
1,42383E+1	9,06870E-9
1,42470E+1	9,27220E-9
1,42556E+1	9,87630E-9
1,42643E+1	9,44700E-9
1,42729E+1	9,81860E-9
1,42816E+1	9,92640E-9
1,42903E+1	9,58860E-9
1,42989E+1	1,04699E-8
1,43076E+1	1,08864E-8
1,43162E+1	1,05518E-8
1,43249E+1	1,06815E-8
1,43336E+1	1,22733E-8
1,43422E+1	1,15889E-8
1,43509E+1	1,21983E-8
1,43596E+1	1,20995E-8
1,43682E+1	1,29608E-8
1,43769E+1	1,30410E-8
1,43855E+1	1,38159E-8
1,43942E+1	1,46490E-8
1,44029E+1	1,47483E-8
1,44115E+1	1,60522E-8
1,44202E+1	1,77039E-8
1,44288E+1	1,81876E-8
1,44375E+1	1,97582E-8
1,44462E+1	2,24890E-8
1,44548E+1	2,31440E-8
1,44635E+1	2,64760E-8
1,44721E+1	2,85580E-8
1,44808E+1	3,32700E-8
1,44895E+1	3,63480E-8
1,44981E+1	4,01220E-8
1,45068E+1	4,44680E-8
1,45154E+1	4,87600E-8
1,45241E+1	5,04810E-8
1,45328E+1	5,53560E-8
1,45414E+1	5,80930E-8
1,45501E+1	6,09930E-8
1,45587E+1	6,29840E-8
1,45674E+1	6,46300E-8
1,45761E+1	6,61180E-8
1,45847E+1	6,60270E-8
1,45934E+1	6,70290E-8
1,46021E+1	6,56900E-8
1,46107E+1	6,33460E-8
1,46194E+1	6,14420E-8
1,46280E+1	5,96380E-8
1,46367E+1	5,72280E-8
1,46454E+1	5,21500E-8
1,46540E+1	4,80470E-8
1,46627E+1	4,38120E-8
1,46713E+1	4,04440E-8
1,46800E+1	3,36660E-8
1,46887E+1	2,99710E-8
1,46973E+1	2,60800E-8
1,47060E+1	2,28470E-8
1,47146E+1	2,07180E-8
1,47233E+1	1,48528E-8
1,47320E+1	1,34422E-8
1,47406E+1	9,94860E-9
1,47493E+1	8,40780E-9
1,47579E+1	6,41190E-9
1,47666E+1	5,43880E-9
1,47753E+1	3,91310E-9
1,47839E+1	3,28220E-9
1,47926E+1	2,34310E-9
1,48013E+1	1,86960E-9
1,48099E+1	1,39600E-9
1,48186E+1	1,19154E-9
1,48272E+1	6,90360E-10
1,48359E+1	6,01980E-10
1,48446E+1	4,19350E-10
1,48532E+1	3,59720E-10
1,48619E+1	2,26570E-10
1,48705E+1	1,26660E-10
1,48792E+1	1,04754E-10
1,48879E+1	6,73120E-11
1,48965E+1	5,24340E-11
1,49052E+1	3,01430E-11
1,49138E+1	2,01367E-11
1,49225E+1	1,19597E-11
1,49312E+1	1,20900E-11
1,49398E+1	4,81020E-12
1,49485E+1	3,84930E-12
1,49571E+1	2,02670E-12
1,49658E+1	2,65360E-12
1,49745E+1	2,22850E-12
1,49831E+1	1,78640E-12
