E, keV	I, A
6,00327E+0	8,07540E-11
6,01426E+0	9,06460E-11
6,02526E+0	9,16220E-11
6,03625E+0	8,83380E-11
6,04725E+0	8,13020E-11
6,05824E+0	8,47780E-11
6,06924E+0	8,26810E-11
6,08024E+0	9,87730E-11
6,09123E+0	9,34040E-11
6,10222E+0	9,39220E-11
6,11322E+0	9,98910E-11
6,12421E+0	1,12386E-10
6,13521E+0	1,00493E-10
6,14620E+0	1,01019E-10
6,15720E+0	1,05298E-10
6,16819E+0	8,75910E-11
6,17919E+0	7,72110E-11
6,19018E+0	9,29570E-11
6,20118E+0	9,73820E-11
6,21218E+0	9,25390E-11
6,22317E+0	8,41830E-11
6,23416E+0	9,47050E-11
6,24516E+0	9,04680E-11
6,25615E+0	9,80230E-11
6,26715E+0	1,07771E-10
6,27814E+0	1,06892E-10
6,28914E+0	1,12918E-10
6,30014E+0	1,28647E-10
6,31113E+0	1,10311E-10
6,32212E+0	9,92700E-11
6,33312E+0	1,03521E-10
6,34411E+0	8,74870E-11
6,35511E+0	1,12096E-10
6,36610E+0	1,08250E-10
6,37710E+0	9,87580E-11
6,38809E+0	1,46408E-10
6,39909E+0	1,19623E-10
6,41008E+0	1,18110E-10
6,42108E+0	1,07327E-10
6,43207E+0	1,19461E-10
6,44307E+0	1,19587E-10
6,45406E+0	1,08432E-10
6,46506E+0	1,21353E-10
6,47605E+0	1,25437E-10
6,48705E+0	1,19187E-10
6,49804E+0	8,66610E-11
6,50904E+0	1,03279E-10
6,52003E+0	1,21639E-10
6,53103E+0	9,18480E-11
6,54202E+0	1,19541E-10
6,55302E+0	1,18063E-10
6,56401E+0	1,41112E-10
6,57501E+0	1,24556E-10
6,58601E+0	1,20248E-10
6,59700E+0	1,30934E-10
6,60799E+0	1,43375E-10
6,61899E+0	1,48722E-10
6,62998E+0	1,44887E-10
6,64098E+0	1,46589E-10
6,65197E+0	1,78600E-10
6,66297E+0	1,92165E-10
6,67396E+0	1,74868E-10
6,68496E+0	1,67654E-10
6,69595E+0	1,54717E-10
6,70695E+0	1,67441E-10
6,71795E+0	1,85109E-10
6,72894E+0	1,50659E-10
6,73993E+0	1,71026E-10
6,75093E+0	1,78955E-10
6,76192E+0	1,48036E-10
6,77292E+0	1,53875E-10
6,78391E+0	1,57092E-10
6,79491E+0	1,46914E-10
6,80591E+0	1,56955E-10
6,81690E+0	1,64764E-10
6,82789E+0	1,58904E-10
6,83889E+0	1,39486E-10
6,84988E+0	1,56053E-10
6,86088E+0	1,55024E-10
6,87187E+0	1,38476E-10
6,88287E+0	1,55769E-10
6,89386E+0	1,45779E-10
6,90486E+0	1,43057E-10
6,91585E+0	1,40315E-10
6,92685E+0	1,50515E-10
6,93784E+0	1,54135E-10
6,94884E+0	1,61767E-10
6,95983E+0	1,48070E-10
6,97083E+0	1,16721E-10
6,98182E+0	1,31533E-10
6,99282E+0	1,62199E-10
7,00381E+0	1,54678E-10
7,01481E+0	1,58284E-10
7,02580E+0	1,38518E-10
7,03680E+0	1,59301E-10
7,04779E+0	1,53838E-10
7,05879E+0	1,32362E-10
7,06978E+0	1,31236E-10
7,08078E+0	1,28294E-10
7,09177E+0	1,29469E-10
7,10277E+0	1,38860E-10
7,11376E+0	1,54831E-10
7,12476E+0	1,37810E-10
7,13575E+0	1,32642E-10
7,14675E+0	1,27382E-10
7,15774E+0	1,41817E-10
7,16874E+0	1,45444E-10
7,17973E+0	1,52385E-10
7,19073E+0	1,51194E-10
7,20172E+0	1,51477E-10
7,21272E+0	1,65560E-10
7,22371E+0	1,38920E-10
7,23471E+0	1,36066E-10
7,24570E+0	1,53009E-10
7,25670E+0	1,54946E-10
7,26769E+0	1,56243E-10
7,27869E+0	1,70682E-10
7,28968E+0	1,44563E-10
7,30068E+0	1,43642E-10
7,31168E+0	1,43330E-10
7,32267E+0	1,52546E-10
7,33366E+0	1,31114E-10
7,34466E+0	1,45551E-10
7,35565E+0	1,46291E-10
7,36665E+0	1,40202E-10
7,37764E+0	1,70852E-10
7,38864E+0	1,68484E-10
7,39963E+0	1,77234E-10
7,41063E+0	1,70951E-10
7,42162E+0	1,57441E-10
7,43262E+0	1,86383E-10
7,44361E+0	1,95548E-10
7,45461E+0	1,82334E-10
7,46560E+0	1,88003E-10
7,47660E+0	1,82560E-10
7,48759E+0	1,71158E-10
7,49859E+0	1,89256E-10
7,50958E+0	2,31370E-10
7,52058E+0	2,01820E-10
7,53157E+0	1,84091E-10
7,54257E+0	1,78803E-10
7,55356E+0	1,93812E-10
7,56456E+0	1,84621E-10
7,57555E+0	1,81436E-10
7,58655E+0	2,27380E-10
7,59754E+0	2,41070E-10
7,60854E+0	1,76835E-10
7,61953E+0	1,90754E-10
7,63053E+0	2,09292E-10
7,64152E+0	1,91785E-10
7,65252E+0	2,06093E-10
7,66351E+0	1,74480E-10
7,67451E+0	2,05071E-10
7,68551E+0	1,96340E-10
7,69650E+0	1,97335E-10
7,70749E+0	1,87158E-10
7,71849E+0	1,73909E-10
7,72948E+0	1,89543E-10
7,74048E+0	1,82529E-10
7,75147E+0	1,97132E-10
7,76247E+0	1,94911E-10
7,77346E+0	1,75392E-10
7,78446E+0	1,92500E-10
7,79545E+0	2,18330E-10
7,80645E+0	2,34050E-10
7,81745E+0	1,99401E-10
7,82844E+0	1,93682E-10
7,83943E+0	1,93527E-10
7,85043E+0	1,76861E-10
7,86142E+0	1,93269E-10
7,87242E+0	2,08934E-10
7,88341E+0	1,88576E-10
7,89441E+0	1,91955E-10
7,90541E+0	1,93073E-10
7,91640E+0	2,37750E-10
7,92739E+0	2,01328E-10
7,93839E+0	2,06714E-10
7,94938E+0	1,92820E-10
7,96038E+0	1,80720E-10
7,97137E+0	2,01562E-10
7,98237E+0	2,05418E-10
7,99336E+0	2,14520E-10
8,00436E+0	2,78190E-10
8,01535E+0	1,99876E-10
8,02635E+0	2,07636E-10
8,03734E+0	2,56930E-10
8,04834E+0	1,98638E-10
8,05933E+0	1,92968E-10
8,07033E+0	1,84978E-10
8,08132E+0	2,02176E-10
8,09232E+0	1,85227E-10
8,10332E+0	1,72923E-10
8,11431E+0	2,20320E-10
8,12530E+0	2,63750E-10
8,13630E+0	2,07830E-10
8,14729E+0	2,49840E-10
8,15829E+0	2,14600E-10
8,16928E+0	2,86500E-10
8,18028E+0	2,54670E-10
8,19127E+0	2,36540E-10
8,20227E+0	2,21700E-10
8,21326E+0	2,87450E-10
8,22426E+0	2,31580E-10
8,23526E+0	2,45690E-10
8,24625E+0	2,00830E-10
8,25724E+0	2,48170E-10
8,26824E+0	2,39850E-10
8,27923E+0	2,69640E-10
8,29023E+0	2,44140E-10
8,30122E+0	2,65710E-10
8,31222E+0	2,49350E-10
8,32321E+0	2,63120E-10
8,33421E+0	2,28110E-10
8,34520E+0	2,66210E-10
8,35620E+0	2,78370E-10
8,36720E+0	2,51430E-10
8,37819E+0	2,95290E-10
8,38918E+0	2,69380E-10
8,40018E+0	4,03520E-10
8,41118E+0	2,43550E-10
8,42217E+0	3,06570E-10
8,43316E+0	2,26230E-10
8,44416E+0	2,29320E-10
8,45515E+0	2,18250E-10
8,46615E+0	2,72240E-10
8,47715E+0	2,74760E-10
8,48814E+0	2,44380E-10
8,49913E+0	4,35030E-10
8,51013E+0	3,64020E-10
8,52112E+0	4,48290E-10
8,53212E+0	2,49090E-10
8,54311E+0	2,82920E-10
8,55411E+0	3,88720E-10
8,56510E+0	3,12070E-10
8,57610E+0	3,17310E-10
8,58709E+0	3,10690E-10
8,59809E+0	3,91820E-10
8,60909E+0	3,48690E-10
8,62008E+0	4,31200E-10
8,63107E+0	4,59850E-10
8,64207E+0	2,43650E-10
8,65306E+0	4,31830E-10
8,66406E+0	5,18420E-10
8,67505E+0	3,88350E-10
8,68605E+0	3,17800E-10
8,69704E+0	3,01750E-10
8,70804E+0	3,22290E-10
8,71903E+0	3,22920E-10
8,73003E+0	3,44460E-10
8,74102E+0	3,63230E-10
8,75202E+0	3,60200E-10
8,76301E+0	3,26730E-10
8,77401E+0	4,22540E-10
8,78500E+0	2,28860E-10
8,79600E+0	3,20270E-10
8,80699E+0	3,16940E-10
8,81799E+0	3,71240E-10
8,82898E+0	4,12800E-10
8,83998E+0	3,03010E-10
8,85098E+0	3,32810E-10
8,86197E+0	3,86960E-10
8,87296E+0	3,53440E-10
8,88396E+0	4,32120E-10
8,89495E+0	3,99140E-10
8,90595E+0	3,14100E-10
8,91694E+0	3,12390E-10
8,92794E+0	4,00070E-10
8,93894E+0	3,69230E-10
8,94993E+0	2,67560E-10
8,96092E+0	2,48440E-10
8,97192E+0	2,90490E-10
8,98291E+0	3,38680E-10
8,99391E+0	2,91470E-10
9,00490E+0	3,53610E-10
9,01590E+0	2,74980E-10
9,02689E+0	3,60450E-10
9,03789E+0	4,64020E-10
9,04889E+0	2,23540E-10
9,05988E+0	2,54600E-10
9,07087E+0	3,20860E-10
9,08187E+0	3,33520E-10
9,09286E+0	2,83960E-10
9,10386E+0	3,00160E-10
9,11485E+0	4,13750E-10
9,12585E+0	3,59390E-10
9,13684E+0	3,78680E-10
9,14784E+0	3,80690E-10
9,15883E+0	3,51170E-10
9,16983E+0	3,38510E-10
9,18082E+0	4,05020E-10
9,19182E+0	3,04600E-10
9,20281E+0	3,85040E-10
9,21381E+0	3,73510E-10
9,22480E+0	4,16680E-10
9,23580E+0	3,63010E-10
9,24679E+0	3,08090E-10
9,25779E+0	3,31640E-10
9,26878E+0	3,89060E-10
9,27978E+0	2,18900E-10
9,29077E+0	3,77080E-10
9,30177E+0	2,81400E-10
9,31277E+0	2,80550E-10
9,32376E+0	4,15790E-10
9,33475E+0	4,59070E-10
9,34575E+0	2,89880E-10
9,35674E+0	3,64050E-10
9,36774E+0	4,01380E-10
9,37873E+0	3,88480E-10
9,38973E+0	3,72180E-10
9,40072E+0	2,09110E-10
9,41172E+0	4,12990E-10
9,42272E+0	3,36570E-10
9,43371E+0	4,52140E-10
9,44470E+0	4,27860E-10
9,45570E+0	3,42100E-10
9,46669E+0	4,58250E-10
9,47769E+0	2,85220E-10
9,48869E+0	3,79310E-10
9,49968E+0	3,79530E-10
9,51067E+0	3,87060E-10
9,52167E+0	3,22620E-10
9,53266E+0	3,94500E-10
9,54366E+0	5,39180E-10
9,55465E+0	3,54030E-10
9,56565E+0	4,35510E-10
9,57665E+0	3,75720E-10
9,58764E+0	3,55550E-10
9,59863E+0	5,00850E-10
9,60963E+0	4,13830E-10
9,62062E+0	3,36670E-10
9,62210E+0	5,81520E-10
9,63076E+0	4,02680E-10
9,63942E+0	3,03900E-10
9,64808E+0	3,94740E-10
9,65674E+0	4,47700E-10
9,66540E+0	4,81290E-10
9,67406E+0	4,19520E-10
9,68272E+0	4,17270E-10
9,69138E+0	3,36890E-10
9,70004E+0	3,71330E-10
9,70870E+0	4,35360E-10
9,71737E+0	3,79380E-10
9,72603E+0	4,05850E-10
9,73469E+0	4,36240E-10
9,74335E+0	4,18220E-10
9,75201E+0	3,68330E-10
9,76067E+0	4,79310E-10
9,76933E+0	3,40340E-10
9,77799E+0	4,36170E-10
9,78665E+0	4,50280E-10
9,79531E+0	3,57440E-10
9,80397E+0	3,58040E-10
9,81263E+0	3,96220E-10
9,82130E+0	3,66900E-10
9,82996E+0	3,97860E-10
9,83862E+0	3,68440E-10
9,84728E+0	3,59500E-10
9,85594E+0	4,76670E-10
9,86460E+0	3,56350E-10
9,87326E+0	3,70910E-10
9,88192E+0	3,91850E-10
9,89058E+0	5,00850E-10
9,89924E+0	5,21680E-10
9,90790E+0	3,84460E-10
9,91656E+0	2,70200E-10
9,92522E+0	4,36270E-10
9,93389E+0	4,70260E-10
9,94255E+0	3,23270E-10
9,95121E+0	4,96380E-10
9,95987E+0	3,98260E-10
9,96853E+0	4,07030E-10
9,97719E+0	4,88130E-10
9,98585E+0	4,36580E-10
9,99451E+0	5,18630E-10
1,00032E+1	4,21040E-10
1,00118E+1	4,86970E-10
1,00205E+1	5,30060E-10
1,00292E+1	4,44140E-10
1,00378E+1	5,12530E-10
1,00465E+1	4,26680E-10
1,00551E+1	4,85090E-10
1,00638E+1	4,46660E-10
1,00725E+1	4,19860E-10
1,00811E+1	4,55360E-10
1,00898E+1	4,45340E-10
1,00984E+1	3,98040E-10
1,01071E+1	5,56030E-10
1,01158E+1	4,28380E-10
1,01244E+1	4,14530E-10
1,01331E+1	4,68210E-10
1,01417E+1	4,51870E-10
1,01504E+1	3,39650E-10
1,01591E+1	4,73510E-10
1,01677E+1	4,71890E-10
1,01764E+1	5,96650E-10
1,01850E+1	5,17320E-10
1,01937E+1	3,36380E-10
1,02024E+1	4,87430E-10
1,02110E+1	3,70120E-10
1,02197E+1	5,08500E-10
1,02284E+1	3,57810E-10
1,02370E+1	4,80920E-10
1,02457E+1	6,26250E-10
1,02543E+1	5,57630E-10
1,02630E+1	4,90130E-10
1,02717E+1	4,54130E-10
1,02803E+1	4,43020E-10
1,02890E+1	4,76930E-10
1,02976E+1	5,41480E-10
1,03063E+1	5,45570E-10
1,03150E+1	5,14460E-10
1,03236E+1	5,00220E-10
1,03323E+1	3,53080E-10
1,03409E+1	4,41350E-10
1,03496E+1	5,38060E-10
1,03583E+1	3,99620E-10
1,03669E+1	5,25270E-10
1,03756E+1	4,77170E-10
1,03842E+1	4,71950E-10
1,03929E+1	5,77520E-10
1,04016E+1	4,81000E-10
1,04102E+1	5,92390E-10
1,04189E+1	4,73680E-10
1,04276E+1	5,33740E-10
1,04362E+1	5,53050E-10
1,04449E+1	5,79670E-10
1,04535E+1	5,17140E-10
1,04622E+1	5,17960E-10
1,04709E+1	6,65590E-10
1,04795E+1	5,68440E-10
1,04882E+1	5,02920E-10
1,04968E+1	6,04000E-10
1,05055E+1	4,19680E-10
1,05142E+1	6,06550E-10
1,05228E+1	4,51770E-10
1,05315E+1	5,27010E-10
1,05401E+1	5,19840E-10
1,05488E+1	4,79700E-10
1,05575E+1	5,70370E-10
1,05661E+1	4,76080E-10
1,05748E+1	6,23930E-10
1,05834E+1	5,73250E-10
1,05921E+1	5,11150E-10
1,06008E+1	5,28580E-10
1,06094E+1	5,38580E-10
1,06181E+1	5,63590E-10
1,06267E+1	5,24520E-10
1,06354E+1	6,52990E-10
1,06441E+1	5,68010E-10
1,06527E+1	5,37870E-10
1,06614E+1	4,92120E-10
1,06701E+1	5,07270E-10
1,06787E+1	6,29140E-10
1,06874E+1	5,70930E-10
1,06960E+1	5,65730E-10
1,07047E+1	5,89600E-10
1,07134E+1	6,14000E-10
1,07220E+1	6,66310E-10
1,07307E+1	6,57290E-10
1,07393E+1	6,23760E-10
1,07480E+1	7,93070E-10
1,07567E+1	5,66700E-10
1,07653E+1	5,19980E-10
1,07740E+1	6,30490E-10
1,07826E+1	6,70380E-10
1,07913E+1	6,60080E-10
1,08000E+1	5,90090E-10
1,08086E+1	6,37360E-10
1,08173E+1	8,09020E-10
1,08259E+1	5,58670E-10
1,08346E+1	5,07660E-10
1,08433E+1	7,42480E-10
1,08519E+1	5,28250E-10
1,08606E+1	6,67710E-10
1,08693E+1	5,67040E-10
1,08779E+1	7,36760E-10
1,08866E+1	6,11200E-10
1,08952E+1	5,16020E-10
1,09039E+1	6,00520E-10
1,09126E+1	6,28700E-10
1,09212E+1	7,33160E-10
1,09299E+1	6,85850E-10
1,09385E+1	6,84800E-10
1,09472E+1	7,84380E-10
1,09559E+1	7,02750E-10
1,09645E+1	7,20040E-10
1,09732E+1	7,52320E-10
1,09818E+1	6,73920E-10
1,09905E+1	7,58350E-10
1,09992E+1	5,89230E-10
1,10078E+1	7,58100E-10
1,10165E+1	7,07950E-10
1,10251E+1	6,83090E-10
1,10338E+1	7,23880E-10
1,10425E+1	7,09130E-10
1,10511E+1	8,24220E-10
1,10598E+1	6,04910E-10
1,10684E+1	7,14920E-10
1,10771E+1	7,61650E-10
1,10858E+1	7,40970E-10
1,10944E+1	6,56180E-10
1,11031E+1	7,36740E-10
1,11118E+1	7,46800E-10
1,11204E+1	7,77970E-10
1,11291E+1	7,42670E-10
1,11377E+1	8,87680E-10
1,11464E+1	6,89820E-10
1,11551E+1	6,18050E-10
1,11637E+1	7,55740E-10
1,11724E+1	8,33550E-10
1,11810E+1	7,43300E-10
1,11897E+1	7,98070E-10
1,11984E+1	8,95120E-10
1,12070E+1	6,17190E-10
1,12157E+1	5,89440E-10
1,12243E+1	6,73710E-10
1,12330E+1	1,08113E-9
1,12417E+1	9,94130E-10
1,12503E+1	6,88930E-10
1,12590E+1	7,31740E-10
1,12676E+1	8,55140E-10
1,12763E+1	6,26580E-10
1,12850E+1	7,38950E-10
1,12936E+1	6,41810E-10
1,13023E+1	8,16980E-10
1,13110E+1	7,86470E-10
1,13196E+1	7,63190E-10
1,13283E+1	9,79840E-10
1,13369E+1	6,34290E-10
1,13456E+1	9,22600E-10
1,13543E+1	7,65230E-10
1,13629E+1	8,78250E-10
1,13716E+1	7,23800E-10
1,13802E+1	1,12645E-9
1,13889E+1	7,87180E-10
1,13976E+1	8,77800E-10
1,14062E+1	7,72170E-10
1,14149E+1	1,00649E-9
1,14235E+1	7,43230E-10
1,14322E+1	1,10046E-9
1,14409E+1	9,89140E-10
1,14495E+1	9,61950E-10
1,14582E+1	8,08330E-10
1,14668E+1	8,53370E-10
1,14755E+1	9,60800E-10
1,14842E+1	7,26140E-10
1,14928E+1	7,07440E-10
1,15015E+1	9,52770E-10
1,15101E+1	9,06450E-10
1,15188E+1	9,22660E-10
1,15275E+1	8,66750E-10
1,15361E+1	1,03174E-9
1,15448E+1	1,06361E-9
1,15535E+1	8,51790E-10
1,15621E+1	1,18800E-9
1,15708E+1	9,91100E-10
1,15794E+1	9,11930E-10
1,15881E+1	1,01681E-9
1,15968E+1	8,32680E-10
1,16054E+1	1,08340E-9
1,16141E+1	9,52260E-10
1,16227E+1	9,09080E-10
1,16314E+1	1,01727E-9
1,16401E+1	1,12926E-9
1,16487E+1	1,01022E-9
1,16574E+1	9,20600E-10
1,16660E+1	1,00433E-9
1,16747E+1	9,51590E-10
1,16834E+1	1,15444E-9
1,16920E+1	8,49700E-10
1,17007E+1	9,29300E-10
1,17093E+1	1,05325E-9
1,17180E+1	8,47500E-10
1,17267E+1	9,76890E-10
1,17353E+1	1,23606E-9
1,17440E+1	1,11704E-9
1,17527E+1	1,07669E-9
1,17613E+1	1,04090E-9
1,17700E+1	9,50170E-10
1,17786E+1	1,13062E-9
1,17873E+1	1,12815E-9
1,17960E+1	1,26363E-9
1,18046E+1	1,02398E-9
1,18133E+1	1,30497E-9
1,18219E+1	1,03490E-9
1,18306E+1	1,31587E-9
1,18393E+1	1,17984E-9
1,18479E+1	1,25663E-9
1,18566E+1	1,20465E-9
1,18652E+1	1,23372E-9
1,18739E+1	1,09742E-9
1,18826E+1	1,03258E-9
1,18912E+1	1,17764E-9
1,18999E+1	1,00554E-9
1,19085E+1	1,06698E-9
1,19172E+1	1,32076E-9
1,19259E+1	1,32001E-9
1,19345E+1	1,05694E-9
1,19432E+1	1,33958E-9
1,19519E+1	1,30568E-9
1,19605E+1	1,35406E-9
1,19692E+1	1,10022E-9
1,19778E+1	1,26079E-9
1,19865E+1	1,17354E-9
1,19952E+1	9,40820E-10
1,20038E+1	1,15965E-9
1,20125E+1	1,15830E-9
1,20211E+1	1,28274E-9
1,20298E+1	1,27136E-9
1,20385E+1	1,40418E-9
1,20471E+1	1,51987E-9
1,20558E+1	1,37649E-9
1,20644E+1	1,11659E-9
1,20731E+1	1,42412E-9
1,20818E+1	1,34157E-9
1,20904E+1	1,07679E-9
1,20991E+1	1,45507E-9
1,21077E+1	1,31880E-9
1,21164E+1	1,28166E-9
1,21251E+1	1,40915E-9
1,21337E+1	1,64389E-9
1,21424E+1	1,44252E-9
1,21510E+1	1,31830E-9
1,21597E+1	1,27912E-9
1,21684E+1	1,35940E-9
1,21770E+1	1,44796E-9
1,21857E+1	1,52007E-9
1,21944E+1	1,49898E-9
1,22030E+1	1,57490E-9
1,22117E+1	1,36779E-9
1,22203E+1	1,51185E-9
1,22290E+1	1,39243E-9
1,22377E+1	1,36878E-9
1,22463E+1	1,59238E-9
1,22550E+1	1,85669E-9
1,22636E+1	1,52125E-9
1,22723E+1	1,67991E-9
1,22810E+1	1,47520E-9
1,22896E+1	1,86895E-9
1,22983E+1	1,48019E-9
1,23069E+1	1,64740E-9
1,23156E+1	1,42485E-9
1,23243E+1	1,79250E-9
1,23329E+1	1,67350E-9
1,23416E+1	1,37726E-9
1,23502E+1	1,59769E-9
1,23589E+1	1,71192E-9
1,23676E+1	1,51253E-9
1,23762E+1	1,68791E-9
1,23849E+1	1,71953E-9
1,23936E+1	1,64031E-9
1,24022E+1	1,78391E-9
1,24109E+1	1,71917E-9
1,24195E+1	1,63630E-9
1,24282E+1	1,80617E-9
1,24369E+1	1,61156E-9
1,24455E+1	1,52380E-9
1,24542E+1	1,57232E-9
1,24628E+1	2,00800E-9
1,24715E+1	1,87710E-9
1,24802E+1	2,13020E-9
1,24888E+1	1,73285E-9
1,24975E+1	1,78610E-9
1,25061E+1	1,72483E-9
1,25148E+1	2,04580E-9
1,25235E+1	2,09670E-9
1,25321E+1	1,86869E-9
1,25408E+1	1,63730E-9
1,25494E+1	1,86170E-9
1,25581E+1	2,13020E-9
1,25668E+1	2,12020E-9
1,25754E+1	2,08750E-9
1,25841E+1	2,15190E-9
1,25927E+1	2,17930E-9
1,26014E+1	2,06020E-9
1,26101E+1	2,19000E-9
1,26187E+1	2,08690E-9
1,26274E+1	2,12630E-9
1,26361E+1	2,03800E-9
1,26447E+1	2,33260E-9
1,26534E+1	2,45760E-9
1,26620E+1	2,38860E-9
1,26707E+1	2,33160E-9
1,26794E+1	2,05090E-9
1,26880E+1	2,23270E-9
1,26967E+1	2,31610E-9
1,27053E+1	2,05060E-9
1,27140E+1	2,23320E-9
1,27227E+1	2,37770E-9
1,27313E+1	2,32140E-9
1,27400E+1	2,18670E-9
1,27486E+1	2,15920E-9
1,27573E+1	2,32210E-9
1,27660E+1	2,37910E-9
1,27746E+1	2,45180E-9
1,27833E+1	2,55100E-9
1,27919E+1	2,19420E-9
1,28006E+1	2,39400E-9
1,28093E+1	2,57720E-9
1,28179E+1	2,43530E-9
1,28266E+1	2,43360E-9
1,28353E+1	2,40100E-9
1,28439E+1	2,60010E-9
1,28526E+1	2,36100E-9
1,28612E+1	2,28720E-9
1,28699E+1	2,43670E-9
1,28786E+1	2,71630E-9
1,28872E+1	2,47010E-9
1,28959E+1	2,49500E-9
1,29045E+1	2,63220E-9
1,29132E+1	2,73490E-9
1,29219E+1	2,70420E-9
1,29305E+1	2,88020E-9
1,29392E+1	2,59680E-9
1,29478E+1	2,70440E-9
1,29565E+1	2,93820E-9
1,29652E+1	3,03120E-9
1,29738E+1	3,10220E-9
1,29825E+1	2,92090E-9
1,29911E+1	2,55670E-9
1,29998E+1	2,60860E-9
1,30085E+1	2,83250E-9
1,30171E+1	2,92590E-9
1,30258E+1	3,04450E-9
1,30344E+1	2,92400E-9
1,30431E+1	3,23710E-9
1,30518E+1	3,05020E-9
1,30604E+1	3,07470E-9
1,30691E+1	3,12120E-9
1,30778E+1	3,52560E-9
1,30864E+1	3,06450E-9
1,30951E+1	3,07190E-9
1,31037E+1	3,31610E-9
1,31124E+1	3,38350E-9
1,31211E+1	3,41380E-9
1,31297E+1	3,33040E-9
1,31384E+1	3,37300E-9
1,31470E+1	3,65800E-9
1,31557E+1	3,30320E-9
1,31644E+1	3,55230E-9
1,31730E+1	3,51700E-9
1,31817E+1	3,70970E-9
1,31903E+1	3,31700E-9
1,31990E+1	3,38540E-9
1,32077E+1	4,05260E-9
1,32163E+1	4,16880E-9
1,32250E+1	3,55230E-9
1,32336E+1	4,37080E-9
1,32423E+1	4,23000E-9
1,32510E+1	4,08170E-9
1,32596E+1	4,14520E-9
1,32683E+1	4,35070E-9
1,32770E+1	4,70870E-9
1,32856E+1	4,59090E-9
1,32943E+1	4,73280E-9
1,33029E+1	5,55090E-9
1,33116E+1	5,11390E-9
1,33203E+1	5,45780E-9
1,33289E+1	5,28950E-9
1,33376E+1	5,62070E-9
1,33462E+1	5,72080E-9
1,33549E+1	6,14100E-9
1,33636E+1	6,30130E-9
1,33722E+1	6,48410E-9
1,33809E+1	6,46510E-9
1,33895E+1	6,86940E-9
1,33982E+1	7,10200E-9
1,34069E+1	6,84860E-9
1,34155E+1	7,24200E-9
1,34242E+1	7,06420E-9
1,34328E+1	7,53590E-9
1,34415E+1	7,98580E-9
1,34502E+1	7,34600E-9
1,34588E+1	7,51490E-9
1,34675E+1	7,68430E-9
1,34761E+1	7,13000E-9
1,34848E+1	7,64700E-9
1,34935E+1	7,21270E-9
1,35021E+1	6,95810E-9
1,35108E+1	7,23400E-9
1,35195E+1	7,41370E-9
1,35281E+1	7,05590E-9
1,35368E+1	6,62950E-9
1,35454E+1	6,11170E-9
1,35541E+1	6,53910E-9
1,35628E+1	6,36890E-9
1,35714E+1	5,96570E-9
1,35801E+1	6,32420E-9
1,35887E+1	5,92940E-9
1,35974E+1	5,85460E-9
1,36061E+1	5,49330E-9
1,36147E+1	5,81740E-9
1,36234E+1	5,47750E-9
1,36320E+1	5,38550E-9
1,36407E+1	5,10540E-9
1,36494E+1	4,89760E-9
1,36580E+1	4,96230E-9
1,36667E+1	4,27750E-9
1,36753E+1	5,34590E-9
1,36840E+1	4,51460E-9
1,36927E+1	4,57390E-9
1,37013E+1	4,92270E-9
1,37100E+1	4,61390E-9
1,37187E+1	4,57560E-9
1,37273E+1	3,92180E-9
1,37360E+1	4,21070E-9
1,37446E+1	4,36610E-9
1,37533E+1	4,14880E-9
1,37620E+1	4,22020E-9
1,37706E+1	3,80900E-9
1,37793E+1	3,83920E-9
1,37879E+1	3,73460E-9
1,37966E+1	3,43330E-9
1,38053E+1	4,46930E-9
1,38139E+1	3,52100E-9
1,38226E+1	3,55360E-9
1,38312E+1	4,05700E-9
1,38399E+1	3,45100E-9
1,38486E+1	3,76140E-9
1,38572E+1	3,64800E-9
1,38659E+1	3,47220E-9
1,38745E+1	3,59840E-9
1,38832E+1	3,49010E-9
1,38919E+1	3,42120E-9
1,39005E+1	3,68270E-9
1,39092E+1	3,44590E-9
1,39179E+1	3,35510E-9
1,39265E+1	3,18600E-9
1,39352E+1	3,30250E-9
1,39438E+1	3,49000E-9
1,39525E+1	3,35100E-9
1,39612E+1	3,09230E-9
1,39698E+1	3,29310E-9
1,39785E+1	3,06650E-9
1,39871E+1	3,11050E-9
1,39958E+1	3,26340E-9
1,40045E+1	2,66250E-9
1,40131E+1	2,66580E-9
1,40218E+1	2,60240E-9
1,40304E+1	2,52970E-9
1,40391E+1	2,20640E-9
1,40478E+1	2,64490E-9
1,40564E+1	2,61280E-9
1,40651E+1	2,63000E-9
1,40737E+1	2,47130E-9
1,40824E+1	2,23980E-9
1,40911E+1	2,09380E-9
1,40997E+1	2,28480E-9
1,41084E+1	2,12760E-9
1,41170E+1	2,14600E-9
1,41257E+1	2,08450E-9
1,41344E+1	2,14390E-9
1,41430E+1	1,85473E-9
1,41517E+1	1,58827E-9
1,41604E+1	1,63954E-9
1,41690E+1	1,66688E-9
1,41777E+1	1,44951E-9
1,41863E+1	1,45001E-9
1,41950E+1	1,45394E-9
1,42037E+1	1,07699E-9
1,42123E+1	1,30547E-9
1,42210E+1	1,20246E-9
1,42296E+1	9,69820E-10
1,42383E+1	1,10962E-9
1,42470E+1	9,55230E-10
1,42556E+1	1,03316E-9
1,42643E+1	1,07098E-9
1,42729E+1	5,60310E-10
1,42816E+1	7,33700E-10
1,42903E+1	5,91110E-10
1,42989E+1	7,47690E-10
1,43076E+1	6,27820E-10
1,43162E+1	4,74820E-10
1,43249E+1	4,81250E-10
1,43336E+1	6,44670E-10
1,43422E+1	4,36740E-10
1,43509E+1	4,41080E-10
1,43596E+1	4,14490E-10
1,43682E+1	2,73910E-10
1,43769E+1	3,36680E-10
1,43855E+1	3,57600E-10
1,43942E+1	3,03510E-10
1,44029E+1	2,73320E-10
1,44115E+1	2,05780E-10
1,44202E+1	2,39990E-10
1,44288E+1	1,23618E-10
1,44375E+1	1,31489E-10
1,44462E+1	1,29387E-10
1,44548E+1	1,17862E-10
1,44635E+1	1,19922E-10
1,44721E+1	8,67820E-11
1,44808E+1	8,17570E-11
1,44895E+1	5,66290E-11
1,44981E+1	6,49950E-11
1,45068E+1	4,64640E-11
1,45154E+1	4,05750E-11
1,45241E+1	4,05370E-11
1,45328E+1	4,72150E-11
1,45414E+1	3,99330E-11
1,45501E+1	3,59170E-11
1,45587E+1	3,22130E-11
1,45674E+1	1,85252E-11
1,45761E+1	1,39260E-11
1,45847E+1	1,02859E-11
1,45934E+1	8,57630E-12
1,46021E+1	4,17720E-12
1,46107E+1	9,29740E-12
1,46194E+1	3,34760E-12
1,46280E+1	1,80106E-11
1,46367E+1	6,36450E-12
1,46454E+1	1,52450E-12
1,46540E+1	8,45040E-12
1,46627E+1	7,19040E-12
1,46713E+1	1,80970E-12
1,46800E+1	1,42270E-12
1,46887E+1	3,61330E-12
1,46973E+1	1,28650E-12
1,47060E+1	6,18000E-13
1,47146E+1	4,62100E-13
1,47233E+1	2,27470E-12
1,47320E+1	7,21500E-13
1,47406E+1	1,39480E-12
1,47493E+1	1,08340E-12
1,47579E+1	1,94150E-12
1,47666E+1	6,34900E-13
1,47753E+1	5,01700E-13
1,47839E+1	3,06300E-13
1,47926E+1	1,49250E-12
1,48013E+1	1,87570E-12
1,48099E+1	1,56070E-12
1,48186E+1	1,55860E-12
1,48272E+1	6,78600E-13
1,48359E+1	9,39700E-13
1,48446E+1	4,58100E-13
1,48532E+1	1,38370E-12
1,48619E+1	5,16100E-13
1,48705E+1	1,20040E-12
1,48792E+1	1,69780E-12
1,48879E+1	3,60100E-13
1,48965E+1	3,07480E-12
1,49052E+1	5,99900E-13
1,49138E+1	2,11400E-13
1,49225E+1	2,63400E-13
1,49312E+1	6,19000E-13
1,49398E+1	1,30410E-12
1,49485E+1	3,27020E-12
1,49571E+1	5,46600E-13
1,49658E+1	3,28700E-13
1,49745E+1	1,56400E-13
1,49831E+1	1,22700E-13
