E, keV	I, A
0,00000E+0	1,08420E-11
1,09950E-2	9,83700E-12
2,19900E-2	8,97330E-12
3,29850E-2	5,01040E-12
4,39800E-2	3,33090E-12
5,49750E-2	5,98880E-12
6,59700E-2	4,88720E-12
7,69650E-2	5,49690E-12
8,79600E-2	5,54170E-12
9,89550E-2	2,79490E-12
1,09950E-1	5,17080E-12
1,20945E-1	5,44530E-12
1,31940E-1	2,82220E-12
1,42935E-1	4,25530E-12
1,53930E-1	4,09140E-12
1,64925E-1	3,33190E-12
1,75920E-1	2,09360E-12
1,86915E-1	4,01120E-12
1,97910E-1	4,07090E-12
2,08905E-1	5,52570E-12
2,19900E-1	3,62950E-12
2,30895E-1	7,63030E-12
2,41890E-1	4,78230E-12
2,52885E-1	3,50900E-12
2,63880E-1	6,75860E-12
2,74875E-1	4,47930E-12
2,85870E-1	4,18280E-12
2,96865E-1	4,75260E-12
3,07860E-1	3,83680E-12
3,18855E-1	6,59890E-12
3,29850E-1	2,91740E-12
3,40845E-1	3,05910E-12
3,51840E-1	1,55010E-12
3,62835E-1	6,40330E-12
3,73830E-1	4,12930E-12
3,84825E-1	4,06180E-12
3,95820E-1	4,67230E-12
4,06815E-1	3,76110E-12
4,17810E-1	5,20290E-12
4,28805E-1	5,02720E-12
4,39800E-1	3,73760E-12
4,50795E-1	6,62990E-12
4,61790E-1	3,79820E-12
4,72785E-1	4,47490E-12
4,83780E-1	4,17840E-12
4,94775E-1	4,76530E-12
5,05770E-1	3,15120E-12
5,16765E-1	4,82890E-12
5,27760E-1	5,62760E-12
5,38755E-1	3,03040E-12
5,49750E-1	1,12570E-12
5,60745E-1	3,55240E-12
5,71740E-1	4,26940E-12
5,82735E-1	3,44850E-12
5,93730E-1	3,58320E-12
6,04725E-1	2,81720E-12
6,15720E-1	5,40660E-12
6,26715E-1	5,14660E-12
6,37710E-1	3,41570E-12
6,48705E-1	3,64740E-12
6,59700E-1	2,26610E-12
6,70695E-1	4,05050E-12
6,81690E-1	1,66060E-12
6,92685E-1	5,62400E-12
7,03680E-1	3,86960E-12
7,14675E-1	5,03400E-12
7,25670E-1	5,49090E-12
7,36665E-1	3,76360E-12
7,47660E-1	8,06650E-12
7,58655E-1	7,07820E-12
7,69650E-1	4,84560E-12
7,80645E-1	4,89340E-12
7,91640E-1	4,96160E-12
8,02635E-1	6,88670E-12
8,13630E-1	7,04760E-12
8,24625E-1	4,08750E-12
8,35620E-1	5,17800E-12
8,46615E-1	4,19030E-12
8,57610E-1	4,44970E-12
8,68605E-1	8,41500E-12
8,79600E-1	7,97580E-12
8,90595E-1	5,84190E-12
9,01590E-1	2,93260E-12
9,12585E-1	4,72210E-12
9,23580E-1	5,06470E-12
9,34575E-1	8,44230E-12
9,45570E-1	5,04740E-12
9,56565E-1	4,78880E-12
9,67560E-1	5,99290E-12
9,78555E-1	6,81160E-12
9,89550E-1	5,00640E-12
1,00055E+0	9,68980E-12
1,01154E+0	4,78150E-12
1,02253E+0	6,35020E-12
1,03353E+0	4,21940E-12
1,04452E+0	2,53770E-12
1,05552E+0	5,92720E-12
1,06651E+0	4,66040E-12
1,07751E+0	6,34500E-12
1,08850E+0	4,16950E-12
1,09950E+0	5,86710E-12
1,11050E+0	3,86960E-12
1,12149E+0	9,86690E-12
1,13248E+0	7,14670E-12
1,14348E+0	3,50500E-12
1,15447E+0	8,97120E-12
1,16547E+0	7,97650E-12
1,17647E+0	9,35990E-12
1,18746E+0	9,85360E-12
1,19846E+0	5,58940E-12
1,20945E+0	9,76900E-12
1,22045E+0	9,06150E-12
1,23144E+0	8,42770E-12
1,24243E+0	9,08540E-12
1,25343E+0	6,33830E-12
1,26442E+0	5,80210E-12
1,27542E+0	5,29660E-12
1,28641E+0	8,03000E-12
1,29741E+0	5,03220E-12
1,30840E+0	8,35160E-12
1,31940E+0	5,47740E-12
1,33039E+0	5,09000E-12
1,34139E+0	4,81940E-12
1,35238E+0	9,42710E-12
1,36338E+0	9,23680E-12
1,37437E+0	6,96040E-12
1,38537E+0	6,04890E-12
1,39636E+0	5,83600E-12
1,40736E+0	8,53740E-12
1,41836E+0	6,82200E-12
1,42935E+0	5,41040E-12
1,44034E+0	9,10660E-12
1,45134E+0	5,09170E-12
1,46233E+0	5,07340E-12
1,47333E+0	6,92050E-12
1,48432E+0	5,30410E-12
1,49532E+0	1,01130E-11
1,50632E+0	1,03245E-11
1,51731E+0	6,46290E-12
1,52830E+0	1,03459E-11
1,53930E+0	1,29978E-11
1,55029E+0	7,23180E-12
1,56129E+0	1,05043E-11
1,57228E+0	5,95450E-12
1,58328E+0	6,78730E-12
1,59427E+0	4,94790E-12
1,60527E+0	7,90990E-12
1,61626E+0	3,60530E-12
1,62726E+0	1,03663E-11
1,63825E+0	7,52760E-12
1,64925E+0	1,16380E-11
1,66024E+0	7,57380E-12
1,67124E+0	1,42402E-11
1,68223E+0	7,02600E-12
1,69323E+0	1,27283E-11
1,70422E+0	8,52720E-12
1,71522E+0	9,35690E-12
1,72622E+0	7,11300E-12
1,73721E+0	6,58400E-12
1,74821E+0	9,96650E-12
1,75920E+0	1,79084E-11
1,77019E+0	1,20161E-11
1,78119E+0	1,27630E-11
1,79218E+0	1,42399E-11
1,80318E+0	2,02396E-11
1,81417E+0	1,11840E-11
1,82517E+0	1,73289E-11
1,83616E+0	1,05213E-11
1,84716E+0	8,11770E-12
1,85815E+0	1,89142E-11
1,86915E+0	1,19431E-11
1,88014E+0	1,43921E-11
1,89114E+0	1,23574E-11
1,90213E+0	2,25460E-11
1,91313E+0	2,59360E-11
1,92412E+0	3,02430E-11
1,93512E+0	2,98260E-11
1,94611E+0	3,70290E-11
1,95711E+0	3,21600E-11
1,96810E+0	3,55250E-11
1,97910E+0	3,78660E-11
1,99009E+0	2,73600E-11
2,00109E+0	2,82190E-11
2,01208E+0	3,12850E-11
2,02308E+0	2,04920E-11
2,03408E+0	2,36650E-11
2,04507E+0	2,64960E-11
2,05606E+0	1,91795E-11
2,06706E+0	1,50930E-11
2,07805E+0	1,75550E-11
2,08905E+0	1,96941E-11
2,10004E+0	1,01227E-11
2,11104E+0	1,18144E-11
2,12203E+0	1,60360E-11
2,13303E+0	2,24830E-11
2,14402E+0	1,60785E-11
2,15502E+0	9,54880E-12
2,16601E+0	1,02245E-11
2,17701E+0	7,64420E-12
2,18800E+0	1,62201E-11
2,19900E+0	1,76117E-11
2,20999E+0	1,76305E-11
2,22099E+0	1,37392E-11
2,23198E+0	1,25601E-11
2,24298E+0	1,25280E-11
2,25397E+0	1,35123E-11
2,26497E+0	1,34701E-11
2,27596E+0	1,56826E-11
2,28696E+0	1,48028E-11
2,29795E+0	1,26686E-11
2,30895E+0	7,36950E-12
2,31994E+0	1,55816E-11
2,33094E+0	1,10384E-11
2,34193E+0	1,50715E-11
2,35293E+0	6,34960E-12
2,36392E+0	1,57904E-11
2,37492E+0	1,25352E-11
2,38591E+0	1,53847E-11
2,39691E+0	1,03828E-11
2,40790E+0	6,79580E-12
2,41890E+0	1,06678E-11
2,42989E+0	1,11188E-11
2,44089E+0	1,08127E-11
2,45188E+0	1,18715E-11
2,46288E+0	7,93440E-12
2,47387E+0	8,97560E-12
2,48487E+0	8,99170E-12
2,49586E+0	1,01866E-11
2,50686E+0	1,23337E-11
2,51785E+0	8,13400E-12
2,52885E+0	1,07384E-11
2,53984E+0	6,76340E-12
2,55084E+0	9,34100E-12
2,56183E+0	8,17310E-12
2,57283E+0	1,00242E-11
2,58383E+0	1,08765E-11
2,59482E+0	9,65860E-12
2,60581E+0	1,52204E-11
2,61681E+0	9,82190E-12
2,62780E+0	1,13292E-11
2,63880E+0	7,14370E-12
2,64980E+0	8,14750E-12
2,66079E+0	6,55450E-12
2,67178E+0	1,20121E-11
2,68278E+0	6,77820E-12
2,69378E+0	1,22179E-11
2,70477E+0	1,00265E-11
2,71577E+0	1,10743E-11
2,72676E+0	7,60090E-12
2,73775E+0	1,21411E-11
2,74875E+0	7,69930E-12
2,75974E+0	7,51440E-12
2,77074E+0	4,65540E-12
2,78173E+0	6,20340E-12
2,79273E+0	9,40480E-12
2,80372E+0	1,17859E-11
2,81472E+0	7,93690E-12
2,82571E+0	5,50960E-12
2,83671E+0	7,18430E-12
2,84770E+0	1,01391E-11
2,85870E+0	1,09356E-11
2,86969E+0	1,30451E-11
2,88069E+0	9,37280E-12
2,89168E+0	9,80120E-12
2,90268E+0	9,10250E-12
2,91367E+0	7,20780E-12
2,92467E+0	1,05450E-11
2,93566E+0	1,22921E-11
2,94666E+0	9,79920E-12
2,95765E+0	1,43199E-11
2,96865E+0	9,12020E-12
2,97964E+0	4,12870E-12
2,99064E+0	6,03350E-12
3,00163E+0	1,10590E-11
3,01263E+0	1,40533E-11
3,02363E+0	9,37670E-12
3,03462E+0	1,40200E-11
3,04561E+0	1,22625E-11
3,05661E+0	1,01444E-11
3,06760E+0	1,28173E-11
3,07860E+0	1,01841E-11
3,08959E+0	1,02386E-11
3,10059E+0	8,31140E-12
3,11158E+0	5,73160E-12
3,12258E+0	5,73370E-12
3,13357E+0	1,16170E-11
3,14457E+0	1,32103E-11
3,15556E+0	1,39402E-11
3,16656E+0	1,52368E-11
3,17755E+0	1,44338E-11
3,18855E+0	1,66366E-11
3,19955E+0	1,16401E-11
3,21054E+0	1,15917E-11
3,22153E+0	1,40595E-11
3,23253E+0	1,20446E-11
3,24352E+0	1,81909E-11
3,25452E+0	1,40100E-11
3,26552E+0	1,62454E-11
3,27651E+0	2,05814E-11
3,28750E+0	1,65814E-11
3,29850E+0	1,68761E-11
3,30949E+0	8,27870E-12
3,32049E+0	9,40100E-12
3,33148E+0	1,17963E-11
3,34248E+0	1,60162E-11
3,35347E+0	1,24231E-11
3,36447E+0	1,17086E-11
3,37546E+0	1,43228E-11
3,38646E+0	1,20033E-11
3,39745E+0	1,18644E-11
3,40845E+0	1,06785E-11
3,41944E+0	1,05094E-11
3,43044E+0	2,04273E-11
3,44143E+0	1,63650E-11
3,45243E+0	1,50728E-11
3,46342E+0	1,86620E-11
3,47442E+0	2,59270E-11
3,48541E+0	2,00030E-11
3,49641E+0	2,47620E-11
3,50740E+0	2,35290E-11
3,51840E+0	2,24520E-11
3,52939E+0	1,69042E-11
3,54039E+0	2,00160E-11
3,55138E+0	2,08710E-11
3,56238E+0	1,92305E-11
3,57337E+0	1,50048E-11
3,58437E+0	2,00151E-11
3,59536E+0	2,39830E-11
3,60636E+0	1,98380E-11
3,61735E+0	2,25310E-11
3,62835E+0	2,55160E-11
3,63934E+0	3,71870E-11
3,65034E+0	2,82220E-11
3,66133E+0	2,45440E-11
3,67233E+0	2,66120E-11
3,68332E+0	2,22920E-11
3,69432E+0	2,23230E-11
3,70531E+0	2,23420E-11
3,71631E+0	2,16020E-11
3,72730E+0	3,14590E-11
3,73830E+0	2,04720E-11
3,74930E+0	2,32800E-11
3,76029E+0	2,01130E-11
3,77128E+0	2,55120E-11
3,78228E+0	1,65020E-11
3,79327E+0	2,49420E-11
3,80427E+0	2,90190E-11
3,81527E+0	2,20800E-11
3,82626E+0	2,33060E-11
3,83725E+0	2,31860E-11
3,84825E+0	2,11850E-11
3,85924E+0	2,21720E-11
3,87024E+0	2,45010E-11
3,88123E+0	2,57340E-11
3,89223E+0	2,18280E-11
3,90322E+0	2,09190E-11
3,91422E+0	2,33490E-11
3,92521E+0	2,07940E-11
3,93621E+0	2,23890E-11
3,94720E+0	2,54400E-11
3,95820E+0	1,88370E-11
3,96919E+0	2,59880E-11
3,98019E+0	2,94060E-11
3,99118E+0	1,94429E-11
4,00218E+0	2,10990E-11
4,01317E+0	2,44350E-11
4,02417E+0	1,78446E-11
4,03516E+0	2,03992E-11
4,04616E+0	1,79702E-11
4,05715E+0	1,82148E-11
4,06815E+0	1,43788E-11
4,07914E+0	1,85371E-11
4,09014E+0	1,85556E-11
4,10113E+0	1,57860E-11
4,11213E+0	1,89360E-11
4,12312E+0	1,49821E-11
4,13412E+0	2,18130E-11
4,14511E+0	2,15590E-11
4,15611E+0	2,56720E-11
4,16710E+0	1,49412E-11
4,17810E+0	1,45765E-11
4,18910E+0	2,15760E-11
4,20009E+0	2,98190E-11
4,21108E+0	2,15670E-11
4,22208E+0	3,30450E-11
4,23307E+0	3,07990E-11
4,24407E+0	2,25360E-11
4,25507E+0	2,84860E-11
4,26606E+0	2,27240E-11
4,27705E+0	2,39820E-11
4,28805E+0	2,21310E-11
4,29904E+0	1,11330E-11
4,31004E+0	3,07860E-11
4,32104E+0	2,60980E-11
4,33203E+0	2,45300E-11
4,34302E+0	2,07050E-11
4,35402E+0	1,83088E-11
4,36501E+0	2,32190E-11
4,37601E+0	2,59190E-11
4,38701E+0	2,85410E-11
4,39800E+0	3,17870E-11
4,40899E+0	3,04970E-11
4,41999E+0	2,26810E-11
4,43098E+0	2,32830E-11
4,44198E+0	2,72780E-11
4,45297E+0	3,09300E-11
4,46397E+0	2,03560E-11
4,47497E+0	3,45130E-11
4,48596E+0	2,34890E-11
4,49695E+0	2,51270E-11
4,50795E+0	3,50690E-11
4,51895E+0	2,93070E-11
4,52994E+0	1,67056E-11
4,54093E+0	2,28230E-11
4,55193E+0	2,91550E-11
4,56292E+0	2,25650E-11
4,57392E+0	2,39320E-11
4,58491E+0	3,34830E-11
4,59591E+0	3,96010E-11
4,60691E+0	2,88200E-11
4,61790E+0	3,96690E-11
4,62889E+0	3,48050E-11
4,63989E+0	3,67710E-11
4,65088E+0	2,77310E-11
4,66188E+0	2,55750E-11
4,67287E+0	3,38210E-11
4,68387E+0	2,54040E-11
4,69486E+0	3,08340E-11
4,70586E+0	4,24170E-11
4,71685E+0	3,41000E-11
4,72785E+0	2,89740E-11
4,73884E+0	3,79190E-11
4,74984E+0	4,72760E-11
4,76084E+0	4,15890E-11
4,77183E+0	4,51770E-11
4,78282E+0	3,31780E-11
4,79382E+0	4,17270E-11
4,80481E+0	4,63010E-11
4,81581E+0	4,74380E-11
4,82680E+0	2,18650E-11
4,83780E+0	3,15360E-11
4,84879E+0	3,59260E-11
4,85979E+0	3,49190E-11
4,87078E+0	4,07100E-11
4,88178E+0	2,76850E-11
4,89277E+0	2,88570E-11
4,90377E+0	4,86240E-11
4,91476E+0	4,51400E-11
4,92576E+0	3,78220E-11
4,93675E+0	4,17060E-11
4,94775E+0	3,78620E-11
4,95874E+0	4,45970E-11
4,96974E+0	5,57630E-11
4,98074E+0	3,75080E-11
4,99173E+0	2,58040E-11
5,00272E+0	4,65530E-11
5,01372E+0	4,80630E-11
5,02471E+0	4,49890E-11
5,03571E+0	4,09300E-11
5,04670E+0	4,37280E-11
5,05770E+0	4,28810E-11
5,06869E+0	4,28050E-11
5,07969E+0	4,34790E-11
5,09068E+0	3,73570E-11
5,10168E+0	3,94460E-11
5,11268E+0	5,11390E-11
5,12367E+0	3,25200E-11
5,13466E+0	3,03990E-11
5,14566E+0	4,11330E-11
5,15665E+0	3,03820E-11
5,16765E+0	4,69940E-11
5,17864E+0	6,58770E-11
5,18964E+0	5,46630E-11
5,20064E+0	4,85240E-11
5,21163E+0	5,32920E-11
5,22262E+0	4,99200E-11
5,23362E+0	3,76140E-11
5,24461E+0	4,67640E-11
5,25561E+0	4,69160E-11
5,26660E+0	4,22710E-11
5,27760E+0	4,68700E-11
5,28859E+0	3,86520E-11
5,29959E+0	3,73810E-11
5,31058E+0	3,79580E-11
5,32158E+0	5,90180E-11
5,33257E+0	3,50820E-11
5,34357E+0	5,01400E-11
5,35457E+0	4,18830E-11
5,36556E+0	3,94960E-11
5,37655E+0	3,82930E-11
5,38755E+0	3,54440E-11
5,39854E+0	5,22420E-11
5,40954E+0	5,05770E-11
5,42053E+0	4,41920E-11
5,43153E+0	3,37050E-11
5,44252E+0	3,46880E-11
5,45352E+0	4,23910E-11
5,46451E+0	2,84280E-11
5,47551E+0	5,24860E-11
5,48651E+0	4,56630E-11
5,49750E+0	5,26080E-11
5,50849E+0	5,90970E-11
5,51949E+0	5,16370E-11
5,53048E+0	5,28260E-11
5,54148E+0	4,70720E-11
5,55247E+0	5,08910E-11
5,56347E+0	2,70130E-11
5,57447E+0	3,17260E-11
5,58546E+0	5,68550E-11
5,59645E+0	4,57200E-11
5,60745E+0	5,89670E-11
5,61845E+0	6,12100E-11
5,62944E+0	4,29260E-11
5,64043E+0	4,48200E-11
5,65143E+0	4,62930E-11
5,66242E+0	5,97870E-11
5,67342E+0	5,19250E-11
5,68441E+0	5,23530E-11
5,69541E+0	5,06740E-11
5,70641E+0	5,42890E-11
5,71740E+0	5,65310E-11
5,72839E+0	5,67140E-11
5,73939E+0	5,88230E-11
5,75038E+0	5,32860E-11
5,77237E+0	5,28480E-11
5,78337E+0	6,33860E-11
5,79436E+0	6,14650E-11
5,80536E+0	7,54600E-11
5,81635E+0	6,11490E-11
5,82735E+0	6,23550E-11
5,83834E+0	5,58780E-11
5,84934E+0	5,46070E-11
5,86034E+0	8,27760E-11
5,87133E+0	7,01910E-11
5,88232E+0	7,26140E-11
5,89332E+0	7,08850E-11
5,90431E+0	8,17590E-11
5,91531E+0	7,23490E-11
5,92630E+0	6,58640E-11
5,93730E+0	7,17420E-11
5,94829E+0	8,14870E-11
5,95929E+0	8,08020E-11
5,97028E+0	7,56340E-11
5,98128E+0	7,18390E-11
5,99227E+0	6,87260E-11
6,00327E+0	6,60130E-11
6,01426E+0	7,99010E-11
6,02526E+0	6,38620E-11
6,03625E+0	6,12900E-11
6,04725E+0	8,36540E-11
6,05824E+0	8,06600E-11
6,06924E+0	6,60670E-11
6,08024E+0	6,71190E-11
6,09123E+0	7,93850E-11
6,10222E+0	6,84940E-11
6,11322E+0	5,44630E-11
6,12421E+0	6,16960E-11
6,13521E+0	7,46440E-11
6,14620E+0	6,99150E-11
6,15720E+0	5,19870E-11
6,16819E+0	6,63490E-11
6,17919E+0	5,87800E-11
6,19018E+0	6,36120E-11
6,20118E+0	7,47730E-11
6,21218E+0	7,29720E-11
6,22317E+0	7,04760E-11
6,23416E+0	8,10170E-11
6,24516E+0	6,01460E-11
6,25615E+0	7,02300E-11
6,26715E+0	6,66700E-11
6,27814E+0	7,99350E-11
6,28914E+0	8,10960E-11
6,30014E+0	6,68790E-11
6,31113E+0	7,51790E-11
6,32212E+0	4,90570E-11
6,33312E+0	5,76820E-11
6,34411E+0	7,83310E-11
6,35511E+0	7,32140E-11
6,36610E+0	6,90140E-11
6,37710E+0	7,00860E-11
6,38809E+0	7,56180E-11
6,39909E+0	7,88620E-11
6,41008E+0	5,66320E-11
6,42108E+0	6,53310E-11
6,43207E+0	7,02240E-11
6,44307E+0	6,88530E-11
6,45406E+0	7,02870E-11
6,46506E+0	8,64970E-11
6,47605E+0	8,17850E-11
6,48705E+0	8,08180E-11
6,49804E+0	8,03590E-11
6,50904E+0	8,12250E-11
6,52003E+0	6,79380E-11
6,53103E+0	7,89100E-11
6,54202E+0	7,11120E-11
6,55302E+0	8,37770E-11
6,56401E+0	8,75900E-11
6,57501E+0	7,38670E-11
6,58601E+0	8,22280E-11
6,59700E+0	8,59070E-11
6,60799E+0	8,70520E-11
6,61899E+0	9,15920E-11
6,62998E+0	8,31870E-11
6,64098E+0	9,15240E-11
6,65197E+0	8,33520E-11
6,66297E+0	9,34930E-11
6,67396E+0	1,02600E-10
6,68496E+0	8,51540E-11
6,69595E+0	8,03800E-11
6,70695E+0	8,75570E-11
6,71795E+0	8,35370E-11
6,72894E+0	1,05301E-10
6,73993E+0	1,18946E-10
6,75093E+0	1,04662E-10
6,76192E+0	1,24758E-10
6,77292E+0	1,20300E-10
6,78391E+0	1,10301E-10
6,79491E+0	9,49160E-11
6,80591E+0	1,03596E-10
6,81690E+0	1,17492E-10
6,82789E+0	1,15906E-10
6,83889E+0	1,62945E-10
6,84988E+0	1,35344E-10
6,86088E+0	1,39802E-10
6,87187E+0	1,21624E-10
6,88287E+0	1,24534E-10
6,89386E+0	1,56480E-10
6,90486E+0	1,39186E-10
6,91585E+0	1,13645E-10
6,92685E+0	1,37820E-10
6,93784E+0	1,22589E-10
6,94884E+0	1,27192E-10
6,95983E+0	1,05653E-10
6,97083E+0	1,32105E-10
6,98182E+0	1,32534E-10
6,99282E+0	9,93110E-11
7,00381E+0	1,28487E-10
7,01481E+0	1,34095E-10
7,02580E+0	1,25225E-10
7,03680E+0	1,13794E-10
7,04779E+0	1,59134E-10
7,05879E+0	1,29898E-10
7,06978E+0	1,33580E-10
7,08078E+0	1,25716E-10
7,09177E+0	1,31098E-10
7,10277E+0	1,39628E-10
7,11376E+0	1,23312E-10
7,12476E+0	1,52049E-10
7,13575E+0	1,59264E-10
7,14675E+0	1,28639E-10
7,15774E+0	1,29001E-10
7,16874E+0	1,59654E-10
7,17973E+0	1,22748E-10
7,19073E+0	1,89096E-10
7,20172E+0	2,00834E-10
7,21272E+0	2,65240E-10
7,22371E+0	3,28760E-10
7,23471E+0	2,86010E-10
7,24570E+0	4,29900E-10
7,25670E+0	3,19750E-10
7,26769E+0	4,77330E-10
7,27869E+0	2,36380E-10
7,28968E+0	3,94690E-10
7,30068E+0	1,76220E-10
7,31168E+0	1,59749E-10
7,32267E+0	1,34905E-10
7,33366E+0	1,26998E-10
7,34466E+0	1,25231E-10
7,35565E+0	1,17304E-10
7,36665E+0	1,13453E-10
7,37764E+0	1,31663E-10
7,38864E+0	1,21192E-10
7,39963E+0	1,30006E-10
7,41063E+0	1,38612E-10
7,42162E+0	1,24058E-10
7,43262E+0	1,27229E-10
7,44361E+0	1,30885E-10
7,45461E+0	1,18261E-10
7,46560E+0	1,33136E-10
7,47660E+0	1,41758E-10
7,48759E+0	1,46666E-10
7,49859E+0	1,13348E-10
7,50958E+0	1,58740E-10
7,52058E+0	1,32033E-10
7,53157E+0	1,19833E-10
7,54257E+0	1,19960E-10
7,55356E+0	1,44249E-10
7,56456E+0	1,20477E-10
7,57555E+0	1,26720E-10
7,58655E+0	1,50820E-10
7,59754E+0	1,32733E-10
7,60854E+0	1,35039E-10
7,61953E+0	1,22359E-10
7,63053E+0	1,33368E-10
7,64152E+0	1,20347E-10
7,65252E+0	1,36769E-10
7,66351E+0	1,34240E-10
7,67451E+0	1,25346E-10
7,68551E+0	1,27323E-10
7,69650E+0	1,29950E-10
7,70749E+0	1,43906E-10
7,71849E+0	1,17026E-10
7,72948E+0	1,45703E-10
7,74048E+0	1,24780E-10
7,75147E+0	1,10433E-10
7,76247E+0	1,39099E-10
7,77346E+0	1,29969E-10
7,78446E+0	1,29048E-10
7,79545E+0	1,35519E-10
7,80645E+0	1,22902E-10
7,81745E+0	1,18148E-10
7,82844E+0	1,18714E-10
7,83943E+0	1,03541E-10
7,85043E+0	1,22023E-10
7,86142E+0	1,23067E-10
7,87242E+0	1,28490E-10
7,88341E+0	1,36630E-10
7,89441E+0	1,17546E-10
7,90541E+0	1,45264E-10
7,91640E+0	1,20419E-10
7,92739E+0	1,22472E-10
7,93839E+0	1,22530E-10
7,94938E+0	1,04118E-10
7,96038E+0	1,25413E-10
7,97137E+0	1,01577E-10
7,98237E+0	1,24237E-10
7,99336E+0	1,20741E-10
8,00436E+0	1,14896E-10
8,01535E+0	1,23135E-10
8,02635E+0	1,21590E-10
8,03734E+0	1,32294E-10
8,04834E+0	1,35638E-10
8,05933E+0	1,30812E-10
8,07033E+0	1,09083E-10
8,08132E+0	1,37348E-10
8,09232E+0	1,34103E-10
8,10332E+0	1,33489E-10
8,11431E+0	1,54650E-10
8,12530E+0	1,15711E-10
8,13630E+0	1,14261E-10
8,14729E+0	1,57631E-10
8,15829E+0	1,53244E-10
8,16928E+0	1,30895E-10
8,18028E+0	1,40337E-10
8,19127E+0	1,11083E-10
8,20227E+0	1,24256E-10
8,21326E+0	1,62678E-10
8,22426E+0	1,33944E-10
8,23526E+0	1,37110E-10
8,24625E+0	1,31391E-10
8,25724E+0	1,48686E-10
8,26824E+0	1,52929E-10
8,27923E+0	1,49001E-10
8,29023E+0	1,47115E-10
8,30122E+0	1,56823E-10
8,31222E+0	1,31319E-10
8,32321E+0	1,24143E-10
8,33421E+0	1,76699E-10
8,34520E+0	1,37688E-10
8,35620E+0	1,52162E-10
8,36720E+0	1,38915E-10
8,37819E+0	1,52109E-10
8,38918E+0	1,60390E-10
8,40018E+0	1,47150E-10
8,41118E+0	1,36392E-10
8,42217E+0	1,50338E-10
8,43316E+0	1,39776E-10
8,44416E+0	1,57421E-10
8,45515E+0	1,46005E-10
8,46615E+0	1,19111E-10
8,47715E+0	1,49295E-10
8,48814E+0	1,70064E-10
8,49913E+0	1,60993E-10
8,51013E+0	1,17617E-10
8,52112E+0	1,47604E-10
8,53212E+0	1,30672E-10
8,54311E+0	1,55468E-10
8,55411E+0	1,64988E-10
8,56510E+0	1,52966E-10
8,57610E+0	1,56859E-10
8,58709E+0	1,71608E-10
8,59809E+0	1,58626E-10
8,60909E+0	1,67694E-10
8,62008E+0	1,69263E-10
8,63107E+0	1,58375E-10
8,64207E+0	1,76498E-10
8,65306E+0	1,76825E-10
8,66406E+0	1,71186E-10
8,67505E+0	1,74526E-10
8,68605E+0	1,48516E-10
8,69704E+0	1,62823E-10
8,70804E+0	1,63588E-10
8,71903E+0	1,67090E-10
8,73003E+0	1,76351E-10
8,74102E+0	1,64024E-10
8,75202E+0	1,63537E-10
8,76301E+0	1,76612E-10
8,77401E+0	1,85608E-10
8,78500E+0	1,70072E-10
8,79600E+0	1,59058E-10
8,80699E+0	1,85739E-10
8,81799E+0	1,83001E-10
8,82898E+0	1,82161E-10
8,83998E+0	1,89430E-10
8,85098E+0	1,87690E-10
8,86197E+0	1,84538E-10
8,87296E+0	1,83241E-10
8,88396E+0	1,70824E-10
8,89495E+0	1,63038E-10
8,90595E+0	1,66149E-10
8,91694E+0	1,77349E-10
8,92794E+0	1,89353E-10
8,93894E+0	1,73214E-10
8,94993E+0	1,78256E-10
8,96092E+0	2,02119E-10
8,97192E+0	1,78498E-10
8,98291E+0	2,06500E-10
8,99391E+0	2,18230E-10
9,00490E+0	2,07610E-10
9,01590E+0	2,19400E-10
9,02689E+0	1,70173E-10
9,03789E+0	1,96409E-10
9,04889E+0	1,78757E-10
9,05988E+0	1,85988E-10
9,07087E+0	1,95986E-10
9,08187E+0	1,98869E-10
9,09286E+0	1,67029E-10
9,10386E+0	1,94424E-10
9,11485E+0	1,82580E-10
9,12585E+0	2,12800E-10
9,13684E+0	2,14300E-10
9,14784E+0	2,49670E-10
9,15883E+0	1,99291E-10
9,16983E+0	2,72590E-10
9,18082E+0	2,25760E-10
9,19182E+0	2,23480E-10
9,20281E+0	2,24460E-10
9,21381E+0	2,09130E-10
9,22480E+0	2,74330E-10
9,23580E+0	2,50810E-10
9,24679E+0	2,20050E-10
9,25779E+0	2,63930E-10
9,26878E+0	2,22070E-10
9,27978E+0	2,43410E-10
9,29077E+0	2,10430E-10
9,30177E+0	2,65020E-10
9,31277E+0	2,04000E-10
9,32376E+0	3,77640E-10
9,33475E+0	2,72460E-10
9,34575E+0	2,37670E-10
9,35674E+0	2,62580E-10
9,36774E+0	3,06550E-10
9,37873E+0	3,14910E-10
9,38973E+0	2,99170E-10
9,40072E+0	2,91970E-10
9,41172E+0	3,41130E-10
9,42272E+0	3,13000E-10
9,43371E+0	2,46750E-10
9,44470E+0	3,09920E-10
9,45570E+0	3,21200E-10
9,46669E+0	2,83680E-10
9,47769E+0	2,37740E-10
9,48869E+0	4,10550E-10
9,49968E+0	2,79870E-10
9,51067E+0	2,68780E-10
9,52167E+0	3,41400E-10
9,53266E+0	2,91450E-10
9,54366E+0	3,47660E-10
9,55465E+0	2,25490E-10
9,56565E+0	3,55880E-10
9,57665E+0	3,44950E-10
9,58764E+0	3,46100E-10
9,59863E+0	2,75430E-10
9,60963E+0	3,64970E-10
9,62062E+0	3,54710E-10
9,62210E+0	3,33180E-10
9,63076E+0	3,44690E-10
9,63942E+0	2,90030E-10
9,64808E+0	3,95750E-10
9,65674E+0	3,42560E-10
9,66540E+0	3,87260E-10
9,67406E+0	3,07460E-10
9,68272E+0	4,30300E-10
9,69138E+0	3,14840E-10
9,70004E+0	3,86810E-10
9,70870E+0	3,40050E-10
9,71737E+0	2,69370E-10
9,72603E+0	3,54950E-10
9,73469E+0	3,48880E-10
9,74335E+0	4,37810E-10
9,75201E+0	4,45750E-10
9,76067E+0	4,60610E-10
9,76933E+0	3,62090E-10
9,77799E+0	3,75640E-10
9,78665E+0	4,06330E-10
9,79531E+0	4,03450E-10
9,80397E+0	3,50020E-10
9,81263E+0	3,48040E-10
9,82130E+0	3,67990E-10
9,82996E+0	3,60740E-10
9,83862E+0	4,16510E-10
9,84728E+0	4,53430E-10
9,85594E+0	3,24030E-10
9,86460E+0	3,27780E-10
9,87326E+0	3,24380E-10
9,88192E+0	2,98330E-10
9,89058E+0	3,17190E-10
9,89924E+0	2,90420E-10
9,90790E+0	3,76400E-10
9,91656E+0	3,45450E-10
9,92522E+0	3,89850E-10
9,93389E+0	2,91160E-10
9,94255E+0	3,47330E-10
9,95121E+0	3,34820E-10
9,95987E+0	4,68960E-10
9,96853E+0	4,30680E-10
9,97719E+0	3,79780E-10
9,98585E+0	3,59170E-10
9,99451E+0	2,82030E-10
1,00032E+1	4,06670E-10
1,00118E+1	3,41540E-10
1,00205E+1	3,41930E-10
1,00292E+1	5,20280E-10
1,00378E+1	3,98550E-10
1,00465E+1	3,68610E-10
1,00551E+1	4,13000E-10
1,00638E+1	4,41370E-10
1,00725E+1	2,47990E-10
1,00811E+1	3,24270E-10
1,00898E+1	3,57840E-10
1,00984E+1	5,00220E-10
1,01071E+1	3,04010E-10
1,01158E+1	4,36700E-10
1,01244E+1	3,89530E-10
1,01331E+1	3,52990E-10
1,01417E+1	3,96370E-10
1,01504E+1	3,00130E-10
1,01591E+1	3,57420E-10
1,01677E+1	5,00840E-10
1,01764E+1	4,62990E-10
1,01850E+1	4,81470E-10
1,01937E+1	5,49890E-10
1,02024E+1	3,33620E-10
1,02110E+1	3,78800E-10
1,02197E+1	3,86300E-10
1,02284E+1	3,94580E-10
1,02370E+1	3,44730E-10
1,02457E+1	4,73800E-10
1,02543E+1	4,69770E-10
1,02630E+1	5,64200E-10
1,02717E+1	3,99210E-10
1,02803E+1	4,24550E-10
1,02890E+1	3,64490E-10
1,02976E+1	4,52030E-10
1,03063E+1	4,38660E-10
1,03150E+1	4,41490E-10
1,03236E+1	4,21250E-10
1,03323E+1	3,60890E-10
1,03409E+1	4,41940E-10
1,03496E+1	3,33450E-10
1,03583E+1	4,91990E-10
1,03669E+1	4,36890E-10
1,03756E+1	6,03470E-10
1,03842E+1	3,58440E-10
1,03929E+1	3,25560E-10
1,04016E+1	5,47360E-10
1,04102E+1	3,99720E-10
1,04189E+1	4,89150E-10
1,04276E+1	4,08050E-10
1,04362E+1	4,39900E-10
1,04449E+1	5,62220E-10
1,04535E+1	4,58960E-10
1,04622E+1	4,04930E-10
1,04709E+1	3,63940E-10
1,04795E+1	5,26930E-10
1,04882E+1	5,22490E-10
1,04968E+1	5,21580E-10
1,05055E+1	4,23310E-10
1,05142E+1	4,57480E-10
1,05228E+1	4,34290E-10
1,05315E+1	4,15960E-10
1,05401E+1	4,20930E-10
1,05488E+1	3,53320E-10
1,05575E+1	2,56600E-10
1,05661E+1	3,99250E-10
1,05748E+1	4,46580E-10
1,05834E+1	3,29670E-10
1,05921E+1	4,78320E-10
1,06008E+1	5,78980E-10
1,06094E+1	3,60070E-10
1,06181E+1	4,61120E-10
1,06267E+1	4,75690E-10
1,06354E+1	4,41150E-10
1,06441E+1	4,25280E-10
1,06527E+1	5,44320E-10
1,06614E+1	4,84590E-10
1,06701E+1	4,87610E-10
1,06787E+1	5,96280E-10
1,06874E+1	5,39290E-10
1,06960E+1	3,65130E-10
1,07047E+1	3,56060E-10
1,07134E+1	3,99370E-10
1,07220E+1	3,98110E-10
1,07307E+1	4,36890E-10
1,07393E+1	3,57500E-10
1,07480E+1	5,63590E-10
1,07567E+1	3,54580E-10
1,07653E+1	3,81270E-10
1,07740E+1	5,41830E-10
1,07826E+1	4,90200E-10
1,07913E+1	5,02280E-10
1,08000E+1	3,60900E-10
1,08086E+1	4,78750E-10
1,08173E+1	4,64750E-10
1,08259E+1	4,43570E-10
1,08346E+1	4,22560E-10
1,08433E+1	4,38610E-10
1,08519E+1	3,36840E-10
1,08606E+1	4,19250E-10
1,08693E+1	4,99950E-10
1,08779E+1	5,25550E-10
1,08866E+1	4,11670E-10
1,08952E+1	6,25310E-10
1,09039E+1	5,07320E-10
1,09126E+1	6,07280E-10
1,09212E+1	4,84530E-10
1,09299E+1	4,90240E-10
1,09385E+1	5,87140E-10
1,09472E+1	6,01910E-10
1,09559E+1	4,10530E-10
1,09645E+1	6,46110E-10
1,09732E+1	4,75310E-10
1,09818E+1	4,10480E-10
1,09905E+1	5,54440E-10
1,09992E+1	4,66790E-10
1,10078E+1	5,09370E-10
1,10165E+1	6,30250E-10
1,10251E+1	3,94480E-10
1,10338E+1	5,75070E-10
1,10425E+1	5,40010E-10
1,10511E+1	3,91540E-10
1,10598E+1	5,58390E-10
1,10684E+1	5,46480E-10
1,10771E+1	7,35880E-10
1,10858E+1	5,52330E-10
1,10944E+1	5,32310E-10
1,11031E+1	4,35090E-10
1,11118E+1	5,30330E-10
1,11204E+1	4,84850E-10
1,11291E+1	5,70370E-10
1,11377E+1	5,33010E-10
1,11464E+1	5,63780E-10
1,11551E+1	4,14670E-10
1,11637E+1	4,82770E-10
1,11724E+1	5,71140E-10
1,11810E+1	6,39560E-10
1,11897E+1	5,70800E-10
1,11984E+1	5,68700E-10
1,12070E+1	6,49350E-10
1,12157E+1	5,26210E-10
1,12243E+1	3,42620E-10
1,12330E+1	5,98270E-10
1,12417E+1	6,29630E-10
1,12503E+1	5,88460E-10
1,12590E+1	5,69240E-10
1,12676E+1	6,30920E-10
1,12763E+1	4,98100E-10
1,12850E+1	6,21850E-10
1,12936E+1	5,08300E-10
1,13023E+1	5,25530E-10
1,13110E+1	5,94770E-10
1,13196E+1	6,00200E-10
1,13283E+1	4,81750E-10
1,13369E+1	6,19060E-10
1,13456E+1	5,84750E-10
1,13543E+1	6,19540E-10
1,13629E+1	6,23380E-10
1,13716E+1	6,02150E-10
1,13802E+1	6,29210E-10
1,13889E+1	7,20440E-10
1,13976E+1	6,96300E-10
1,14062E+1	6,33490E-10
1,14149E+1	6,48230E-10
1,14235E+1	5,52720E-10
1,14322E+1	7,14650E-10
1,14409E+1	5,94300E-10
1,14495E+1	5,77150E-10
1,14582E+1	5,98340E-10
1,14668E+1	6,80290E-10
1,14755E+1	6,35760E-10
1,14842E+1	5,22610E-10
1,14928E+1	5,60000E-10
1,15015E+1	7,05150E-10
1,15101E+1	5,90460E-10
1,15188E+1	7,08430E-10
1,15275E+1	5,04120E-10
1,15361E+1	6,70990E-10
1,15448E+1	7,37220E-10
1,15535E+1	8,77540E-10
1,15621E+1	8,43410E-10
1,15708E+1	5,68310E-10
1,15794E+1	6,54440E-10
1,15881E+1	6,54780E-10
1,15968E+1	7,02620E-10
1,16054E+1	6,47720E-10
1,16141E+1	6,94940E-10
1,16227E+1	6,13100E-10
1,16314E+1	7,11660E-10
1,16401E+1	6,49690E-10
1,16487E+1	5,87560E-10
1,16574E+1	6,49570E-10
1,16660E+1	7,69350E-10
1,16747E+1	7,52930E-10
1,16834E+1	6,98020E-10
1,16920E+1	7,79360E-10
1,17007E+1	8,13090E-10
1,17093E+1	6,75560E-10
1,17180E+1	8,14540E-10
1,17267E+1	6,04010E-10
1,17353E+1	7,92560E-10
1,17440E+1	9,56460E-10
1,17527E+1	7,65400E-10
1,17613E+1	6,23360E-10
1,17700E+1	7,20310E-10
1,17786E+1	8,42430E-10
1,17873E+1	8,29340E-10
1,17960E+1	8,32410E-10
1,18046E+1	6,34090E-10
1,18133E+1	6,49720E-10
1,18219E+1	7,42070E-10
1,18306E+1	7,85320E-10
1,18393E+1	8,52870E-10
1,18479E+1	7,14050E-10
1,18566E+1	8,87100E-10
1,18652E+1	8,29440E-10
1,18739E+1	8,32480E-10
1,18826E+1	8,60050E-10
1,18912E+1	8,30660E-10
1,18999E+1	8,42540E-10
1,19085E+1	8,74600E-10
1,19172E+1	6,80690E-10
1,19259E+1	7,68760E-10
1,19345E+1	8,37100E-10
1,19432E+1	7,41330E-10
1,19519E+1	1,01037E-9
1,19605E+1	8,49730E-10
1,19692E+1	6,24880E-10
1,19778E+1	8,85260E-10
1,19865E+1	8,89800E-10
1,19952E+1	8,19160E-10
1,20038E+1	1,01907E-9
1,20125E+1	8,82230E-10
1,20211E+1	8,92340E-10
1,20298E+1	1,05707E-9
1,20385E+1	7,78240E-10
1,20471E+1	9,88670E-10
1,20558E+1	7,95880E-10
1,20644E+1	8,82320E-10
1,20731E+1	8,38140E-10
1,20818E+1	9,54080E-10
1,20904E+1	8,66330E-10
1,20991E+1	8,68250E-10
1,21077E+1	8,91750E-10
1,21164E+1	8,02990E-10
1,21251E+1	8,19870E-10
1,21337E+1	9,79960E-10
1,21424E+1	9,74340E-10
1,21510E+1	8,52260E-10
1,21597E+1	8,80640E-10
1,21684E+1	8,38050E-10
1,21770E+1	8,64440E-10
1,21857E+1	9,04600E-10
1,21944E+1	1,02947E-9
1,22030E+1	7,34190E-10
1,22117E+1	7,79780E-10
1,22203E+1	9,43840E-10
1,22290E+1	8,27290E-10
1,22377E+1	9,88410E-10
1,22463E+1	9,81870E-10
1,22550E+1	9,49000E-10
1,22636E+1	9,69600E-10
1,22723E+1	8,54330E-10
1,22810E+1	1,00183E-9
1,22896E+1	8,63270E-10
1,22983E+1	9,76480E-10
1,23069E+1	9,41430E-10
1,23156E+1	8,66340E-10
1,23243E+1	9,68500E-10
1,23329E+1	1,06940E-9
1,23416E+1	9,80880E-10
1,23502E+1	1,02766E-9
1,23589E+1	9,53600E-10
1,23676E+1	8,60360E-10
1,23762E+1	1,12194E-9
1,23849E+1	1,03365E-9
1,23936E+1	1,06119E-9
1,24022E+1	9,51040E-10
1,24109E+1	1,05317E-9
1,24195E+1	1,01667E-9
1,24282E+1	9,51190E-10
1,24369E+1	1,13741E-9
1,24455E+1	1,14027E-9
1,24542E+1	1,23423E-9
1,24628E+1	1,04911E-9
1,24715E+1	1,24939E-9
1,24802E+1	1,06837E-9
1,24888E+1	1,21661E-9
1,24975E+1	1,15402E-9
1,25061E+1	8,86690E-10
1,25148E+1	1,03178E-9
1,25235E+1	1,08977E-9
1,25321E+1	1,13444E-9
1,25408E+1	1,07921E-9
1,25494E+1	1,19144E-9
1,25581E+1	1,07070E-9
1,25668E+1	1,11422E-9
1,25754E+1	1,14076E-9
1,25841E+1	1,15888E-9
1,25927E+1	9,24100E-10
1,26014E+1	1,32262E-9
1,26101E+1	1,16650E-9
1,26187E+1	1,22120E-9
1,26274E+1	1,28121E-9
1,26361E+1	1,39408E-9
1,26447E+1	1,30343E-9
1,26534E+1	1,06737E-9
1,26620E+1	1,22966E-9
1,26707E+1	1,03838E-9
1,26794E+1	1,07160E-9
1,26880E+1	1,23135E-9
1,26967E+1	1,44970E-9
1,27053E+1	1,20811E-9
1,27140E+1	1,20048E-9
1,27227E+1	1,23725E-9
1,27313E+1	1,00646E-9
1,27400E+1	1,18657E-9
1,27486E+1	1,08427E-9
1,27573E+1	1,11848E-9
1,27660E+1	1,32614E-9
1,27746E+1	1,16750E-9
1,27833E+1	1,22593E-9
1,27919E+1	1,52925E-9
1,28006E+1	1,51417E-9
1,28093E+1	1,40622E-9
1,28179E+1	1,30829E-9
1,28266E+1	1,40764E-9
1,28353E+1	1,38558E-9
1,28439E+1	1,31343E-9
1,28526E+1	1,31690E-9
1,28612E+1	1,34596E-9
1,28699E+1	1,34771E-9
1,28786E+1	1,35447E-9
1,28872E+1	1,49930E-9
1,28959E+1	1,12695E-9
1,29045E+1	1,16594E-9
1,29132E+1	1,40310E-9
1,29219E+1	1,42619E-9
1,29305E+1	1,18910E-9
1,29392E+1	1,36496E-9
1,29478E+1	1,40041E-9
1,29565E+1	1,22040E-9
1,29652E+1	1,25123E-9
1,29738E+1	1,32822E-9
1,29825E+1	1,29979E-9
1,29911E+1	1,16747E-9
1,29998E+1	1,27797E-9
1,30085E+1	1,25185E-9
1,30171E+1	1,37100E-9
1,30258E+1	1,47034E-9
1,30344E+1	1,52423E-9
1,30431E+1	1,33995E-9
1,30518E+1	1,45843E-9
1,30604E+1	1,34166E-9
1,30691E+1	1,28750E-9
1,30778E+1	1,33489E-9
1,30864E+1	1,40347E-9
1,30951E+1	1,17574E-9
1,31037E+1	1,32162E-9
1,31124E+1	1,36336E-9
1,31211E+1	1,24816E-9
1,31297E+1	1,24507E-9
1,31384E+1	1,28410E-9
1,31470E+1	1,35520E-9
1,31557E+1	1,22733E-9
1,31644E+1	1,34881E-9
1,31730E+1	1,58670E-9
1,31817E+1	1,39011E-9
1,31903E+1	1,41639E-9
1,31990E+1	1,39950E-9
1,32077E+1	1,27810E-9
1,32163E+1	1,25490E-9
1,32250E+1	1,38035E-9
1,32336E+1	1,57526E-9
1,32423E+1	1,50797E-9
1,32510E+1	1,16520E-9
1,32596E+1	1,69940E-9
1,32683E+1	1,47047E-9
1,32770E+1	1,30660E-9
1,32856E+1	1,37900E-9
1,32943E+1	1,73050E-9
1,33029E+1	1,72510E-9
1,33116E+1	1,52618E-9
1,33203E+1	1,76760E-9
1,33289E+1	1,68120E-9
1,33376E+1	1,40680E-9
1,33462E+1	1,74500E-9
1,33549E+1	1,82800E-9
1,33636E+1	1,73320E-9
1,33722E+1	1,69990E-9
1,33809E+1	1,50630E-9
1,33895E+1	1,61740E-9
1,33982E+1	1,67040E-9
1,34069E+1	1,84620E-9
1,34155E+1	1,80580E-9
1,34242E+1	2,08840E-9
1,34328E+1	2,16230E-9
1,34415E+1	2,13990E-9
1,34502E+1	2,07660E-9
1,34588E+1	2,05450E-9
1,34675E+1	2,08510E-9
1,34761E+1	2,23110E-9
1,34848E+1	2,14800E-9
1,34935E+1	2,33450E-9
1,35021E+1	2,05050E-9
1,35108E+1	2,27770E-9
1,35195E+1	2,05630E-9
1,35281E+1	2,30900E-9
1,35368E+1	2,03640E-9
1,35454E+1	2,10660E-9
1,35541E+1	2,32460E-9
1,35628E+1	2,33720E-9
1,35714E+1	2,04950E-9
1,35801E+1	2,04600E-9
1,35887E+1	2,36440E-9
1,35974E+1	2,17940E-9
1,36061E+1	2,36430E-9
1,36147E+1	2,06690E-9
1,36234E+1	2,23560E-9
1,36320E+1	2,20970E-9
1,36407E+1	2,48850E-9
1,36494E+1	2,25660E-9
1,36580E+1	2,38430E-9
1,36667E+1	2,21440E-9
1,36753E+1	2,36000E-9
1,36840E+1	2,62450E-9
1,36927E+1	2,55500E-9
1,37013E+1	2,37420E-9
1,37100E+1	2,61780E-9
1,37187E+1	2,69530E-9
1,37273E+1	2,84260E-9
1,37360E+1	2,60600E-9
1,37446E+1	2,71910E-9
1,37533E+1	3,41540E-9
1,37620E+1	2,73840E-9
1,37706E+1	3,12520E-9
1,37793E+1	2,96920E-9
1,37879E+1	3,02320E-9
1,37966E+1	3,18020E-9
1,38053E+1	2,70950E-9
1,38139E+1	2,75390E-9
1,38226E+1	3,17500E-9
1,38312E+1	3,11650E-9
1,38399E+1	3,09300E-9
1,38486E+1	3,16540E-9
1,38572E+1	3,06220E-9
1,38659E+1	3,55270E-9
1,38745E+1	3,42660E-9
1,38832E+1	3,28290E-9
1,38919E+1	3,30590E-9
1,39005E+1	3,37900E-9
1,39092E+1	3,51360E-9
1,39179E+1	3,30800E-9
1,39265E+1	3,48380E-9
1,39352E+1	3,56960E-9
1,39438E+1	3,51700E-9
1,39525E+1	3,58230E-9
1,39612E+1	3,39200E-9
1,39698E+1	4,00620E-9
1,39785E+1	4,06410E-9
1,39871E+1	3,36700E-9
1,39958E+1	3,85430E-9
1,40045E+1	3,77810E-9
1,40131E+1	3,74900E-9
1,40218E+1	3,94740E-9
1,40304E+1	3,67140E-9
1,40391E+1	3,94940E-9
1,40478E+1	4,46290E-9
1,40564E+1	4,56280E-9
1,40651E+1	4,27960E-9
1,40737E+1	4,36010E-9
1,40824E+1	4,27010E-9
1,40911E+1	4,91890E-9
1,40997E+1	4,57190E-9
1,41084E+1	4,68860E-9
1,41170E+1	4,71090E-9
1,41257E+1	4,51660E-9
1,41344E+1	4,64780E-9
1,41430E+1	5,26170E-9
1,41517E+1	5,11310E-9
1,41604E+1	5,02380E-9
1,41690E+1	5,23770E-9
1,41777E+1	5,33820E-9
1,41863E+1	5,45950E-9
1,41950E+1	5,80330E-9
1,42037E+1	5,61030E-9
1,42123E+1	5,83730E-9
1,42210E+1	6,30990E-9
1,42296E+1	6,39420E-9
1,42383E+1	6,01330E-9
1,42470E+1	6,07890E-9
1,42556E+1	7,03320E-9
1,42643E+1	6,42460E-9
1,42729E+1	6,48140E-9
1,42816E+1	7,06840E-9
1,42903E+1	7,08850E-9
1,42989E+1	6,90270E-9
1,43076E+1	7,43780E-9
1,43162E+1	7,58240E-9
1,43249E+1	7,39540E-9
1,43336E+1	8,50510E-9
1,43422E+1	8,18210E-9
1,43509E+1	8,21030E-9
1,43596E+1	8,65210E-9
1,43682E+1	9,16880E-9
1,43769E+1	9,54520E-9
1,43855E+1	8,64160E-9
1,43942E+1	9,90870E-9
1,44029E+1	1,05383E-8
1,44115E+1	1,08473E-8
1,44202E+1	1,08486E-8
1,44288E+1	1,25860E-8
1,44375E+1	1,33757E-8
1,44462E+1	1,51423E-8
1,44548E+1	1,51818E-8
1,44635E+1	1,85540E-8
1,44721E+1	2,04430E-8
1,44808E+1	2,20620E-8
1,44895E+1	2,53770E-8
1,44981E+1	2,74710E-8
1,45068E+1	2,97120E-8
1,45154E+1	3,27630E-8
1,45241E+1	3,53680E-8
1,45328E+1	3,72880E-8
1,45414E+1	3,98220E-8
1,45501E+1	4,07490E-8
1,45587E+1	4,40520E-8
1,45674E+1	4,43110E-8
1,45761E+1	4,34200E-8
1,45847E+1	4,48560E-8
1,45934E+1	4,38000E-8
1,46021E+1	4,37040E-8
1,46107E+1	4,24280E-8
1,46194E+1	4,22120E-8
1,46280E+1	3,94370E-8
1,46367E+1	3,91950E-8
1,46454E+1	3,46730E-8
1,46540E+1	3,19440E-8
1,46627E+1	2,89400E-8
1,46713E+1	2,74660E-8
1,46800E+1	2,35670E-8
1,46887E+1	2,05390E-8
1,46973E+1	1,60470E-8
1,47060E+1	1,50871E-8
1,47146E+1	1,35040E-8
1,47233E+1	9,82820E-9
1,47320E+1	8,96370E-9
1,47406E+1	6,57410E-9
1,47493E+1	5,33810E-9
1,47579E+1	4,23930E-9
1,47666E+1	3,50530E-9
1,47753E+1	2,39990E-9
1,47839E+1	2,11130E-9
1,47926E+1	1,53590E-9
1,48013E+1	1,40881E-9
1,48099E+1	8,06530E-10
1,48186E+1	5,94440E-10
1,48272E+1	3,73950E-10
1,48359E+1	5,33890E-10
1,48446E+1	2,24260E-10
1,48532E+1	2,36200E-10
1,48619E+1	1,42256E-10
1,48705E+1	1,23549E-10
1,48792E+1	7,41310E-11
1,48879E+1	5,74250E-11
1,48965E+1	3,00440E-11
1,49052E+1	2,69790E-11
1,49138E+1	2,10700E-11
1,49225E+1	7,24620E-12
1,49312E+1	8,01930E-12
1,49398E+1	5,92710E-12
1,49485E+1	3,12940E-12
1,49571E+1	1,20690E-12
1,49658E+1	2,05630E-12
1,49745E+1	5,71220E-12
1,49831E+1	2,67190E-12
1,49918E+1	1,37740E-12
