E, keV	I, A
6,00327E+0	1,66171E-10
6,01426E+0	1,59829E-10
6,02526E+0	1,74839E-10
6,03625E+0	1,68046E-10
6,04725E+0	1,78813E-10
6,05824E+0	2,58820E-10
6,06924E+0	1,73522E-10
6,08024E+0	1,97147E-10
6,09123E+0	1,82973E-10
6,10222E+0	1,92537E-10
6,11322E+0	1,98064E-10
6,12421E+0	1,92758E-10
6,13521E+0	1,76271E-10
6,14620E+0	1,78687E-10
6,15720E+0	1,89103E-10
6,16819E+0	1,98981E-10
6,17919E+0	1,91995E-10
6,19018E+0	1,71314E-10
6,20118E+0	1,80466E-10
6,21218E+0	1,79780E-10
6,22317E+0	1,69127E-10
6,23416E+0	1,80713E-10
6,24516E+0	1,92870E-10
6,25615E+0	1,75787E-10
6,26715E+0	1,60534E-10
6,27814E+0	1,71977E-10
6,28914E+0	1,86311E-10
6,30014E+0	1,61470E-10
6,31113E+0	1,56425E-10
6,32212E+0	1,90622E-10
6,33312E+0	1,86989E-10
6,34411E+0	1,78573E-10
6,35511E+0	1,90126E-10
6,36610E+0	2,01351E-10
6,37710E+0	1,77215E-10
6,38809E+0	1,64148E-10
6,39909E+0	1,85509E-10
6,41008E+0	1,78609E-10
6,42108E+0	1,67738E-10
6,43207E+0	1,45427E-10
6,44307E+0	1,66835E-10
6,45406E+0	1,84455E-10
6,46506E+0	1,84790E-10
6,47605E+0	2,39410E-10
6,48705E+0	1,83281E-10
6,49804E+0	1,77829E-10
6,50904E+0	1,93255E-10
6,52003E+0	9,55500E-11
6,53103E+0	2,03770E-10
6,54202E+0	1,74502E-10
6,55302E+0	1,94698E-10
6,56401E+0	2,00717E-10
6,57501E+0	2,26960E-10
6,58601E+0	2,00140E-10
6,59700E+0	1,95281E-10
6,60799E+0	1,68930E-10
6,61899E+0	1,73529E-10
6,62998E+0	1,89635E-10
6,64098E+0	1,91147E-10
6,65197E+0	1,77476E-10
6,66297E+0	2,09069E-10
6,67396E+0	2,04067E-10
6,68496E+0	1,35430E-10
6,69595E+0	3,37070E-10
6,70695E+0	2,31890E-10
6,71795E+0	3,02350E-10
6,72894E+0	2,53800E-10
6,73993E+0	2,24450E-10
6,75093E+0	2,92150E-10
6,76192E+0	2,54460E-10
6,77292E+0	2,83300E-10
6,78391E+0	2,51060E-10
6,79491E+0	2,14450E-10
6,80591E+0	2,75210E-10
6,81690E+0	2,26570E-10
6,82789E+0	2,82460E-10
6,83889E+0	2,69450E-10
6,84988E+0	1,96524E-10
6,86088E+0	2,26710E-10
6,87187E+0	2,45630E-10
6,88287E+0	1,97640E-10
6,89386E+0	2,12730E-10
6,90486E+0	1,90479E-10
6,91585E+0	2,86640E-10
6,92685E+0	2,94580E-10
6,93784E+0	2,39470E-10
6,94884E+0	3,01800E-10
6,95983E+0	2,60740E-10
6,97083E+0	2,49860E-10
6,98182E+0	3,22560E-10
6,99282E+0	3,06630E-10
7,00381E+0	3,83550E-10
7,01481E+0	4,43790E-10
7,02580E+0	4,00740E-10
7,03680E+0	4,57830E-10
7,04779E+0	4,67370E-10
7,05879E+0	3,64500E-10
7,06978E+0	5,39310E-10
7,08078E+0	4,13960E-10
7,09177E+0	4,06320E-10
7,10277E+0	2,39050E-10
7,11376E+0	2,67120E-10
7,12476E+0	2,47730E-10
7,13575E+0	2,03420E-10
7,14675E+0	1,71550E-10
7,15774E+0	1,84616E-10
7,16874E+0	2,00151E-10
7,17973E+0	2,03926E-10
7,19073E+0	2,00177E-10
7,20172E+0	1,79588E-10
7,21272E+0	1,78735E-10
7,22371E+0	1,95013E-10
7,23471E+0	1,80815E-10
7,24570E+0	1,74068E-10
7,25670E+0	1,71797E-10
7,26769E+0	1,78853E-10
7,27869E+0	1,73744E-10
7,28968E+0	1,73168E-10
7,30068E+0	2,09186E-10
7,31168E+0	1,85842E-10
7,32267E+0	1,75992E-10
7,33366E+0	1,56670E-10
7,34466E+0	1,96536E-10
7,35565E+0	1,97892E-10
7,36665E+0	1,81264E-10
7,37764E+0	2,02745E-10
7,38864E+0	1,98933E-10
7,39963E+0	2,04797E-10
7,41063E+0	2,06258E-10
7,42162E+0	1,92970E-10
7,43262E+0	1,72651E-10
7,44361E+0	1,94233E-10
7,45461E+0	1,90347E-10
7,46560E+0	1,93852E-10
7,47660E+0	2,01509E-10
7,48759E+0	1,86832E-10
7,49859E+0	2,42080E-10
7,50958E+0	2,10550E-10
7,52058E+0	2,23460E-10
7,53157E+0	2,57900E-10
7,54257E+0	1,95932E-10
7,55356E+0	1,92486E-10
7,56456E+0	2,37100E-10
7,57555E+0	2,21330E-10
7,58655E+0	2,08870E-10
7,59754E+0	1,74976E-10
7,60854E+0	1,90290E-10
7,61953E+0	2,56320E-10
7,63053E+0	1,97388E-10
7,64152E+0	1,91569E-10
7,65252E+0	2,02298E-10
7,66351E+0	1,89591E-10
7,67451E+0	1,94303E-10
7,68551E+0	2,34080E-10
7,69650E+0	2,80020E-10
7,70749E+0	2,82480E-10
7,71849E+0	2,05047E-10
7,72948E+0	2,03510E-10
7,74048E+0	3,22800E-10
7,75147E+0	1,85038E-10
7,76247E+0	1,93285E-10
7,77346E+0	2,10620E-10
7,78446E+0	2,56460E-10
7,79545E+0	2,33450E-10
7,80645E+0	1,86563E-10
7,81745E+0	1,72524E-10
7,82844E+0	1,86290E-10
7,83943E+0	1,38890E-10
7,85043E+0	2,56580E-10
7,86142E+0	2,08510E-10
7,87242E+0	2,72780E-10
7,88341E+0	3,03670E-10
7,89441E+0	2,38970E-10
7,90541E+0	2,10700E-10
7,91640E+0	2,50210E-10
7,92739E+0	2,29830E-10
7,93839E+0	2,23100E-10
7,94938E+0	2,01600E-10
7,96038E+0	1,90594E-10
7,97137E+0	1,88529E-10
7,98237E+0	1,69090E-10
7,99336E+0	2,98600E-10
8,00436E+0	2,47830E-10
8,01535E+0	2,77840E-10
8,02635E+0	2,27410E-10
8,03734E+0	2,29870E-10
8,04834E+0	2,15410E-10
8,05933E+0	1,93326E-10
8,07033E+0	2,39740E-10
8,08132E+0	2,58870E-10
8,09232E+0	2,04870E-10
8,10332E+0	1,84593E-10
8,11431E+0	2,44630E-10
8,12530E+0	2,29560E-10
8,13630E+0	2,24650E-10
8,14729E+0	2,52180E-10
8,15829E+0	2,55550E-10
8,16928E+0	2,53120E-10
8,18028E+0	2,60610E-10
8,19127E+0	3,42720E-10
8,20227E+0	2,43380E-10
8,21326E+0	2,56810E-10
8,22426E+0	2,57410E-10
8,23526E+0	2,08670E-10
8,24625E+0	3,16800E-10
8,25724E+0	2,36210E-10
8,26824E+0	2,89500E-10
8,27923E+0	3,67940E-10
8,29023E+0	3,02170E-10
8,30122E+0	3,23770E-10
8,31222E+0	2,09230E-10
8,32321E+0	2,61260E-10
8,33421E+0	3,05050E-10
8,34520E+0	3,12530E-10
8,35620E+0	3,15480E-10
8,36720E+0	3,24320E-10
8,37819E+0	2,55730E-10
8,38918E+0	2,12780E-10
8,40018E+0	2,81020E-10
8,41118E+0	3,21210E-10
8,42217E+0	2,45610E-10
8,43316E+0	2,50870E-10
8,44416E+0	3,47730E-10
8,45515E+0	3,40470E-10
8,46615E+0	2,69500E-10
8,47715E+0	2,25900E-10
8,48814E+0	2,64100E-10
8,49913E+0	3,68190E-10
8,51013E+0	2,82230E-10
8,52112E+0	2,52410E-10
8,53212E+0	2,51290E-10
8,54311E+0	4,06930E-10
8,55411E+0	3,04510E-10
8,56510E+0	3,23200E-10
8,57610E+0	2,91440E-10
8,58709E+0	2,74990E-10
8,59809E+0	2,59650E-10
8,60909E+0	2,91750E-10
8,62008E+0	2,92360E-10
8,63107E+0	3,48590E-10
8,64207E+0	2,19700E-10
8,65306E+0	3,14330E-10
8,66406E+0	3,18600E-10
8,67505E+0	3,45530E-10
8,68605E+0	2,63190E-10
8,69704E+0	2,95860E-10
8,70804E+0	3,01740E-10
8,71903E+0	3,08560E-10
8,73003E+0	3,74940E-10
8,74102E+0	2,77670E-10
8,75202E+0	3,70420E-10
8,76301E+0	3,40720E-10
8,77401E+0	3,45050E-10
8,78500E+0	3,46910E-10
8,79600E+0	2,94670E-10
8,80699E+0	2,86180E-10
8,81799E+0	3,25990E-10
8,82898E+0	3,37820E-10
8,83998E+0	3,72240E-10
8,85098E+0	3,86370E-10
8,86197E+0	3,96790E-10
8,87296E+0	3,99550E-10
8,88396E+0	3,92680E-10
8,89495E+0	5,16260E-10
8,90595E+0	3,67830E-10
8,91694E+0	2,92710E-10
8,92794E+0	3,09060E-10
8,93894E+0	3,55940E-10
8,94993E+0	3,71250E-10
8,96092E+0	3,45480E-10
8,97192E+0	4,20070E-10
8,98291E+0	4,86070E-10
8,99391E+0	4,69740E-10
9,00490E+0	3,00010E-10
9,01590E+0	4,23950E-10
9,02689E+0	3,55140E-10
9,03789E+0	3,30290E-10
9,04889E+0	3,27140E-10
9,05988E+0	3,05990E-10
9,07087E+0	4,05050E-10
9,08187E+0	2,49680E-10
9,09286E+0	3,91560E-10
9,10386E+0	3,56660E-10
9,11485E+0	3,90690E-10
9,12585E+0	3,03930E-10
9,13684E+0	4,51700E-10
9,14784E+0	3,77150E-10
9,15883E+0	5,75450E-10
9,16983E+0	4,36400E-10
9,18082E+0	4,71790E-10
9,19182E+0	3,58260E-10
9,20281E+0	3,22380E-10
9,21381E+0	5,29240E-10
9,22480E+0	4,27910E-10
9,23580E+0	5,42030E-10
9,24679E+0	3,21190E-10
9,25779E+0	5,53360E-10
9,26878E+0	4,56410E-10
9,27978E+0	5,39410E-10
9,29077E+0	5,00220E-10
9,30177E+0	5,17290E-10
9,31277E+0	6,17010E-10
9,32376E+0	6,61990E-10
9,33475E+0	7,19570E-10
9,34575E+0	6,71240E-10
9,35674E+0	5,72770E-10
9,36774E+0	6,45780E-10
9,37873E+0	8,48260E-10
9,38973E+0	7,70290E-10
9,40072E+0	8,19900E-10
9,41172E+0	8,17730E-10
9,42272E+0	7,81070E-10
9,43371E+0	7,18290E-10
9,44470E+0	7,25820E-10
9,45570E+0	7,46850E-10
9,46669E+0	1,05567E-9
9,47769E+0	9,26600E-10
9,48869E+0	1,05429E-9
9,49968E+0	9,45850E-10
9,51067E+0	1,08022E-9
9,52167E+0	9,76890E-10
9,53266E+0	1,09798E-9
9,54366E+0	1,00903E-9
9,55465E+0	1,18994E-9
9,56565E+0	1,35890E-9
9,57665E+0	1,02963E-9
9,58764E+0	1,08226E-9
9,59863E+0	1,20390E-9
9,60963E+0	1,13441E-9
9,62062E+0	1,03724E-9
9,62210E+0	1,11420E-9
9,63076E+0	1,07620E-9
9,63942E+0	1,24978E-9
9,64808E+0	1,08399E-9
9,65674E+0	1,17221E-9
9,66540E+0	1,20920E-9
9,67406E+0	1,24039E-9
9,68272E+0	1,41870E-9
9,69138E+0	1,51767E-9
9,70004E+0	1,42638E-9
9,70870E+0	1,32479E-9
9,71737E+0	1,15056E-9
9,72603E+0	1,47327E-9
9,73469E+0	1,35255E-9
9,74335E+0	1,63870E-9
9,75201E+0	1,12724E-9
9,76067E+0	1,48343E-9
9,76933E+0	1,36451E-9
9,77799E+0	1,31839E-9
9,78665E+0	1,29591E-9
9,79531E+0	1,36847E-9
9,80397E+0	1,56554E-9
9,81263E+0	1,13932E-9
9,82130E+0	1,44500E-9
9,82996E+0	1,38561E-9
9,83862E+0	1,17370E-9
9,84728E+0	1,24340E-9
9,85594E+0	1,23910E-9
9,86460E+0	1,24860E-9
9,87326E+0	1,43780E-9
9,88192E+0	1,43935E-9
9,89058E+0	1,30080E-9
9,89924E+0	1,25445E-9
9,90790E+0	1,33088E-9
9,91656E+0	1,30803E-9
9,92522E+0	1,40528E-9
9,93389E+0	1,06788E-9
9,94255E+0	1,20936E-9
9,95121E+0	1,23244E-9
9,95987E+0	1,39808E-9
9,96853E+0	1,19758E-9
9,97719E+0	1,26121E-9
9,98585E+0	1,08217E-9
9,99451E+0	9,57810E-10
1,00032E+1	9,84390E-10
1,00118E+1	1,05546E-9
1,00205E+1	1,02502E-9
1,00292E+1	1,08542E-9
1,00378E+1	1,04967E-9
1,00465E+1	1,11764E-9
1,00551E+1	9,59750E-10
1,00638E+1	9,06860E-10
1,00725E+1	1,15717E-9
1,00811E+1	1,01954E-9
1,00898E+1	9,81830E-10
1,00984E+1	1,03862E-9
1,01071E+1	9,68040E-10
1,01158E+1	1,03143E-9
1,01244E+1	1,28393E-9
1,01331E+1	1,11443E-9
1,01417E+1	9,32820E-10
1,01504E+1	9,36370E-10
1,01591E+1	9,83830E-10
1,01677E+1	1,17423E-9
1,01764E+1	1,01579E-9
1,01850E+1	1,06375E-9
1,01937E+1	8,89500E-10
1,02024E+1	1,14350E-9
1,02110E+1	9,76070E-10
1,02197E+1	1,05025E-9
1,02284E+1	7,93920E-10
1,02370E+1	1,20095E-9
1,02457E+1	1,16855E-9
1,02543E+1	1,00300E-9
1,02630E+1	9,75850E-10
1,02717E+1	9,09400E-10
1,02803E+1	1,03452E-9
1,02890E+1	1,22426E-9
1,02976E+1	1,05418E-9
1,03063E+1	9,27850E-10
1,03150E+1	1,04466E-9
1,03236E+1	1,02201E-9
1,03323E+1	1,04908E-9
1,03409E+1	9,00660E-10
1,03496E+1	1,03164E-9
1,03583E+1	1,08580E-9
1,03669E+1	1,09654E-9
1,03756E+1	1,03679E-9
1,03842E+1	9,43800E-10
1,03929E+1	1,05270E-9
1,04016E+1	9,63640E-10
1,04102E+1	1,16659E-9
1,04189E+1	9,52370E-10
1,04276E+1	8,66400E-10
1,04362E+1	1,12124E-9
1,04449E+1	1,16882E-9
1,04535E+1	9,68980E-10
1,04622E+1	1,12235E-9
1,04709E+1	1,14238E-9
1,04795E+1	1,06271E-9
1,04882E+1	1,03016E-9
1,04968E+1	9,75250E-10
1,05055E+1	1,18655E-9
1,05142E+1	1,16720E-9
1,05228E+1	1,31232E-9
1,05315E+1	1,10382E-9
1,05401E+1	1,28836E-9
1,05488E+1	1,11604E-9
1,05575E+1	9,75570E-10
1,05661E+1	1,16468E-9
1,05748E+1	1,09914E-9
1,05834E+1	1,20413E-9
1,05921E+1	1,27445E-9
1,06008E+1	1,00583E-9
1,06094E+1	1,62410E-9
1,06181E+1	1,33641E-9
1,06267E+1	1,17337E-9
1,06354E+1	1,24747E-9
1,06441E+1	1,28389E-9
1,06527E+1	1,25776E-9
1,06614E+1	1,13176E-9
1,06701E+1	9,61940E-10
1,06787E+1	1,29852E-9
1,06874E+1	1,01870E-9
1,06960E+1	1,05619E-9
1,07047E+1	1,17580E-9
1,07134E+1	1,22010E-9
1,07220E+1	1,10679E-9
1,07307E+1	1,20962E-9
1,07393E+1	1,34375E-9
1,07480E+1	1,15638E-9
1,07567E+1	1,22079E-9
1,07653E+1	1,24880E-9
1,07740E+1	1,11864E-9
1,07826E+1	1,31572E-9
1,07913E+1	1,23215E-9
1,08000E+1	1,37510E-9
1,08086E+1	1,23872E-9
1,08173E+1	1,19171E-9
1,08259E+1	1,26269E-9
1,08346E+1	1,33406E-9
1,08433E+1	1,21312E-9
1,08519E+1	1,14142E-9
1,08606E+1	1,15009E-9
1,08693E+1	1,31289E-9
1,08779E+1	1,34753E-9
1,08866E+1	1,37071E-9
1,08952E+1	1,29207E-9
1,09039E+1	1,28518E-9
1,09126E+1	1,35480E-9
1,09212E+1	1,18560E-9
1,09299E+1	1,20138E-9
1,09385E+1	1,32230E-9
1,09472E+1	1,27423E-9
1,09559E+1	1,21010E-9
1,09645E+1	1,31680E-9
1,09732E+1	1,24582E-9
1,09818E+1	1,35203E-9
1,09905E+1	1,40980E-9
1,09992E+1	1,05036E-9
1,10078E+1	1,32191E-9
1,10165E+1	1,16842E-9
1,10251E+1	1,37245E-9
1,10338E+1	1,33133E-9
1,10425E+1	1,27028E-9
1,10511E+1	1,24051E-9
1,10598E+1	1,31102E-9
1,10684E+1	1,48916E-9
1,10771E+1	1,26540E-9
1,10858E+1	1,45963E-9
1,10944E+1	1,42135E-9
1,11031E+1	1,38513E-9
1,11118E+1	1,55010E-9
1,11204E+1	1,71700E-9
1,11291E+1	1,60631E-9
1,11377E+1	1,34806E-9
1,11464E+1	1,46471E-9
1,11551E+1	1,56480E-9
1,11637E+1	1,51026E-9
1,11724E+1	1,25336E-9
1,11810E+1	1,54710E-9
1,11897E+1	1,48300E-9
1,11984E+1	1,63973E-9
1,12070E+1	1,46287E-9
1,12157E+1	1,32639E-9
1,12243E+1	1,42790E-9
1,12330E+1	1,41455E-9
1,12417E+1	1,50170E-9
1,12503E+1	1,71150E-9
1,12590E+1	1,31103E-9
1,12676E+1	1,72290E-9
1,12763E+1	1,61830E-9
1,12850E+1	1,72383E-9
1,12936E+1	1,57190E-9
1,13023E+1	1,80140E-9
1,13110E+1	1,61830E-9
1,13196E+1	1,62800E-9
1,13283E+1	1,68740E-9
1,13369E+1	1,58820E-9
1,13456E+1	1,61690E-9
1,13543E+1	1,31690E-9
1,13629E+1	1,43290E-9
1,13716E+1	1,54530E-9
1,13802E+1	1,84890E-9
1,13889E+1	1,75170E-9
1,13976E+1	1,46510E-9
1,14062E+1	1,99690E-9
1,14149E+1	1,55290E-9
1,14235E+1	1,68390E-9
1,14322E+1	1,61263E-9
1,14409E+1	1,63233E-9
1,14495E+1	1,55461E-9
1,14582E+1	1,59686E-9
1,14668E+1	2,01030E-9
1,14755E+1	2,03800E-9
1,14842E+1	1,74210E-9
1,14928E+1	1,74660E-9
1,15015E+1	1,94550E-9
1,15101E+1	1,89540E-9
1,15188E+1	2,11720E-9
1,15275E+1	1,68390E-9
1,15361E+1	1,79490E-9
1,15448E+1	2,29640E-9
1,15535E+1	2,06520E-9
1,15621E+1	1,80080E-9
1,15708E+1	1,68200E-9
1,15794E+1	2,00830E-9
1,15881E+1	1,85910E-9
1,15968E+1	2,15340E-9
1,16054E+1	2,09790E-9
1,16141E+1	2,11230E-9
1,16227E+1	2,23010E-9
1,16314E+1	2,00910E-9
1,16401E+1	2,14300E-9
1,16487E+1	2,09140E-9
1,16574E+1	1,98940E-9
1,16660E+1	1,97820E-9
1,16747E+1	2,03070E-9
1,16834E+1	2,03230E-9
1,16920E+1	2,07710E-9
1,17007E+1	2,26680E-9
1,17093E+1	2,42390E-9
1,17180E+1	2,07170E-9
1,17267E+1	2,00060E-9
1,17353E+1	2,35680E-9
1,17440E+1	2,38880E-9
1,17527E+1	2,26710E-9
1,17613E+1	2,39690E-9
1,17700E+1	2,11290E-9
1,17786E+1	2,69840E-9
1,17873E+1	2,21140E-9
1,17960E+1	2,25220E-9
1,18046E+1	2,22390E-9
1,18133E+1	2,49340E-9
1,18219E+1	2,32620E-9
1,18306E+1	2,14050E-9
1,18393E+1	2,19770E-9
1,18479E+1	2,10320E-9
1,18566E+1	2,28140E-9
1,18652E+1	2,49130E-9
1,18739E+1	2,55580E-9
1,18826E+1	2,23770E-9
1,18912E+1	2,29760E-9
1,18999E+1	2,49070E-9
1,19085E+1	2,32630E-9
1,19172E+1	2,39610E-9
1,19259E+1	2,49080E-9
1,19345E+1	2,31190E-9
1,19432E+1	2,46600E-9
1,19519E+1	2,71900E-9
1,19605E+1	2,31910E-9
1,19692E+1	2,61340E-9
1,19778E+1	2,66780E-9
1,19865E+1	2,31720E-9
1,19952E+1	2,44620E-9
1,20038E+1	2,30760E-9
1,20125E+1	2,50980E-9
1,20211E+1	2,49000E-9
1,20298E+1	2,48770E-9
1,20385E+1	2,92260E-9
1,20471E+1	2,65570E-9
1,20558E+1	2,88620E-9
1,20644E+1	2,54450E-9
1,20731E+1	2,67130E-9
1,20818E+1	2,62430E-9
1,20904E+1	2,94700E-9
1,20991E+1	2,60440E-9
1,21077E+1	2,47230E-9
1,21164E+1	3,01470E-9
1,21251E+1	2,76450E-9
1,21337E+1	3,09760E-9
1,21424E+1	2,97830E-9
1,21510E+1	2,78420E-9
1,21597E+1	2,80840E-9
1,21684E+1	3,18750E-9
1,21770E+1	2,81650E-9
1,21857E+1	3,07960E-9
1,21944E+1	2,76680E-9
1,22030E+1	2,82300E-9
1,22117E+1	2,89760E-9
1,22203E+1	3,45140E-9
1,22290E+1	3,09740E-9
1,22377E+1	2,91320E-9
1,22463E+1	3,07700E-9
1,22550E+1	3,45740E-9
1,22636E+1	3,21870E-9
1,22723E+1	2,97600E-9
1,22810E+1	3,35010E-9
1,22896E+1	3,10590E-9
1,22983E+1	3,27080E-9
1,23069E+1	3,12200E-9
1,23156E+1	3,50070E-9
1,23243E+1	3,37000E-9
1,23329E+1	3,16890E-9
1,23416E+1	3,55010E-9
1,23502E+1	3,26340E-9
1,23589E+1	3,49600E-9
1,23676E+1	3,41010E-9
1,23762E+1	3,04960E-9
1,23849E+1	3,43510E-9
1,23936E+1	3,35040E-9
1,24022E+1	3,61690E-9
1,24109E+1	3,52850E-9
1,24195E+1	3,45260E-9
1,24282E+1	4,08080E-9
1,24369E+1	4,02000E-9
1,24455E+1	3,90810E-9
1,24542E+1	3,78160E-9
1,24628E+1	3,62150E-9
1,24715E+1	3,81830E-9
1,24802E+1	3,99230E-9
1,24888E+1	3,68230E-9
1,24975E+1	3,51890E-9
1,25061E+1	3,88310E-9
1,25148E+1	4,18990E-9
1,25235E+1	4,20840E-9
1,25321E+1	3,64240E-9
1,25408E+1	3,64500E-9
1,25494E+1	3,73040E-9
1,25581E+1	3,65810E-9
1,25668E+1	3,60960E-9
1,25754E+1	3,83380E-9
1,25841E+1	4,03020E-9
1,25927E+1	4,26640E-9
1,26014E+1	4,16310E-9
1,26101E+1	4,30310E-9
1,26187E+1	4,03880E-9
1,26274E+1	3,70580E-9
1,26361E+1	4,51450E-9
1,26447E+1	4,18430E-9
1,26534E+1	4,10150E-9
1,26620E+1	4,39360E-9
1,26707E+1	4,16370E-9
1,26794E+1	4,21440E-9
1,26880E+1	4,41490E-9
1,26967E+1	4,46010E-9
1,27053E+1	3,65840E-9
1,27140E+1	4,13180E-9
1,27227E+1	4,14950E-9
1,27313E+1	4,05190E-9
1,27400E+1	4,54120E-9
1,27486E+1	4,24480E-9
1,27573E+1	4,46870E-9
1,27660E+1	4,54150E-9
1,27746E+1	4,40610E-9
1,27833E+1	4,47250E-9
1,27919E+1	4,46950E-9
1,28006E+1	4,41810E-9
1,28093E+1	4,29510E-9
1,28179E+1	4,57920E-9
1,28266E+1	4,55280E-9
1,28353E+1	4,87150E-9
1,28439E+1	5,21990E-9
1,28526E+1	4,65560E-9
1,28612E+1	4,88320E-9
1,28699E+1	5,24860E-9
1,28786E+1	4,79250E-9
1,28872E+1	4,63640E-9
1,28959E+1	4,99280E-9
1,29045E+1	4,95970E-9
1,29132E+1	5,46870E-9
1,29219E+1	4,80270E-9
1,29305E+1	4,66840E-9
1,29392E+1	5,18350E-9
1,29478E+1	4,96260E-9
1,29565E+1	4,72210E-9
1,29652E+1	5,33080E-9
1,29738E+1	4,58570E-9
1,29825E+1	4,87110E-9
1,29911E+1	5,05990E-9
1,29998E+1	5,19170E-9
1,30085E+1	5,79720E-9
1,30171E+1	5,37710E-9
1,30258E+1	4,93400E-9
1,30344E+1	5,30760E-9
1,30431E+1	5,21360E-9
1,30518E+1	5,30180E-9
1,30604E+1	5,74020E-9
1,30691E+1	5,63830E-9
1,30778E+1	5,38240E-9
1,30864E+1	5,51900E-9
1,30951E+1	6,07430E-9
1,31037E+1	5,36910E-9
1,31124E+1	5,79210E-9
1,31211E+1	5,89300E-9
1,31297E+1	5,67660E-9
1,31384E+1	5,80030E-9
1,31470E+1	5,56240E-9
1,31557E+1	5,89720E-9
1,31644E+1	5,88380E-9
1,31730E+1	6,34860E-9
1,31817E+1	6,36610E-9
1,31903E+1	5,88540E-9
1,31990E+1	6,00730E-9
1,32077E+1	5,96680E-9
1,32163E+1	6,54100E-9
1,32250E+1	6,58510E-9
1,32336E+1	5,85270E-9
1,32423E+1	6,34210E-9
1,32510E+1	5,96470E-9
1,32596E+1	6,44450E-9
1,32683E+1	6,67980E-9
1,32770E+1	7,21770E-9
1,32856E+1	6,75670E-9
1,32943E+1	7,01050E-9
1,33029E+1	6,78240E-9
1,33116E+1	6,31480E-9
1,33203E+1	6,91580E-9
1,33289E+1	7,00440E-9
1,33376E+1	7,21390E-9
1,33462E+1	6,66750E-9
1,33549E+1	7,74530E-9
1,33636E+1	7,04680E-9
1,33722E+1	7,40690E-9
1,33809E+1	7,46080E-9
1,33895E+1	7,53210E-9
1,33982E+1	7,09820E-9
1,34069E+1	7,49470E-9
1,34155E+1	7,36730E-9
1,34242E+1	8,09430E-9
1,34328E+1	7,97380E-9
1,34415E+1	8,52600E-9
1,34502E+1	7,36820E-9
1,34588E+1	8,30540E-9
1,34675E+1	8,21930E-9
1,34761E+1	8,41710E-9
1,34848E+1	8,00420E-9
1,34935E+1	8,93680E-9
1,35021E+1	8,46380E-9
1,35108E+1	8,63190E-9
1,35195E+1	8,78820E-9
1,35281E+1	8,16660E-9
1,35368E+1	9,24540E-9
1,35454E+1	9,39870E-9
1,35541E+1	9,27840E-9
1,35628E+1	9,08990E-9
1,35714E+1	8,69540E-9
1,35801E+1	9,11930E-9
1,35887E+1	8,49290E-9
1,35974E+1	9,11960E-9
1,36061E+1	9,48970E-9
1,36147E+1	9,68930E-9
1,36234E+1	9,22000E-9
1,36320E+1	8,88140E-9
1,36407E+1	9,00540E-9
1,36494E+1	9,53790E-9
1,36580E+1	9,52440E-9
1,36667E+1	1,01320E-8
1,36753E+1	1,01043E-8
1,36840E+1	9,48930E-9
1,36927E+1	1,00929E-8
1,37013E+1	1,02212E-8
1,37100E+1	1,04088E-8
1,37187E+1	1,05436E-8
1,37273E+1	1,03892E-8
1,37360E+1	1,08295E-8
1,37446E+1	1,02453E-8
1,37533E+1	1,00992E-8
1,37620E+1	1,04051E-8
1,37706E+1	1,06442E-8
1,37793E+1	1,02578E-8
1,37879E+1	1,07907E-8
1,37966E+1	1,15111E-8
1,38053E+1	1,10466E-8
1,38139E+1	1,16917E-8
1,38226E+1	1,20766E-8
1,38312E+1	1,18987E-8
1,38399E+1	1,20829E-8
1,38486E+1	1,16162E-8
1,38572E+1	1,14718E-8
1,38659E+1	1,18876E-8
1,38745E+1	1,20493E-8
1,38832E+1	1,24560E-8
1,38919E+1	1,21769E-8
1,39005E+1	1,37807E-8
1,39092E+1	1,33887E-8
1,39179E+1	1,36238E-8
1,39265E+1	1,44640E-8
1,39352E+1	1,43646E-8
1,39438E+1	1,36089E-8
1,39525E+1	1,42550E-8
1,39612E+1	1,46750E-8
1,39698E+1	1,49282E-8
1,39785E+1	1,56302E-8
1,39871E+1	1,61430E-8
1,39958E+1	1,61675E-8
1,40045E+1	1,75713E-8
1,40131E+1	1,67294E-8
1,40218E+1	1,82198E-8
1,40304E+1	1,94520E-8
1,40391E+1	1,95850E-8
1,40478E+1	2,04910E-8
1,40564E+1	2,02750E-8
1,40651E+1	2,14330E-8
1,40737E+1	2,20190E-8
1,40824E+1	2,34970E-8
1,40911E+1	2,31410E-8
1,40997E+1	2,43950E-8
1,41084E+1	2,45820E-8
1,41170E+1	2,68520E-8
1,41257E+1	2,65100E-8
1,41344E+1	2,73950E-8
1,41430E+1	2,89920E-8
1,41517E+1	2,82560E-8
1,41604E+1	2,85840E-8
1,41690E+1	2,93720E-8
1,41777E+1	2,91970E-8
1,41863E+1	2,97770E-8
1,41950E+1	2,88190E-8
1,42037E+1	2,77390E-8
1,42123E+1	2,90440E-8
1,42210E+1	2,60030E-8
1,42296E+1	2,58660E-8
1,42383E+1	2,45870E-8
1,42470E+1	2,30730E-8
1,42556E+1	2,22260E-8
1,42643E+1	2,09830E-8
1,42729E+1	2,00030E-8
1,42816E+1	1,83930E-8
1,42903E+1	1,70012E-8
1,42989E+1	1,58323E-8
1,43076E+1	1,31839E-8
1,43162E+1	1,29629E-8
1,43249E+1	1,15242E-8
1,43336E+1	1,02871E-8
1,43422E+1	9,42770E-9
1,43509E+1	8,61710E-9
1,43596E+1	8,01870E-9
1,43682E+1	7,42780E-9
1,43769E+1	6,57800E-9
1,43855E+1	6,35700E-9
1,43942E+1	5,57550E-9
1,44029E+1	5,27020E-9
1,44115E+1	4,68910E-9
1,44202E+1	4,24720E-9
1,44288E+1	3,48920E-9
1,44375E+1	3,52990E-9
1,44462E+1	3,21290E-9
1,44548E+1	2,64710E-9
1,44635E+1	2,68200E-9
1,44721E+1	2,29330E-9
1,44808E+1	2,01710E-9
1,44895E+1	1,81610E-9
1,44981E+1	1,49606E-9
1,45068E+1	1,13880E-9
1,45154E+1	1,17245E-9
1,45241E+1	9,68470E-10
1,45328E+1	1,02779E-9
1,45414E+1	8,63370E-10
1,45501E+1	7,38320E-10
1,45587E+1	5,87310E-10
1,45674E+1	4,86210E-10
1,45761E+1	4,29640E-10
1,45847E+1	2,47580E-10
1,45934E+1	3,29550E-10
1,46021E+1	2,43690E-10
1,46107E+1	1,78524E-10
1,46194E+1	1,45999E-10
1,46280E+1	1,06770E-10
1,46367E+1	9,39860E-11
1,46454E+1	8,53750E-11
1,46540E+1	5,50340E-11
1,46627E+1	3,65460E-11
1,46713E+1	2,16010E-11
1,46800E+1	2,43350E-11
1,46887E+1	1,39523E-11
1,46973E+1	1,13782E-11
1,47060E+1	6,14220E-12
1,47146E+1	3,33870E-12
1,47233E+1	4,32760E-12
1,47320E+1	1,85850E-12
1,47406E+1	1,95990E-12
1,47493E+1	2,11250E-12
1,47579E+1	1,19340E-12
1,47666E+1	1,69630E-12
1,47753E+1	1,21350E-12
1,47839E+1	2,21090E-12
1,47926E+1	2,65260E-12
1,48013E+1	2,74580E-12
1,48099E+1	1,17900E-12
1,48186E+1	1,97050E-12
1,48272E+1	5,68140E-12
1,48359E+1	2,43660E-12
1,48446E+1	1,37020E-12
1,48532E+1	5,58340E-12
1,48619E+1	1,39550E-12
1,48705E+1	3,51530E-12
1,48792E+1	2,89790E-12
1,48879E+1	1,56420E-12
1,48965E+1	3,82070E-12
1,49052E+1	3,76260E-12
1,49138E+1	1,01420E-12
1,49225E+1	1,57800E-12
1,49312E+1	1,88180E-12
1,49398E+1	1,37660E-12
1,49485E+1	4,20170E-12
1,49571E+1	8,96500E-13
1,49658E+1	3,73000E-13
1,49745E+1	1,95380E-12
1,49831E+1	2,34370E-12
