E,eV	I,A
0	-1,5234E-12
24,3	-1,161E-13
48,6	2,492E-13
72,9	4,426E-13
97,2	3,976E-13
121,5	4,293E-13
145,8	4,545E-13
170,1	4,151E-13
194,4	4,43E-13
218,7	4,183E-13
243	4,487E-13
267,3	4,423E-13
291,6	4,583E-13
315,9	4,639E-13
340,2	4,244E-13
364,5	4,526E-13
388,8	4,267E-13
413,1	4,817E-13
437,4	4,56E-13
461,7	4,461E-13
486	4,719E-13
510,3	4,426E-13
534,6	4,497E-13
558,9	4,707E-13
583,2	4,532E-13
607,5	4,777E-13
631,8	4,973E-13
656,1	4,63E-13
680,4	4,501E-13
704,7	5,013E-13
729	5,056E-13
753,3	4,829E-13
777,6	5,414E-13
801,9	5,098E-13
826,2	4,668E-13
850,5	4,861E-13
874,8	5,38E-13
899,1	4,898E-13
923,4	5,102E-13
947,7	4,967E-13
972	5,601E-13
996,3	4,978E-13
1020,6	5,002E-13
1044,9	5,463E-13
1069,2	4,997E-13
1093,5	5,013E-13
1117,8	5,134E-13
1142,1	4,954E-13
1166,4	5,45E-13
1190,7	5,073E-13
1215	5,267E-13
1239,3	5,162E-13
1263,6	5,313E-13
1287,9	4,836E-13
1312,2	6,381E-13
1336,5	5,192E-13
1360,8	5,229E-13
1385,1	7,056E-13
1409,4	5,542E-13
1433,7	5,824E-13
1458	5,91E-13
1482,3	6,616E-13
1506,6	5,761E-13
1530,9	7,575E-13
1555,2	5,594E-13
1579,5	6,662E-13
1603,8	6,386E-13
1628,1	7,083E-13
1652,4	5,816E-13
1676,7	5,345E-13
1701	5,594E-13
1725,3	6,922E-13
1749,6	6,615E-13
1773,9	5,828E-13
1798,2	5,843E-13
1822,5	7,236E-13
1846,8	5,773E-13
1871,1	6,294E-13
1895,4	6,049E-13
1919,7	5,957E-13
1944	5,739E-13
1968,3	6,43E-13
1992,6	6,756E-13
2016,9	7,579E-13
2041,2	5,304E-13
2065,5	6,762E-13
2089,8	6,596E-13
2114,1	6,223E-13
2138,4	7,12E-13
2162,7	6,44E-13
2187	6,335E-13
2211,3	5,938E-13
2235,6	6,192E-13
2259,9	6,188E-13
2284,2	7,865E-13
2308,5	6,251E-13
2332,8	7,144E-13
2357,1	6,605E-13
2381,4	7,599E-13
2405,7	7,025E-13
2430	7,083E-13
2454,3	7,02E-13
2478,6	8,03E-13
2502,9	7,208E-13
2527,2	8,233E-13
2551,5	6,758E-13
2575,8	8,073E-13
2600,1	7,885E-13
2624,4	8,098E-13
2648,7	8,658E-13
2673	7,743E-13
2697,3	7,409E-13
2721,6	8,939E-13
2745,9	6,96E-13
2770,2	9,328E-13
2794,5	7,694E-13
2818,8	8,241E-13
2843,1	8,979E-13
2867,4	7,816E-13
2891,7	8,732E-13
2916	7,41E-13
2940,3	8,212E-13
2964,6	8,968E-13
2988,9	9,601E-13
3013,2	9,515E-13
3037,5	8,264E-13
3061,8	7,478E-13
3086,1	9,45E-13
3110,4	8,063E-13
3134,7	1,0237E-12
3159	9,582E-13
3183,3	9,36E-13
3207,6	8,789E-13
3231,9	9,318E-13
3256,2	9,361E-13
3280,5	1,207E-12
3304,8	1,0806E-12
3329,1	9,548E-13
3353,4	1,0766E-12
3377,7	1,1156E-12
3402	9,833E-13
3426,3	9,462E-13
3450,6	9,556E-13
3474,9	9,51E-13
3499,2	9,224E-13
3523,5	1,0982E-12
3547,8	1,2347E-12
3572,1	1,3609E-12
3596,4	1,3387E-12
3620,7	1,2995E-12
3645	1,0454E-12
3669,3	1,3253E-12
3693,6	1,3552E-12
3717,9	1,3604E-12
3742,2	1,2135E-12
3766,5	1,4233E-12
3790,8	1,0701E-12
3815,1	1,2684E-12
3839,4	1,4049E-12
3863,7	1,4557E-12
3888	1,2094E-12
3912,3	1,097E-12
3936,6	1,3191E-12
3960,9	1,2569E-12
3985,2	1,7057E-12
4009,5	1,3358E-12
4033,8	1,2122E-12
4058,1	1,3074E-12
4082,4	1,3374E-12
4106,7	1,5184E-12
4131	1,632E-12
4155,3	1,3036E-12
4179,6	1,2718E-12
4203,9	1,4523E-12
4228,2	1,3697E-12
4252,5	1,5788E-12
4276,8	1,5225E-12
4301,1	1,4514E-12
4325,4	1,4114E-12
4349,7	1,5039E-12
4374	1,3491E-12
4398,3	1,8689E-12
4422,6	1,5121E-12
4446,9	1,4653E-12
4471,2	1,8685E-12
4495,5	1,7471E-12
4519,8	1,8682E-12
4544,1	1,8104E-12
4568,4	1,8813E-12
4592,7	1,8335E-12
4617	2,0579E-12
4641,3	1,9151E-12
4665,6	1,777E-12
4689,9	1,6241E-12
4714,2	1,7497E-12
4738,5	1,8985E-12
4762,8	1,9239E-12
4787,1	2,0704E-12
4811,4	2,1661E-12
4835,7	2,0327E-12
4860	2,0135E-12
4884,3	2,3792E-12
4908,6	2,1965E-12
4932,9	2,2622E-12
4957,2	2,4505E-12
4981,5	2,0305E-12
5005,8	2,4962E-12
5030,1	2,1594E-12
5054,4	2,2352E-12
5078,7	2,368E-12
5103	2,3049E-12
5127,3	2,7253E-12
5151,6	2,4575E-12
5175,9	2,1847E-12
5200,2	2,2771E-12
5224,5	2,4021E-12
5248,8	2,2663E-12
5273,1	2,3659E-12
5297,4	2,2355E-12
5321,7	2,5723E-12
5346	2,5214E-12
5370,3	2,5876E-12
5394,6	2,6906E-12
5418,9	2,5982E-12
5443,2	2,6388E-12
5467,5	2,9306E-12
5491,8	2,2933E-12
5516,1	2,4769E-12
5540,4	3,0554E-12
5564,7	2,8377E-12
5589	2,7519E-12
5613,3	2,8515E-12
5637,6	2,8613E-12
5661,9	2,7564E-12
5686,2	2,8801E-12
5710,5	2,915E-12
5734,8	2,667E-12
5759,1	3,23E-12
5783,4	3,3184E-12
5807,7	3,1598E-12
5832	3,2556E-12
5856,3	3,4298E-12
5880,6	3,3392E-12
5904,9	3,1907E-12
5929,2	3,2994E-12
5953,5	3,4043E-12
5977,8	3,1581E-12
6002,1	2,9531E-12
6026,4	3,1285E-12
6050,7	3,4124E-12
6075	3,1455E-12
6099,3	3,4519E-12
6123,6	3,2713E-12
6147,9	3,7393E-12
6172,2	3,7256E-12
6196,5	3,5938E-12
6220,8	3,6826E-12
6245,1	3,5153E-12
6269,4	3,583E-12
6293,7	4,2098E-12
6318	3,9956E-12
6342,3	3,7028E-12
6366,6	3,7531E-12
6390,9	3,5961E-12
6415,2	3,6324E-12
6439,5	3,7939E-12
6463,8	3,6065E-12
6488,1	3,9024E-12
6512,4	3,9118E-12
6536,7	4,5729E-12
6561	4,164E-12
6585,3	4,0357E-12
6609,6	4,4284E-12
6633,9	4,7964E-12
6658,2	4,2165E-12
6682,5	4,8006E-12
6706,8	4,9934E-12
6731,1	4,5428E-12
6755,4	4,5194E-12
6779,7	4,6547E-12
6804	4,5452E-12
6828,3	4,5924E-12
6852,6	4,7797E-12
6876,9	4,8535E-12
6901,2	4,985E-12
6925,5	4,7013E-12
6949,8	4,9697E-12
6974,1	4,4691E-12
6998,4	4,9262E-12
7022,7	5,1562E-12
7047	4,9611E-12
7071,3	4,9419E-12
7095,6	5,3808E-12
7119,9	4,887E-12
7144,2	5,0867E-12
7168,5	5,3306E-12
7192,8	5,2648E-12
7217,1	5,51E-12
7241,4	5,4923E-12
7265,7	5,7028E-12
7290	6,1703E-12
7314,3	5,43E-12
7338,6	5,7704E-12
7362,9	6,2573E-12
7387,2	6,4274E-12
7411,5	6,2467E-12
7435,8	5,7742E-12
7460,1	6,4536E-12
7484,4	6,0956E-12
7508,7	6,6635E-12
7533	7,1315E-12
7557,3	6,8631E-12
7581,6	6,1017E-12
7605,9	7,0206E-12
7630,2	7,1343E-12
7654,5	7,0889E-12
7678,8	6,8632E-12
7703,1	7,2642E-12
7727,4	7,1137E-12
7751,7	7,1983E-12
7776	7,1532E-12
7800,3	7,8041E-12
7824,6	7,4199E-12
7848,9	7,6822E-12
7873,2	8,2132E-12
7897,5	7,9196E-12
7921,8	7,3855E-12
7946,1	7,5082E-12
7970,4	7,1478E-12
7994,7	7,241E-12
8019	8,0036E-12
8043,3	8,394E-12
8067,6	7,5154E-12
8091,9	8,0371E-12
8116,2	7,7252E-12
8140,5	7,8248E-12
8164,8	8,6073E-12
8189,1	8,7852E-12
8213,4	8,3501E-12
8237,7	8,5533E-12
8262	8,417E-12
8286,3	8,7144E-12
8310,6	8,4943E-12
8334,9	9,2384E-12
8359,2	9,029E-12
8383,5	9,4E-12
8407,8	9,0847E-12
8432,1	9,1052E-12
8456,4	8,5365E-12
8480,7	8,6439E-12
8505	9,6967E-12
8529,3	9,1256E-12
8553,6	9,3257E-12
8577,9	8,8154E-12
8602,2	9,7478E-12
8626,5	1,02706E-11
8650,8	9,0846E-12
8675,1	9,6943E-12
8699,4	1,04106E-11
8723,7	9,9592E-12
8748	9,9441E-12
8772,3	1,02956E-11
8796,6	1,05424E-11
8820,9	1,09051E-11
8845,2	1,00201E-11
8869,5	1,05081E-11
8893,8	1,09893E-11
8918,1	1,12617E-11
8942,4	1,11217E-11
8966,7	1,09481E-11
8991	1,15813E-11
9015,3	1,1097E-11
9039,6	1,09375E-11
9063,9	1,13039E-11
9088,2	1,15769E-11
9112,5	1,22566E-11
9136,8	1,13178E-11
9161,1	1,12257E-11
9185,4	1,15219E-11
9209,7	1,18232E-11
9234	1,23284E-11
9258,3	1,30405E-11
9282,6	1,31157E-11
9306,9	1,28781E-11
9331,2	1,29823E-11
9355,5	1,30554E-11
9379,8	1,25099E-11
9404,1	1,32369E-11
9428,4	1,37269E-11
9452,7	1,36766E-11
9477	1,29006E-11
9501,3	1,37553E-11
9525,6	1,33954E-11
9549,9	1,3876E-11
9574,2	1,34645E-11
9598,5	1,44413E-11
9622,8	1,40336E-11
9647,1	1,44149E-11
9671,4	1,49045E-11
9695,7	1,44633E-11
9720	1,45776E-11
9744,3	1,52601E-11
9768,6	1,47986E-11
9792,9	1,56834E-11
9817,2	1,48504E-11
9841,5	1,55881E-11
9865,8	1,57197E-11
9890,1	1,53894E-11
9914,4	1,66322E-11
9938,7	1,52663E-11
9963	1,63121E-11
9987,3	1,6272E-11
10011,6	1,68592E-11
10035,9	1,71765E-11
10060,2	1,67155E-11
10084,5	1,69909E-11
10108,8	1,64792E-11
10133,1	1,75149E-11
10157,4	1,76033E-11
10181,7	1,74743E-11
10206	1,73184E-11
10230,3	1,66739E-11
10254,6	1,66506E-11
10278,9	1,74869E-11
10303,2	1,86904E-11
10327,5	1,78838E-11
10351,8	1,8632E-11
10376,1	1,82668E-11
10400,4	1,85064E-11
10424,7	1,76633E-11
10449	1,89987E-11
10473,3	1,88648E-11
10497,6	1,84587E-11
10521,9	1,86256E-11
10546,2	2,00463E-11
10570,5	1,89584E-11
10594,8	1,86916E-11
10619,1	1,95147E-11
10643,4	1,98097E-11
10667,7	2,05087E-11
10692	2,02936E-11
10716,3	1,97515E-11
10740,6	2,04138E-11
10764,9	1,96945E-11
10789,2	2,0839E-11
10813,5	2,1461E-11
10837,8	2,1999E-11
10862,1	2,0396E-11
10886,4	2,092E-11
10910,7	2,2306E-11
10935	2,1685E-11
10959,3	2,1745E-11
10983,6	2,265E-11
11007,9	2,2435E-11
11032,2	2,2268E-11
11056,5	2,2721E-11
11080,8	2,2518E-11
11105,1	2,2778E-11
11129,4	2,2611E-11
11153,7	2,2527E-11
11178	2,2004E-11
11202,3	2,2666E-11
11226,6	2,3532E-11
11250,9	2,3795E-11
11275,2	2,3122E-11
11299,5	2,3855E-11
11323,8	2,4823E-11
11348,1	2,6165E-11
11372,4	2,4972E-11
11396,7	2,4747E-11
11433,2	2,5684E-11
11457,4	2,4281E-11
11481,7	2,4126E-11
11506,1	2,505E-11
11530,4	2,4596E-11
11554,7	2,7037E-11
11579	2,6513E-11
11603,3	2,6344E-11
11627,6	2,596E-11
11651,9	2,6093E-11
11676,1	2,7018E-11
11700,5	2,7155E-11
11724,8	2,7939E-11
11749,1	2,6904E-11
11773,4	2,8256E-11
11797,7	2,8023E-11
11822	2,8498E-11
11846,3	2,763E-11
11870,5	2,8936E-11
11894,8	2,8569E-11
11919,2	2,8137E-11
11943,5	2,8249E-11
11967,8	2,9792E-11
11992	2,8986E-11
12016,4	2,9861E-11
12040,7	2,9688E-11
12064,9	2,8715E-11
12089,2	3,0318E-11
12113,6	2,952E-11
12137,9	3,0308E-11
12162,2	3,0947E-11
12186,5	3,213E-11
12210,8	3,1976E-11
12235,1	3,0494E-11
12259,4	3,0829E-11
12283,6	3,0861E-11
12308	3,2489E-11
12332,3	3,2912E-11
12356,6	3,2363E-11
12380,9	3,1985E-11
12405,2	3,1524E-11
12429,5	3,0754E-11
12453,8	3,2101E-11
12478	3,2419E-11
12502,3	3,5094E-11
12526,7	3,2867E-11
12551	3,2478E-11
12575,3	3,3381E-11
12599,6	3,2735E-11
12623,9	3,3544E-11
12648,2	3,4147E-11
12672,5	3,4512E-11
12696,7	3,4309E-11
12721,1	3,4046E-11
12745,4	3,4288E-11
12769,7	3,3879E-11
12794	3,3628E-11
12818,3	3,6456E-11
12842,6	3,6506E-11
12866,9	3,5224E-11
12891,1	3,5648E-11
12915,5	3,6698E-11
12939,8	3,706E-11
12964,1	3,6416E-11
12988,4	3,6473E-11
13012,7	3,7569E-11
13037	3,6287E-11
13061,3	3,7402E-11
13085,5	3,819E-11
13109,8	3,8053E-11
13134,2	3,9061E-11
13158,5	4,0126E-11
13182,8	3,9792E-11
13207,1	3,9712E-11
13231,4	3,9777E-11
13255,7	4,0888E-11
13280	3,828E-11
13304,2	3,8575E-11
13328,6	4,0566E-11
13352,9	3,9217E-11
13377,2	4,13E-11
13401,5	4,1214E-11
13425,8	4,0056E-11
13450,1	4,0147E-11
13474,4	4,209E-11
13498,6	4,2363E-11
13523	4,2199E-11
13547,3	4,3261E-11
13571,6	4,3063E-11
13595,9	4,3309E-11
13620,2	4,2104E-11
13644,5	4,2078E-11
13668,8	4,2396E-11
13693	4,2784E-11
13717,3	4,5825E-11
13741,7	4,6673E-11
13766	4,5264E-11
13790,3	4,327E-11
13814,6	4,5075E-11
13838,9	4,4329E-11
13863,2	4,4177E-11
13887,5	4,5379E-11
13911,7	4,4807E-11
13936,1	4,5052E-11
13960,4	4,7711E-11
13984,7	4,68E-11
14009	4,793E-11
14033,3	4,8985E-11
14057,6	4,8363E-11
14081,9	4,803E-11
14106,1	4,8374E-11
14130,5	4,8849E-11
14154,8	4,9306E-11
14179,1	4,9728E-11
14203,4	4,9398E-11
14227,7	5,0871E-11
14252	5,1484E-11
14276,3	5,0293E-11
14300,6	4,8555E-11
14324,8	5,179E-11
14349,2	5,0792E-11
14373,5	5,1159E-11
14397,8	5,1417E-11
14422,1	5,2805E-11
14446,4	5,2313E-11
14470,7	5,336E-11
14495	5,2546E-11
14519,2	5,1594E-11
14543,6	5,2685E-11
14567,9	5,3611E-11
14592,2	5,4344E-11
14616,5	5,3383E-11
14640,8	5,479E-11
14665,1	5,3665E-11
14689,4	5,4995E-11
14713,6	5,4385E-11
14738	5,4159E-11
14762,3	5,7295E-11
14786,6	5,7255E-11
14810,9	5,7918E-11
14835,2	5,6526E-11
14859,5	5,6316E-11
14883,8	5,6138E-11
14908,1	5,8898E-11
14932,3	5,6896E-11
14956,7	5,7397E-11
14981	5,6865E-11
15005,3	5,9153E-11
15029,6	5,8621E-11
15053,9	6,1002E-11
15078,2	5,8377E-11
15102,5	5,9888E-11
15126,7	5,949E-11
15151,1	5,8415E-11
15175,4	6,153E-11
15199,7	6,0588E-11
15224	6,103E-11
15248,3	6,1275E-11
15272,6	6,1897E-11
15296,9	6,0092E-11
15321,2	6,0562E-11
15345,5	6,1203E-11
15369,8	6,1826E-11
15394,1	6,337E-11
15418,4	6,209E-11
15442,7	6,2241E-11
15467	6,1281E-11
15491,3	6,4907E-11
15515,6	6,4373E-11
15539,8	6,6636E-11
15564,2	6,7003E-11
15588,5	6,7369E-11
15612,8	6,4487E-11
15637,1	6,742E-11
15661,4	6,5812E-11
15685,7	6,5023E-11
15710	6,5954E-11
15734,2	6,7384E-11
15758,6	6,5984E-11
15782,9	6,7145E-11
15807,2	6,9986E-11
15831,5	7,0336E-11
15855,8	6,7522E-11
15880,1	6,5616E-11
15904,4	6,5599E-11
15928,7	6,7586E-11
15953	6,9916E-11
15977,3	6,7776E-11
16001,6	7,1712E-11
16025,9	7,1693E-11
16050,2	7,2701E-11
16074,5	7,2091E-11
16098,8	7,2417E-11
16123	7,2978E-11
16147,3	7,2162E-11
16171,7	7,2235E-11
16195,9	7,3106E-11
16220,3	7,3287E-11
16244,6	7,1246E-11
16268,9	7,1699E-11
16293,2	7,2954E-11
16317,5	7,3048E-11
16341,8	7,6427E-11
16366,1	7,4482E-11
16390,4	7,3322E-11
16414,7	7,6212E-11
16439	7,5341E-11
16463,3	7,5837E-11
16487,6	7,4583E-11
16511,9	7,8887E-11
16536,1	7,8042E-11
16560,5	7,7341E-11
16584,8	7,6236E-11
16609	7,5331E-11
16633,4	7,7897E-11
16657,7	7,9042E-11
16682	7,8667E-11
16706,3	8,0176E-11
16730,6	8,2126E-11
16754,9	8,0471E-11
16779,2	7,9434E-11
16803,5	7,9133E-11
16827,8	8,2216E-11
16852	8,0529E-11
16876,4	8,0997E-11
16900,7	8,2299E-11
16924,9	8,0379E-11
16949,2	8,3552E-11
16973,6	8,3821E-11
16997,8	8,1784E-11
17022,1	7,956E-11
17046,5	8,0594E-11
17070,8	8,1556E-11
17095,1	8,1778E-11
17119,4	8,299E-11
17143,7	8,6793E-11
17168	8,294E-11
17192,3	8,0236E-11
17216,6	8,3537E-11
17240,9	8,382E-11
17265,2	8,4632E-11
17289,5	8,679E-11
17313,8	8,6478E-11
17338	8,7377E-11
17362,3	8,557E-11
17386,7	8,8003E-11
17410,9	8,7281E-11
17435,2	8,5882E-11
17459,6	8,9542E-11
17483,9	8,6277E-11
17508,2	8,8807E-11
17532,5	8,876E-11
17556,8	8,5613E-11
17581,1	8,776E-11
17605,4	8,7128E-11
17629,7	8,6804E-11
17654	8,8894E-11
17678,3	8,8929E-11
17702,6	8,8953E-11
17726,9	8,8969E-11
17751,1	8,9491E-11
17775,5	8,9701E-11
17799,8	8,6734E-11
17824	9,1252E-11
17848,3	9,1776E-11
17872,7	9,2147E-11
17897	9,1208E-11
17921,3	9,1977E-11
17945,6	9,135E-11
17969,9	9,4284E-11
17994,2	9,0782E-11
18018,5	9,1613E-11
18042,8	9,3664E-11
18067,1	9,3411E-11
18091,4	9,4982E-11
18115,7	9,5677E-11
18140	9,2979E-11
18164,2	9,1338E-11
18188,6	9,4982E-11
18212,9	9,2502E-11
18237,1	9,8294E-11
18261,4	9,8521E-11
18285,8	9,6421E-11
18310,1	9,6284E-11
18334,4	9,5383E-11
18358,7	9,944E-11
18383	9,8269E-11
18407,3	9,6924E-11
18431,6	9,8249E-11
18455,9	9,4714E-11
18480,2	9,6567E-11
18504,5	9,6544E-11
18528,8	9,6911E-11
18553	9,9368E-11
18577,3	9,6739E-11
18601,7	9,6975E-11
18625,9	9,897E-11
18650,2	9,8909E-11
18674,5	9,9429E-11
18698,9	9,9088E-11
18723,2	9,6888E-11
18747,5	9,7747E-11
18771,8	1,0051E-10
18796,1	1,02316E-10
18820,4	1,01791E-10
18844,7	9,9415E-11
18869	1,01458E-10
18893,3	9,6734E-11
18917,6	9,7513E-11
18941,9	9,98E-11
18966,1	1,00263E-10
18990,5	1,02128E-10
19014,8	1,03351E-10
19039	1,03112E-10
19063,3	1,00867E-10
19087,7	1,01372E-10
19112	1,04566E-10
19136,3	9,9903E-11
19160,6	1,02612E-10
19184,9	1,01068E-10
19209,2	1,03302E-10
19233,5	1,03302E-10
19257,8	1,02663E-10
19282,1	1,02397E-10
19306,4	1,0577E-10
19330,7	1,04694E-10
19355	1,05237E-10
19379,2	1,08773E-10
19403,6	1,05372E-10
19427,9	1,03775E-10
19452,2	1,03793E-10
19476,5	1,00862E-10
19500,8	1,04749E-10
19525,1	1,06969E-10
19549,4	1,07477E-10
19573,7	1,06247E-10
19598	1,05791E-10
19622,3	1,0503E-10
19646,6	1,06884E-10
19670,9	1,0946E-10
19695,2	1,0837E-10
19719,5	1,05704E-10
19743,8	1,07907E-10
19768,1	1,05602E-10
19792,3	1,05462E-10
19816,6	1,07473E-10
19840,9	1,06166E-10
19865,3	1,0766E-10
19889,6	1,09933E-10
19913,9	1,09069E-10
19938,2	1,07846E-10
19962,5	1,07185E-10
19986,8	1,07732E-10
20011,1	1,07145E-10
20035,4	1,09191E-10
20059,7	1,08689E-10
20084	1,10109E-10
20108,3	1,07022E-10
20132,6	1,07668E-10
20156,9	1,11356E-10
20181,2	1,08129E-10
20205,4	1,07601E-10
20229,7	1,05732E-10
20254,1	1,07432E-10
20278,4	1,06847E-10
20302,7	1,11052E-10
20327	1,11522E-10
20351,3	1,08541E-10
20375,6	1,07227E-10
20399,9	1,05264E-10
20424,2	1,03832E-10
20448,4	1,06076E-10
20472,8	1,08566E-10
20497,1	1,07546E-10
20521,4	1,10159E-10
20545,7	1,0817E-10
20570	1,07547E-10
20594,2	1,05941E-10
20618,5	1,09452E-10
20642,8	1,05659E-10
20667,2	1,06435E-10
20691,5	1,07268E-10
20715,8	1,11204E-10
20740,1	1,10462E-10
20764,4	1,09279E-10
20788,7	1,05973E-10
20813	1,06062E-10
20837,3	1,06635E-10
20861,6	1,0642E-10
20885,9	1,074E-10
20910,2	1,07535E-10
20934,5	1,07241E-10
20958,8	1,07266E-10
20983,1	1,09864E-10
21007,3	1,07118E-10
21031,6	1,06106E-10
21055,9	1,09405E-10
21080,3	1,05901E-10
21104,6	1,05749E-10
21128,9	1,06547E-10
21153,2	1,06791E-10
21177,5	1,08121E-10
21201,8	1,0517E-10
21226,1	1,04757E-10
21250,4	1,07453E-10
21274,7	1,08623E-10
21299	1,05479E-10
21323,3	1,0727E-10
21347,6	1,06799E-10
21371,9	1,06778E-10
21396,2	1,09211E-10
21420,4	1,0485E-10
21444,7	1,04175E-10
21469,1	1,03955E-10
21493,4	1,03263E-10
21517,7	1,03593E-10
21542	1,01547E-10
21566,3	1,02032E-10
21590,6	1,02149E-10
21614,9	1,0336E-10
21639,2	1,01726E-10
21663,5	1,03818E-10
21687,8	1,04196E-10
21712,1	1,02369E-10
21736,4	9,9234E-11
21760,7	1,00284E-10
21785	1,01046E-10
21809,3	1,00628E-10
21833,5	9,9264E-11
21857,8	1,01036E-10
21882,2	9,8403E-11
21906,5	9,9674E-11
21930,8	1,03879E-10
21955,1	1,01785E-10
21979,4	1,00619E-10
22003,7	9,6804E-11
22028	1,01023E-10
22052,3	1,01157E-10
22076,6	9,8872E-11
22100,9	9,7145E-11
22125,2	9,9189E-11
22149,5	9,7925E-11
22173,8	9,6519E-11
22198,1	9,5929E-11
22222,3	9,7516E-11
22246,6	9,351E-11
22270,9	9,2946E-11
22295,3	9,6101E-11
22319,6	9,3501E-11
22343,9	9,4076E-11
22368,1	9,4292E-11
22392,5	9,1351E-11
22416,8	9,3317E-11
22441,1	9,3346E-11
22465,4	9,2074E-11
22489,7	9,1396E-11
22514	8,9864E-11
22538,3	9,1878E-11
22562,6	9,1847E-11
22586,9	9,023E-11
22611,2	8,978E-11
22635,4	8,7639E-11
22659,7	8,6017E-11
22684,1	8,5905E-11
22708,4	8,358E-11
22732,7	8,5981E-11
22757	8,6988E-11
22781,2	8,4896E-11
22805,6	8,605E-11
22829,9	8,3274E-11
22854,2	8,3901E-11
22878,5	8,3868E-11
22902,8	8,3574E-11
22927,1	8,6034E-11
22951,4	8,1495E-11
22975,7	8,39E-11
23000	7,9327E-11
23024,3	7,8549E-11
23048,5	8,0101E-11
23072,8	7,889E-11
23097,2	7,8971E-11
23121,5	7,7108E-11
23145,8	7,6759E-11
23170,1	7,7683E-11
23194,4	7,6535E-11
23218,7	7,7123E-11
23243	7,6327E-11
23267,3	7,2121E-11
23291,6	7,3823E-11
23315,9	7,064E-11
23340,2	7,1165E-11
23364,5	7,0707E-11
23388,8	7,2242E-11
23413,1	7,1619E-11
23437,4	6,9312E-11
23461,6	6,8411E-11
23485,9	6,438E-11
23510,3	6,417E-11
23534,6	6,3812E-11
23558,9	6,3735E-11
23583,2	6,2668E-11
23607,5	6,1393E-11
23631,8	6,244E-11
23656,1	6,0238E-11
23680,4	6,0592E-11
23704,7	5,9332E-11
23729	5,7584E-11
23753,3	5,7699E-11
23777,6	5,7089E-11
23801,9	5,3491E-11
23826,2	5,4041E-11
23850,4	5,3822E-11
23874,7	5,3526E-11
23899,1	5,1428E-11
23923,4	4,8859E-11
23947,7	4,7067E-11
23972	4,6208E-11
23996,2	4,3938E-11
24020,6	4,2733E-11
24044,9	4,3349E-11
24069,2	4,1131E-11
24093,5	3,9605E-11
24117,8	3,691E-11
24142,1	3,7202E-11
24166,4	3,6873E-11
24190,7	3,4295E-11
24215	3,1789E-11
24239,3	3,0705E-11
24263,5	2,9004E-11
24287,8	2,7202E-11
24312,2	2,5092E-11
24336,5	2,363E-11
24360,8	2,2002E-11
24385,1	1,8615E-11
24409,3	1,83103E-11
24433,7	1,79219E-11
24458	1,66068E-11
24482,3	1,41853E-11
24506,6	1,21449E-11
24530,9	1,1558E-11
24555,2	1,07171E-11
24579,5	8,5679E-12
24603,8	8,0561E-12
24628,1	6,9826E-12
24652,4	5,4391E-12
24676,6	5,9201E-12
24700,9	4,9987E-12
24725,3	3,9503E-12
24749,6	3,5177E-12
24773,9	3,0348E-12
24798,2	2,0783E-12
24822,4	2,0143E-12
24846,8	1,5992E-12
24871,1	1,2997E-12
24895,4	1,0892E-12
24919,7	1,0307E-12
24944	9,161E-13
24968,3	9,621E-13
24992,6	8,859E-13
25016,9	7,211E-13
25041,2	6,84E-13
25065,5	6,686E-13
25089,7	6,647E-13
25114,1	6,59E-13
25138,4	5,991E-13
25162,7	6,765E-13
25187	5,791E-13
26000	5,791E-13
27000	5,791E-13