E,eV	I,A
0	4,4452E-11
1000,55	4,4452E-11
1022,53	4,4452E-11
1044,52	4,4334E-11
1066,51	4,4452E-11
1088,5	4,2652E-11
1110,5	4,4452E-11
1132,48	4,4452E-11
1154,47	4,4452E-11
1176,47	4,1156E-11
1198,46	3,8955E-11
1220,45	3,8184E-11
1242,43	3,3379E-11
1264,42	3,527E-11
1286,41	3,0301E-11
1308,4	2,754E-11
1330,39	2,554E-11
1352,38	2,1363E-11
1374,37	2,3023E-11
1396,36	2,0549E-11
1418,36	2,1703E-11
1440,34	2,1036E-11
1462,33	2,0045E-11
1484,32	2,5631E-11
1506,32	2,4295E-11
1528,3	2,1606E-11
1550,29	2,8536E-11
1572,28	2,9983E-11
1594,27	3,1896E-11
1616,26	3,3053E-11
1638,25	3,5498E-11
1660,24	3,6481E-11
1682,23	4,2055E-11
1704,22	5,1509E-11
1726,22	4,4582E-11
1748,21	4,3323E-11
1770,19	3,7952E-11
1792,18	2,9215E-11
1814,17	2,216E-11
1836,16	2,166E-11
1858,15	1,92373E-11
1880,14	1,5426E-11
1902,13	1,68466E-11
1924,12	1,74096E-11
1946,11	1,30512E-11
1968,1	1,13325E-11
1990,09	1,13513E-11
2012,08	1,18118E-11
2034,08	9,3666E-12
2056,06	7,9869E-12
2078,05	6,6122E-12
2100,04	6,6484E-12
2122,03	5,182E-12
2144,02	7,6578E-12
2166,01	7,2657E-12
2188	5,7856E-12
2209,99	7,7777E-12
2231,98	5,6077E-12
2253,97	6,9189E-12
2275,96	7,063E-12
2297,95	5,4456E-12
2319,94	4,7169E-12
2341,93	6,2043E-12
2363,92	7,0406E-12
2385,91	7,4159E-12
2407,9	8,8976E-12
2429,89	7,2828E-12
2451,88	7,1823E-12
2473,87	6,3378E-12
2495,86	6,1133E-12
2517,85	7,7199E-12
2539,84	9,2344E-12
2561,83	1,01824E-11
2583,83	9,542E-12
2605,81	1,06802E-11
2627,8	8,4997E-12
2649,8	8,8363E-12
2671,78	7,5876E-12
2693,78	8,1488E-12
2715,77	8,402E-12
2737,75	7,029E-12
2759,74	9,4531E-12
2781,73	1,00356E-11
2803,72	8,656E-12
2825,71	7,5089E-12
2847,7	7,5063E-12
2869,69	6,0378E-12
2891,68	7,2843E-12
2913,67	9,3895E-12
2935,66	7,1477E-12
2957,65	7,0799E-12
2979,64	1,00681E-11
3001,63	9,5324E-12
3023,63	9,8679E-12
3045,61	1,0931E-11
3067,6	8,6511E-12
3089,59	7,044E-12
3111,58	8,658E-12
3133,57	8,171E-12
3155,56	7,992E-12
3177,55	5,6487E-12
3199,55	8,3423E-12
3221,53	9,3931E-12
3243,52	9,1924E-12
3265,52	7,6311E-12
3287,5	8,6096E-12
3309,49	1,14676E-11
3331,48	8,2892E-12
3353,47	9,6736E-12
3375,46	6,9576E-12
3397,45	8,8482E-12
3419,44	9,2261E-12
3441,43	1,09907E-11
3463,42	6,7865E-12
3485,41	7,4559E-12
3507,4	7,952E-12
3529,39	6,4933E-12
3551,38	9,4085E-12
3573,37	8,5598E-12
3595,36	1,07838E-11
3617,35	7,5862E-12
3639,34	9,0071E-12
3661,33	8,759E-12
3683,32	1,04604E-11
3705,31	9,3479E-12
3727,3	7,1155E-12
3749,3	7,6683E-12
3771,28	9,0123E-12
3793,27	9,8504E-12
3815,27	9,0937E-12
3837,25	7,0906E-12
3859,24	8,6279E-12
3881,23	8,7211E-12
3903,22	6,8282E-12
3925,21	1,0141E-11
3947,2	8,108E-12
3969,19	9,3473E-12
3991,18	1,02647E-11
4013,17	8,3812E-12
4035,16	8,997E-12
4057,15	7,6686E-12
4079,14	1,05528E-11
4101,13	9,849E-12
4123,12	8,3159E-12
4145,11	7,243E-12
4167,1	9,1669E-12
4189,1	1,03494E-11
4211,08	1,1153E-11
4233,07	8,1331E-12
4255,07	7,5658E-12
4277,05	8,8897E-12
4299,04	6,7444E-12
4321,04	6,7243E-12
4343,02	8,7505E-12
4365,01	7,6236E-12
4387,01	8,0509E-12
4408,99	6,3043E-12
4430,98	7,4611E-12
4452,97	1,03049E-11
4474,97	7,1074E-12
4496,95	8,2332E-12
4518,95	7,1845E-12
4540,93	6,5224E-12
4562,92	6,2344E-12
4584,91	8,8185E-12
4606,91	8,2413E-12
4628,89	8,7818E-12
4650,88	6,0944E-12
4672,87	6,9241E-12
4694,86	8,6387E-12
4716,85	8,8674E-12
4738,84	8,4849E-12
4760,84	6,6438E-12
4782,82	6,989E-12
4804,81	8,0983E-12
4826,8	7,718E-12
4848,79	1,1745E-11
4870,78	1,04753E-11
4892,77	6,9538E-12
4914,76	8,5539E-12
4936,75	6,3429E-12
4958,74	9,1378E-12
4980,74	7,259E-12
5002,72	7,3152E-12
5024,71	1,0118E-11
5046,7	9,1676E-12
5068,69	6,4791E-12
5090,68	9,1359E-12
5112,68	6,0677E-12
5134,66	7,4286E-12
5156,65	6,6857E-12
5178,64	7,3585E-12
5200,64	6,5776E-12
5222,62	7,1621E-12
5244,61	5,8785E-12
5266,6	7,21E-12
5288,59	6,4466E-12
5310,58	5,229E-12
5332,57	7,0419E-12
5354,57	7,1926E-12
5376,55	7,0232E-12
5398,54	6,8233E-12
5420,53	7,3212E-12
5442,52	4,6962E-12
5464,51	4,4818E-12
5486,51	4,4691E-12
5508,49	6,4864E-12
5530,48	7,901E-12
5552,47	7,5626E-12
5574,47	7,0244E-12
5596,45	1,01542E-11
5618,45	9,9069E-12
5640,43	7,594E-12
5662,42	7,515E-12
5684,41	6,9662E-12
5706,41	6,8139E-12
5728,39	5,567E-12
5750,38	5,1431E-12
5772,37	6,7085E-12
5794,36	7,6646E-12
5816,35	6,0659E-12
5838,34	5,8989E-12
5860,34	5,7652E-12
5882,32	7,3856E-12
5904,31	7,4828E-12
5926,3	5,9273E-12
5948,29	6,3775E-12
5970,28	6,6327E-12
5992,27	5,6103E-12
6014,26	8,6079E-12
6036,25	7,5817E-12
6058,24	5,7584E-12
6080,24	6,9643E-12
6102,22	6,5356E-12
6124,21	6,6942E-12
6146,2	8,386E-12
6168,19	5,6611E-12
6190,18	6,2706E-12
6212,18	7,8956E-12
6234,16	9,4438E-12
6256,15	7,6182E-12
6278,14	6,9998E-12
6300,14	7,8063E-12
6322,12	7,1329E-12
6344,11	6,2802E-12
6366,1	7,7289E-12
6388,09	8,5126E-12
6410,08	6,3286E-12
6432,07	7,3165E-12
6454,06	6,9629E-12
6476,05	8,4851E-12
6498,04	7,8615E-12
6520,03	8,001E-12
6542,02	8,1445E-12
6564,01	8,2196E-12
6586,01	7,1387E-12
6607,99	6,9806E-12
6629,98	8,2812E-12
6651,97	7,9238E-12
6673,96	8,4814E-12
6695,95	9,0786E-12
6717,95	9,6155E-12
6739,93	6,9746E-12
6761,92	8,5442E-12
6783,91	8,5408E-12
6805,91	6,2838E-12
6827,89	7,1728E-12
6849,88	8,7867E-12
6871,87	8,7233E-12
6893,86	9,1731E-12
6915,85	7,6106E-12
6937,84	1,15879E-11
6959,83	8,2171E-12
6981,82	8,1924E-12
7003,81	1,07852E-11
7025,8	8,7633E-12
7047,79	8,8972E-12
7069,78	9,3092E-12
7091,77	7,3307E-12
7113,76	1,18266E-11
7135,75	1,03534E-11
7157,74	9,9465E-12
7179,73	9,1651E-12
7201,72	8,2946E-12
7223,71	8,962E-12
7245,7	1,05029E-11
7267,69	1,07306E-11
7289,68	1,16848E-11
7311,68	1,21589E-11
7333,66	1,13623E-11
7355,65	9,4345E-12
7377,64	6,5757E-12
7399,63	6,6459E-12
7421,62	7,1176E-12
7443,61	7,7798E-12
7465,6	8,7942E-12
7487,59	7,6616E-12
7509,58	9,5568E-12
7531,57	7,7262E-12
7553,56	8,7484E-12
7575,55	1,00951E-11
7597,54	7,1718E-12
7619,53	1,09829E-11
7641,52	9,3027E-12
7663,51	5,4899E-12
7685,51	7,8996E-12
7707,49	6,8446E-12
7729,48	9,245E-12
7751,47	8,033E-12
7773,46	9,38E-12
7795,45	1,0177E-11
7817,45	1,03506E-11
7839,43	8,0869E-12
7861,42	8,1031E-12
7883,41	8,2302E-12
7905,41	9,8534E-12
7927,39	7,3632E-12
7949,38	9,2606E-12
7971,37	9,9541E-12
7993,36	4,9943E-12
8015,35	6,1843E-12
8037,34	9,5432E-12
8059,33	6,2485E-12
8081,32	8,5506E-12
8103,32	7,064E-12
8125,3	8,2782E-12
8147,29	7,6508E-12
8169,28	7,0871E-12
8191,27	8,1221E-12
8213,26	7,0334E-12
8235,26	7,493E-12
8257,24	7,4418E-12
8279,23	8,4461E-12
8301,22	9,2961E-12
8323,21	1,04732E-11
8345,2	8,9219E-12
8367,2	8,7245E-12
8389,18	6,8648E-12
8411,18	6,8638E-12
8433,16	1,02565E-11
8455,15	8,7841E-12
8477,15	7,2358E-12
8499,13	7,3014E-12
8521,12	5,9188E-12
8543,11	8,5293E-12
8565,1	8,2093E-12
8587,09	1,09574E-11
8609,09	8,7128E-12
8631,07	1,11573E-11
8653,06	8,3998E-12
8675,05	9,9902E-12
8697,04	9,3494E-12
8719,03	6,983E-12
8741,02	7,7863E-12
8763,01	8,2431E-12
8785	8,3352E-12
8806,99	1,06856E-11
8828,98	6,4887E-12
8850,98	9,7725E-12
8872,96	8,8516E-12
8894,95	1,04949E-11
8916,94	7,905E-12
8938,94	1,13522E-11
8960,92	8,0649E-12
8982,91	1,13594E-11
9004,9	9,6113E-12
9026,89	9,9718E-12
9048,89	7,5262E-12
9070,87	8,9537E-12
9092,86	1,10574E-11
9114,85	9,7617E-12
9136,84	1,07156E-11
9158,83	9,9419E-12
9180,82	9,5893E-12
9202,81	1,02865E-11
9224,8	9,4953E-12
9246,79	1,14833E-11
9268,78	1,36015E-11
9290,77	9,8123E-12
9312,77	1,15884E-11
9334,75	9,5584E-12
9356,74	1,22198E-11
9378,73	1,19486E-11
9400,72	1,01601E-11
9422,72	8,7872E-12
9444,7	1,20414E-11
9466,69	1,28804E-11
9488,69	9,4791E-12
9510,67	9,5526E-12
9532,66	1,53881E-11
9554,65	1,35678E-11
9576,65	9,3303E-12
9598,63	1,17839E-11
9620,62	1,22665E-11
9630,76	1,00011E-11
9648,08	1,1045E-11
9665,4	1,21228E-11
9682,72	1,41738E-11
9700,04	9,5977E-12
9717,37	1,11938E-11
9734,69	1,3802E-11
9752,01	1,23567E-11
9769,33	1,06736E-11
9786,65	1,18551E-11
9803,97	1,50976E-11
9821,3	1,24612E-11
9838,62	1,33881E-11
9855,94	1,21812E-11
9873,26	1,27434E-11
9890,58	1,52088E-11
9907,9	1,43423E-11
9925,22	1,50291E-11
9942,55	1,47894E-11
9959,87	1,12196E-11
9977,19	1,16753E-11
9994,51	1,33752E-11
10011,8	1,33007E-11
10029,2	1,36071E-11
10046,5	1,08364E-11
10063,8	1,624E-11
10081,1	1,28959E-11
10098,4	1,43894E-11
10115,8	1,40267E-11
10133,1	1,31196E-11
10150,4	1,47066E-11
10167,7	1,43625E-11
10185	1,08778E-11
10202,4	1,17789E-11
10219,7	1,05542E-11
10237	1,37663E-11
10254,3	1,16959E-11
10271,7	1,10806E-11
10289	1,70126E-11
10306,3	1,62174E-11
10323,6	1,46259E-11
10340,9	1,74144E-11
10358,3	1,17455E-11
10375,6	1,37804E-11
10392,9	1,85262E-11
10410,2	1,44133E-11
10427,6	1,43571E-11
10444,9	1,54718E-11
10462,2	1,88811E-11
10479,5	1,4123E-11
10496,8	1,78848E-11
10514,2	1,8291E-11
10531,5	1,85809E-11
10548,8	1,76586E-11
10566,1	1,36673E-11
10583,4	1,62956E-11
10600,8	1,49621E-11
10618,1	1,39253E-11
10635,4	1,51046E-11
10652,7	1,61226E-11
10670,1	1,91785E-11
10687,4	1,98032E-11
10704,7	1,82419E-11
10722	1,78427E-11
10739,3	2,00653E-11
10756,7	1,82425E-11
10774	1,80976E-11
10791,3	1,94877E-11
10808,6	1,68917E-11
10825,9	1,51298E-11
10843,3	1,70775E-11
10860,6	1,80316E-11
10877,9	2,05534E-11
10895,2	1,81852E-11
10912,6	1,90003E-11
10929,9	1,69697E-11
10947,2	1,92842E-11
10964,5	1,8656E-11
10981,8	1,87865E-11
10999,2	1,94766E-11
11016,5	1,56611E-11
11033,8	2,01039E-11
11051,1	2,04075E-11
11068,4	1,91054E-11
11085,8	1,96493E-11
11103,1	2,01939E-11
11120,4	1,60414E-11
11137,7	2,4569E-11
11155,1	1,81652E-11
11172,4	1,7335E-11
11189,7	1,87554E-11
11207	1,86548E-11
11224,3	2,0925E-11
11241,7	2,0969E-11
11259	1,89967E-11
11276,3	2,1035E-11
11293,6	2,2616E-11
11311	2,0362E-11
11328,3	1,90981E-11
11345,6	1,92545E-11
11362,9	1,948E-11
11380,2	2,7383E-11
11397,6	2,3825E-11
11414,9	2,4233E-11
11432,2	2,1271E-11
11449,5	2,0332E-11
11466,8	2,354E-11
11484,2	2,5823E-11
11501,5	2,299E-11
11518,8	2,5666E-11
11536,1	2,1741E-11
11553,5	2,3631E-11
11570,8	2,6222E-11
11588,1	2,6523E-11
11605,4	2,4865E-11
11622,7	2,1539E-11
11640,1	2,5268E-11
11657,4	2,3745E-11
11674,7	3,2391E-11
11692	2,6833E-11
11709,3	2,7276E-11
11726,7	2,6796E-11
11744	3,0674E-11
11761,3	2,6027E-11
11778,6	2,5406E-11
11796	2,8197E-11
11813,3	2,4322E-11
11830,6	2,3947E-11
11847,9	3,1632E-11
11865,2	2,9337E-11
11882,6	2,9473E-11
11899,9	2,73E-11
11917,2	3,1645E-11
11934,5	3,0512E-11
11951,9	3,437E-11
11969,2	3,0501E-11
11986,5	3,1986E-11
12003,8	3,4217E-11
12021,1	2,8132E-11
12038,5	3,5584E-11
12055,8	2,9995E-11
12073,1	2,9942E-11
12090,4	3,5144E-11
12107,7	2,9104E-11
12125,1	3,1852E-11
12142,4	3,0559E-11
12159,7	2,8967E-11
12177	2,8847E-11
12194,4	2,7031E-11
12211,7	2,5469E-11
12229	3,2006E-11
12246,3	3,3407E-11
12263,6	2,7373E-11
12281	3,1428E-11
12298,3	2,9979E-11
12315,6	2,6537E-11
12332,9	3,0327E-11
12350,2	3,6177E-11
12367,6	2,9048E-11
12384,9	3,3901E-11
12402,2	3,0556E-11
12419,5	3,7102E-11
12436,9	2,7567E-11
12454,2	3,7862E-11
12471,5	4,0248E-11
12488,8	4,2947E-11
12506,1	3,4059E-11
12523,5	3,7182E-11
12540,8	3,5965E-11
12558,1	4,0886E-11
12575,4	3,5094E-11
12592,7	3,7903E-11
12610,1	3,6581E-11
12627,4	3,4405E-11
12644,7	3,6014E-11
12662	4,0905E-11
12679,4	3,784E-11
12696,7	3,9932E-11
12714	4,4656E-11
12731,3	4,1379E-11
12748,6	3,9999E-11
12766	4,4034E-11
12783,3	4,0983E-11
12800,6	4,0404E-11
12817,9	3,9729E-11
12835,3	4,1969E-11
12852,6	4,0605E-11
12869,9	3,9398E-11
12887,2	4,3259E-11
12904,5	4,1277E-11
12921,9	3,9499E-11
12939,2	4,0621E-11
12956,5	4,3717E-11
12973,8	3,9805E-11
12991,1	4,4051E-11
13008,5	4,8625E-11
13025,8	4,315E-11
13043,1	4,441E-11
13060,4	4,7665E-11
13077,8	4,9136E-11
13095,1	4,4563E-11
13112,4	4,7576E-11
13129,7	4,7847E-11
13147	4,4872E-11
13164,4	4,2307E-11
13181,7	4,0604E-11
13199	4,6136E-11
13216,3	4,9214E-11
13233,6	4,594E-11
13251	5,056E-11
13268,3	5,6003E-11
13285,6	5,1651E-11
13302,9	4,8773E-11
13320,3	4,8864E-11
13337,6	5,7052E-11
13354,9	5,7446E-11
13372,2	5,0224E-11
13389,5	5,6714E-11
13406,9	5,233E-11
13424,2	5,4129E-11
13441,5	5,6618E-11
13458,8	5,2936E-11
13476,1	5,6076E-11
13493,5	4,8725E-11
13510,8	5,8399E-11
13528,1	5,5853E-11
13545,4	5,6591E-11
13562,8	5,8047E-11
13580,1	5,5475E-11
13597,4	5,7305E-11
13614,7	5,5806E-11
13632	5,5833E-11
13649,4	5,881E-11
13666,7	6,1407E-11
13684	6,5326E-11
13701,3	6,5163E-11
13718,7	5,8732E-11
13736	6,3492E-11
13753,3	5,8117E-11
13770,6	6,1717E-11
13787,9	7,0694E-11
13805,3	6,6555E-11
13822,6	6,4636E-11
13839,9	7,9511E-11
13857,2	7,5042E-11
13874,5	6,8808E-11
13891,9	7,8042E-11
13909,2	6,2931E-11
13926,5	7,192E-11
13943,8	6,8328E-11
13961,2	7,6578E-11
13978,5	7,4445E-11
13995,8	7,2496E-11
14013,1	8,0509E-11
14030,4	8,4672E-11
14047,8	9,2385E-11
14065,1	8,6297E-11
14082,4	8,5924E-11
14099,7	8,1245E-11
14117	7,3948E-11
14134,4	8,9722E-11
14151,7	8,0775E-11
14169	8,6211E-11
14186,3	8,4993E-11
14203,7	8,8603E-11
14221	1,01042E-10
14238,3	9,5824E-11
14255,6	8,8901E-11
14272,9	1,01241E-10
14290,3	9,479E-11
14307,6	9,8102E-11
14324,9	1,13762E-10
14342,2	1,08079E-10
14359,6	1,15929E-10
14376,9	1,11441E-10
14394,2	1,12765E-10
14411,5	1,18386E-10
14428,8	1,18047E-10
14446,2	1,241E-10
14463,5	1,2134E-10
14480,8	1,316E-10
14498,1	1,32292E-10
14515,4	1,3962E-10
14532,8	1,46792E-10
14550,1	1,39027E-10
14567,4	1,40638E-10
14584,7	1,34244E-10
14602,1	1,449E-10
14619,4	1,55479E-10
14636,7	1,53119E-10
14654	1,48231E-10
14671,3	1,43372E-10
14688,7	1,34387E-10
14706	1,27485E-10
14723,3	1,26623E-10
14740,6	1,22783E-10
14757,9	1,05989E-10
14775,3	1,07821E-10
14792,6	1,01971E-10
14809,9	9,1136E-11
14827,2	9,6171E-11
14844,6	8,5049E-11
14861,9	7,9189E-11
14879,2	7,9804E-11
14896,5	7,4654E-11
14913,8	7,7832E-11
14931,2	7,3402E-11
14948,5	6,5757E-11
14965,8	6,6622E-11
14983,1	6,6878E-11
15000,4	7,0164E-11
15017,8	6,1014E-11
15035,1	5,5568E-11
15052,4	6,2468E-11
15069,7	6,5866E-11
15087,1	5,9853E-11
15104,4	5,9803E-11
15121,7	5,4503E-11
15139	6,0031E-11
15156,3	5,2373E-11
15173,7	5,5857E-11
15191	5,4196E-11
15208,3	4,8097E-11
15225,6	4,4508E-11
15243	4,9586E-11
15260,3	4,5221E-11
15277,6	3,8433E-11
15294,9	4,483E-11
15312,2	4,5283E-11
15329,6	4,128E-11
15346,9	4,5566E-11
15364,2	4,3051E-11
15381,5	4,1494E-11
15398,8	4,4005E-11
15416,2	4,7274E-11
15433,5	3,5588E-11
15450,8	4,0783E-11
15468,1	4,0572E-11
15485,5	3,6147E-11
15502,8	4,4225E-11
15520,1	3,7845E-11
15537,4	3,4289E-11
15554,7	3,1555E-11
15572,1	3,0728E-11
15589,4	3,2733E-11
15606,7	3,851E-11
15624	3,8366E-11
15641,3	3,2854E-11
15658,7	2,6677E-11
15676	2,3281E-11
15693,3	2,6539E-11
15710,6	2,3785E-11
15728	2,2898E-11
15745,3	2,3841E-11
15762,6	2,5787E-11
15779,9	2,5795E-11
15797,2	2,9437E-11
15814,6	2,1262E-11
15831,9	2,0005E-11
15849,2	1,84536E-11
15866,5	1,30485E-11
15883,9	1,19694E-11
15901,2	1,10578E-11
15918,5	1,4083E-11
15935,8	9,5398E-12
15953,1	7,7551E-12
15970,5	1,16551E-11
15987,8	7,9782E-12
16005,1	5,4243E-12
16022,4	9,558E-12
16039,7	1,1002E-11
16057,1	7,2561E-12
16074,4	6,5054E-12
16091,7	6,2718E-12
16109	4,7754E-12
16126,4	5,3849E-12
16143,7	5,63E-12
16161	4,2932E-12
16178,3	1,6153E-12
16195,6	4,1938E-12
16213	1,885E-12
16230,3	2,9549E-12
16247,6	2,0659E-12
16264,9	1,9848E-12
16282,2	1,9731E-12
16299,6	1,6402E-12
16316,9	1,4134E-12
16334,2	1,6413E-12
16351,5	1,7669E-12
16368,9	1,4426E-12
16386,2	1,3162E-12
16403,5	1,0943E-12
16420,8	4,803E-13
16438,1	4,974E-13
16455,5	9,508E-13
16472,8	5,191E-13
16490,1	8,295E-13
16507,4	4,328E-13
16524,7	1,581E-13
16542,1	4,212E-13
16559,4	3E-13
16576,7	1,1946E-12
16594	4,687E-13
16611,4	5,871E-13
16628,7	4,722E-13
16646	-1,549E-13
16663,3	5,062E-13
16680,6	5,349E-13
16698	4,44E-14
16715,3	3,228E-13
16732,6	9,04E-14
16749,9	6,949E-13
16767,3	1,883E-13
16784,6	3,26E-13
16801,9	3,949E-13
16819,2	-7,003E-13
16836,5	-1,484E-13
16853,9	4,639E-13
16871,2	3,997E-13
16888,5	1,244E-13
16905,8	6,449E-13
16923,1	7,01E-13
16940,5	2,075E-13
16957,8	3,121E-13
16975,1	-3,81E-14
16992,4	2,334E-13
17009,8	3,19E-13
17027,1	3,59E-13
17044,4	4,347E-13
17061,7	6,779E-13
17079	1,247E-13
17096,4	1,744E-13
17113,7	3,39E-13
17131	4,044E-13
17148,3	-5,93E-14
17165,6	2,47E-14
17183	5,687E-13
17200,3	7,54E-14
17217,6	4,804E-13
17234,9	-6,56E-14
17252,3	-7,88E-14
17269,6	2,256E-13
17286,9	2,618E-13
17304,2	2,7E-14
17321,5	-1,052E-13
17338,9	7,56E-14
17356,2	3,76E-14
17373,5	-1,83E-14
17390,8	1,401E-13
17408,1	2,328E-13
17425,5	1,396E-13
17442,8	3,445E-13
17460,1	4,265E-13
17477,4	-5,84E-14
17494,8	-1,132E-13
17512,1	-1,93E-14
17529,4	6,944E-13
17546,7	2,671E-13
17564	2,31E-13
17581,4	2,106E-13
17598,7	1,157E-13
17616	5,599E-13
17633,3	-1,78E-13
17650,7	-5,05E-14
17668	3,888E-13
17685,3	7,95E-14
17702,6	3,684E-13
17719,9	1,072E-13
17737,3	5,927E-13
17754,6	-1,306E-13
17771,9	3,032E-13
17789,2	4,132E-13
17806,5	-5,38E-14
17823,9	3,437E-13
17841,2	1,074E-13
17858,5	2,501E-13
17875,8	3,758E-13
17893,2	2,195E-13
17910,5	4,13E-14
17927,8	1,477E-13
17945,1	3,092E-13
17962,4	1,72E-14
17979,8	5,06E-14
17997,1	1,041E-13
18014,4	-1,291E-13
18031,7	6,016E-13
18049	1,956E-13
18066,4	1,062E-13
18083,7	5,366E-13
18101	1,697E-13
18118,3	-2,25E-14
18135,7	5,516E-13
18153	4,35E-14
18170,3	2,807E-13
18187,6	6,77E-14
18204,9	2,065E-13
18222,3	1,861E-13
18239,6	-7,62E-14
18256,9	3,81E-13
18274,2	4,8E-15
18291,6	2,396E-13
18308,9	3,093E-13
18326,2	5,498E-13
18343,5	-1,77E-14
18360,8	6,27E-14
18378,2	2,326E-13
18395,5	1,893E-13
18412,8	5,1E-13
18430,1	1,213E-13
18447,4	-1,294E-13
18464,8	1,77E-13
18482,1	1,117E-13