E,eV	I,A
2001,09	9,4253E-12
2023,08	1,09448E-11
2045,07	1,106E-11
2067,06	1,16824E-11
2089,05	1,08808E-11
2111,04	1,33128E-11
2133,03	1,43116E-11
2155,02	1,51571E-11
2177,01	1,21232E-11
2199	1,06865E-11
2220,99	1,12031E-11
2242,98	1,12598E-11
2264,97	9,7809E-12
2286,96	1,07404E-11
2308,95	1,14961E-11
2330,94	1,18819E-11
2352,93	9,516E-12
2374,92	1,14E-11
2396,91	1,25071E-11
2418,9	8,8627E-12
2440,89	1,17796E-11
2462,88	1,14556E-11
2484,87	1,28928E-11
2506,86	1,4446E-11
2528,85	1,41822E-11
2550,84	1,47442E-11
2572,83	1,40965E-11
2594,82	1,50647E-11
2616,81	1,42884E-11
2638,8	1,45855E-11
2660,79	1,36059E-11
2682,78	1,62488E-11
2704,77	1,42812E-11
2726,76	1,74582E-11
2748,75	1,61925E-11
2770,74	1,78608E-11
2792,73	1,73499E-11
2814,72	1,91929E-11
2836,71	2,05203E-11
2858,7	2,04056E-11
2880,69	2,0279E-11
2902,68	2,0436E-11
2924,67	1,61827E-11
2946,66	1,5423E-11
2968,65	1,86368E-11
2990,64	1,24053E-11
3012,63	1,20601E-11
3034,62	1,25252E-11
3056,61	1,09822E-11
3078,6	1,0561E-11
3100,59	1,12803E-11
3122,58	1,33727E-11
3144,57	1,04781E-11
3166,56	1,14453E-11
3188,55	9,8783E-12
3210,54	1,05967E-11
3232,53	1,14555E-11
3254,52	9,841E-12
3276,51	8,5787E-12
3298,5	8,3718E-12
3320,49	9,1567E-12
3342,48	8,497E-12
3364,47	9,7797E-12
3386,46	1,18508E-11
3408,45	1,06459E-11
3430,44	9,8982E-12
3452,43	1,00979E-11
3474,42	1,3447E-11
3496,41	1,22281E-11
3518,4	1,30422E-11
3540,39	1,68054E-11
3562,38	1,99952E-11
3584,37	1,62433E-11
3606,36	2,07963E-11
3628,35	1,57411E-11
3650,34	1,6836E-11
3672,33	1,0482E-11
3694,32	1,46994E-11
3716,31	1,22655E-11
3738,3	1,24372E-11
3760,29	1,29992E-11
3782,28	1,30353E-11
3804,27	1,21847E-11
3826,26	1,69835E-11
3848,25	1,41286E-11
3870,24	1,63727E-11
3892,23	1,63625E-11
3914,22	1,69437E-11
3936,21	1,57513E-11
3958,2	1,34614E-11
3980,19	1,38364E-11
4002,18	1,25176E-11
4024,17	1,52718E-11
4046,16	1,59199E-11
4068,15	1,66138E-11
4090,14	1,39466E-11
4112,13	1,34313E-11
4134,12	1,38287E-11
4156,11	1,24985E-11
4178,1	1,8243E-11
4200,09	1,61852E-11
4222,08	1,70708E-11
4244,07	1,80542E-11
4266,06	1,66154E-11
4288,05	1,73959E-11
4310,04	1,66456E-11
4332,03	1,63768E-11
4354,02	1,64973E-11
4376,01	1,82939E-11
4398	1,80189E-11
4419,99	1,76636E-11
4441,98	1,53668E-11
4463,97	1,74707E-11
4485,96	1,79069E-11
4507,95	2,03303E-11
4529,94	1,64576E-11
4551,93	1,59544E-11
4573,92	1,82489E-11
4595,91	1,88815E-11
4617,9	1,86044E-11
4639,89	1,7705E-11
4661,88	1,72973E-11
4683,87	1,76852E-11
4705,86	1,81029E-11
4727,85	1,9723E-11
4749,84	1,78953E-11
4771,83	1,87668E-11
4793,82	2,011E-11
4815,81	2,0691E-11
4837,8	2,1485E-11
4859,79	2,00659E-11
4881,78	1,90478E-11
4903,77	1,83805E-11
4925,76	2,0268E-11
4947,75	2,0864E-11
4969,74	2,0888E-11
4991,73	2,0266E-11
5013,72	1,9489E-11
5035,71	1,93176E-11
5057,7	2,0119E-11
5079,69	2,1878E-11
5101,68	1,80378E-11
5123,67	1,86127E-11
5145,66	2,08935E-11
5167,65	2,00374E-11
5189,64	2,4497E-11
5211,63	2,3391E-11
5233,62	2,172E-11
5255,61	2,1025E-11
5277,6	2,6457E-11
5299,59	2,7821E-11
5321,58	2,409E-11
5343,57	2,5063E-11
5365,56	2,3875E-11
5387,55	2,6109E-11
5409,54	2,3681E-11
5431,53	2,4E-11
5453,52	2,0645E-11
5475,51	2,5398E-11
5497,5	2,7193E-11
5519,49	2,5349E-11
5541,48	3,2847E-11
5563,47	2,8636E-11
5585,46	3,0939E-11
5607,45	3,5428E-11
5629,44	3,3079E-11
5651,43	2,9227E-11
5673,42	3,0297E-11
5695,41	3,3316E-11
5717,4	3,5287E-11
5739,39	3,522E-11
5761,38	3,3041E-11
5783,37	3,4029E-11
5805,36	3,8937E-11
5827,35	3,3419E-11
5849,34	3,4835E-11
5871,33	3,5682E-11
5893,32	4,3224E-11
5915,31	3,7197E-11
5937,3	3,7365E-11
5959,29	3,8253E-11
5981,28	4,1825E-11
6003,27	3,4849E-11
6025,26	4,2379E-11
6047,25	4,121E-11
6069,24	4,3004E-11
6091,23	3,8967E-11
6113,22	4,4112E-11
6135,21	4,3706E-11
6157,2	4,3798E-11
6179,19	4,6558E-11
6201,18	4,5209E-11
6223,17	5,2222E-11
6245,16	5,171E-11
6267,15	5,4454E-11
6289,14	4,5261E-11
6311,13	5,2074E-11
6333,12	5,7405E-11
6355,11	5,2881E-11
6377,1	5,4081E-11
6399,09	6,0001E-11
6421,08	6,3406E-11
6443,07	6,0268E-11
6465,06	5,9288E-11
6487,05	5,7051E-11
6509,04	6,064E-11
6531,03	6,5674E-11
6553,02	6,4677E-11
6575,01	6,4716E-11
6597	6,3452E-11
6618,99	6,3692E-11
6640,98	7,4927E-11
6662,97	6,9196E-11
6684,96	6,624E-11
6706,95	7,1522E-11
6728,94	7,5356E-11
6750,93	7,8639E-11
6772,92	8,3368E-11
6794,91	9,3213E-11
6816,9	9,1538E-11
6838,89	9,3987E-11
6860,88	8,6959E-11
6882,87	9,2904E-11
6904,86	8,9433E-11
6926,85	9,7807E-11
6948,84	1,04649E-10
6970,83	1,02535E-10
6992,82	1,15181E-10
7014,81	1,18933E-10
7036,8	1,19899E-10
7058,79	1,4016E-10
7080,78	1,6574E-10
7102,77	1,65077E-10
7124,76	1,95518E-10
7146,75	1,95799E-10
7168,74	2,1404E-10
7190,73	2,5846E-10
7212,72	2,7305E-10
7234,71	2,3869E-10
7256,7	2,3535E-10
7278,69	2,1734E-10
7300,68	2,1088E-10
7322,67	1,2137E-10
7344,66	1,87088E-10
7366,65	1,79691E-10
7388,64	1,91435E-10
7410,63	1,81502E-10
7432,62	1,75633E-10
7454,61	1,77929E-10
7476,6	1,7363E-10
7498,59	1,63191E-10
7520,58	1,61977E-10
7542,57	1,56759E-10
7564,56	1,61964E-10
7586,55	1,64247E-10
7608,54	1,67647E-10
7630,53	1,70884E-10
7652,52	1,79476E-10
7674,51	1,80701E-10
7696,5	1,76232E-10
7718,49	1,88866E-10
7740,48	1,88051E-10
7762,47	1,90991E-10
7784,46	1,92576E-10
7806,45	1,95166E-10
7828,44	1,7974E-10
7850,43	1,25043E-10
7872,42	1,99389E-10
7894,41	2,02099E-10
7916,4	2,05876E-10
7938,39	1,96714E-10
7960,38	1,93866E-10
7982,37	2,0897E-10
8004,36	1,18549E-10
8026,35	1,93342E-10
8048,34	1,99468E-10
8070,33	2,07114E-10
8092,32	2,05792E-10
8114,31	2,00927E-10
8136,3	2,02857E-10
8158,29	2,081E-10
8180,28	2,1597E-10
8202,27	2,5499E-10
8224,26	1,42087E-10
8246,25	2,8966E-10
8268,24	2,2398E-10
8290,23	2,2888E-10
8312,22	2,0518E-10
8334,21	2,4087E-10
8356,2	2,539E-10
8378,19	2,4349E-10
8400,18	2,4575E-10
8422,17	2,4215E-10
8444,16	2,2666E-10
8466,15	2,7731E-10
8488,14	2,4823E-10
8510,13	2,5018E-10
8532,12	2,6154E-10
8554,11	2,6149E-10
8576,1	2,4523E-10
8598,09	2,4726E-10
8620,08	2,5497E-10
8642,07	2,4626E-10
8664,06	2,8511E-10
8686,05	2,8055E-10
8708,04	2,9978E-10
8730,03	2,8707E-10
8752,02	3,2694E-10
8774,01	3,2087E-10
8796	3,1027E-10
8817,99	2,6656E-10
8839,98	3,0442E-10
8861,97	3,636E-10
8883,96	3,0628E-10
8905,95	3,1983E-10
8927,94	2,7494E-10
8949,93	3,103E-10
8971,92	2,9178E-10
8993,91	2,3222E-10
9015,9	2,8812E-10
9037,89	2,965E-10
9059,88	2,4251E-10
9081,87	2,9005E-10
9103,86	2,9883E-10
9125,85	3,186E-10
9147,84	3,2162E-10
9169,83	2,8714E-10
9191,82	3,4309E-10
9213,81	3,1866E-10
9235,8	2,9068E-10
9257,79	3,01E-10
9279,78	3,1016E-10
9301,77	3,597E-10
9323,76	3,1297E-10
9345,75	3,6847E-10
9367,74	2,9119E-10
9389,73	3,1601E-10
9411,72	2,4517E-10
9433,71	3,2942E-10
9455,7	3,2176E-10
9477,69	2,8514E-10
9499,68	3,0671E-10
9521,67	3,1473E-10
9543,66	3,7246E-10
9565,65	3,1237E-10
9587,64	3,3267E-10
9609,63	3,244E-10
9622,1	3,6113E-10
9639,42	3,326E-10
9656,74	3,4478E-10
9674,06	3,2104E-10
9691,38	3,5592E-10
9708,7	3,4269E-10
9726,03	3,6515E-10
9743,35	3,2739E-10
9760,67	3,1958E-10
9777,99	3,4532E-10
9795,31	3,2779E-10
9812,63	3,942E-10
9829,96	4,1183E-10
9847,28	3,3159E-10
9864,6	3,7524E-10
9881,92	3,5023E-10
9899,24	3,9511E-10
9916,56	3,3669E-10
9933,89	3,7411E-10
9951,21	3,1987E-10
9968,53	3,2015E-10
9985,85	3,0427E-10
10003,2	2,7881E-10
10020,5	2,9713E-10
10037,8	3,1501E-10
10055,1	2,7454E-10
10072,5	2,5674E-10
10089,8	2,9898E-10
10107,1	3,4694E-10
10124,4	3,2599E-10
10141,7	3,2887E-10
10159,1	3,164E-10
10176,4	2,8273E-10
10193,7	3,1744E-10
10211	3,0795E-10
10228,4	2,9468E-10
10245,7	2,7931E-10
10263	3,3188E-10
10280,3	2,9383E-10
10297,6	3,0515E-10
10315	2,5765E-10
10332,3	2,9263E-10
10349,6	2,8035E-10
10366,9	3,5931E-10
10384,2	2,7487E-10
10401,6	3,2097E-10
10418,9	3,0455E-10
10436,2	2,6741E-10
10453,5	2,3039E-10
10470,9	2,6254E-10
10488,2	2,9319E-10
10505,5	2,5608E-10
10522,8	2,9616E-10
10540,1	3,672E-10
10557,5	3,2221E-10
10574,8	3,5309E-10
10592,1	2,9072E-10
10609,4	3,0941E-10
10626,7	3,0869E-10
10644,1	2,8611E-10
10661,4	3,3552E-10
10678,7	3,4962E-10
10696	3,4187E-10
10713,4	3,7539E-10
10730,7	3,8429E-10
10748	3,5714E-10
10765,3	3,9042E-10
10782,6	3,336E-10
10800	2,7354E-10
10817,3	2,5372E-10
10834,6	2,4538E-10
10851,9	1,02074E-10
10869,3	1,42043E-10
10886,6	1,19671E-10
10903,9	8,9784E-11
10921,2	5,8774E-11
10938,5	3,6946E-11
10955,9	2,929E-11
10973,2	1,01621E-11
10990,5	9,3967E-12
11007,8	5,7287E-12
11025,1	4,945E-12
11042,5	4,0929E-12
11059,8	3,781E-12
11077,1	3,194E-12
11094,4	3,083E-12
11111,8	3,5011E-12
11129,1	3,0169E-12
11146,4	2,6588E-12
11163,7	2,9955E-12
11181	2,7278E-12
11198,4	2,7838E-12
11215,7	2,8898E-12
11233	2,6492E-12
11250,3	2,8718E-12
11267,6	2,5544E-12
11285	2,6967E-12
11302,3	2,5699E-12
11319,6	2,7174E-12
11336,9	2,7274E-12
11354,3	2,4948E-12
11371,6	2,6176E-12
11388,9	2,5113E-12
11406,2	2,4312E-12
11423,5	3,3195E-12
11440,9	2,4665E-12
11458,2	3,1299E-12
11475,5	2,7181E-12