0,00 2,000
5,00 0,000
10,00 0,000
15,00 0,000
20,00 0,000
25,00 0,000
30,00 0,000
35,00 0,000
40,00 0,000
45,00 0,000
50,00 0,000
55,00 0,000
60,00 0,000
65,00 0,000
70,00 0,000
75,00 0,000
80,00 0,000
85,00 0,000
90,00 0,000
95,00 1,000
100,00 0,000
105,00 0,000
110,00 0,000
115,00 0,000
120,00 0,000
125,00 0,000
130,00 0,000
135,00 0,000
140,00 0,000
145,00 0,000
150,00 1,000
155,00 0,000
160,00 0,000
165,00 0,000
170,00 0,000
175,00 0,000
180,00 0,000
185,00 0,000
190,00 0,000
195,00 0,000
200,00 1,000
205,00 0,000
210,00 0,000
215,00 0,000
220,00 0,000
225,00 0,000
230,00 0,000
235,00 1,000
240,00 0,000
245,00 0,000
250,00 0,000
255,00 0,000
260,00 0,000
265,00 0,000
270,00 0,000
275,00 0,000
280,00 0,000
285,00 0,000
290,00 0,000
295,00 0,000
300,00 0,000
305,00 0,000
310,00 0,000
315,00 0,000
320,00 0,000
325,00 0,000
330,00 0,000
335,00 0,000
340,00 0,000
345,00 1,000
350,00 1,000
355,00 0,000
360,00 0,000
365,00 2,000
370,00 0,000
375,00 0,000
380,00 0,000
385,00 2,000
390,00 0,000
395,00 0,000
400,00 0,000
405,00 0,000
410,00 0,000
415,00 0,000
420,00 1,000
425,00 0,000
430,00 0,000
435,00 1,000
440,00 0,000
445,00 0,000
450,00 0,000
455,00 0,000
460,00 0,000
465,00 1,000
470,00 2,000
475,00 0,000
480,00 0,000
485,00 1,000
490,00 1,000
495,00 0,000
500,00 1,000
505,00 0,000
510,00 0,000
515,00 0,000
520,00 0,000
525,00 0,000
530,00 1,000
535,00 1,000
540,00 1,000
545,00 0,000
550,00 0,000
555,00 1,000
560,00 0,000
565,00 0,000
570,00 0,000
575,00 0,000
580,00 0,000
585,00 0,000
590,00 0,000
595,00 2,000
600,00 0,000
605,00 1,000
610,00 1,000
615,00 1,000
620,00 0,000
625,00 0,000
630,00 1,000
635,00 0,000
640,00 0,000
645,00 0,000
650,00 0,000
655,00 1,000
660,00 0,000
665,00 0,000
670,00 1,000
675,00 0,000
680,00 0,000
685,00 0,000
690,00 0,000
695,00 1,000
700,00 0,000
705,00 0,000
710,00 0,000
715,00 0,000
720,00 0,000
725,00 0,000
730,00 1,000
735,00 2,000
740,00 0,000
745,00 0,000
750,00 0,000
755,00 0,000
760,00 0,000
765,00 0,000
770,00 1,000
775,00 0,000
780,00 1,000
785,00 0,000
790,00 1,000
795,00 0,000
800,00 0,000
805,00 0,000
810,00 1,000
815,00 0,000
820,00 0,000
825,00 0,000
830,00 0,000
835,00 0,000
840,00 0,000
845,00 1,000
850,00 3,000
855,00 0,000
860,00 1,000
865,00 0,000
870,00 0,000
875,00 2,000
880,00 1,000
885,00 0,000
890,00 0,000
895,00 0,000
900,00 2,000
905,00 0,000
910,00 0,000
915,00 1,000
920,00 0,000
925,00 0,000
930,00 0,000
935,00 0,000
940,00 0,000
945,00 0,000
950,00 0,000
955,00 2,000
960,00 1,000
965,00 0,000
970,00 0,000
975,00 0,000
980,00 0,000
985,00 0,000
990,00 0,000
995,00 1,000
1000,00 1,000
1005,00 1,000
1010,00 0,000
1015,00 0,000
1020,00 0,000
1025,00 0,000
1030,00 1,000
1035,00 2,000
1040,00 0,000
1045,00 1,000
1050,00 0,000
1055,00 0,000
1060,00 0,000
1065,00 1,000
1070,00 0,000
1075,00 0,000
1080,00 0,000
1085,00 2,000
1090,00 0,000
1095,00 0,000
1100,00 0,000
1105,00 0,000
1110,00 0,000
1115,00 0,000
1120,00 0,000
1125,00 0,000
1130,00 1,000
1135,00 0,000
1140,00 0,000
1145,00 1,000
1150,00 0,000
1155,00 1,000
1160,00 0,000
1165,00 0,000
1170,00 1,000
1175,00 0,000
1180,00 0,000
1185,00 2,000
1190,00 0,000
1195,00 0,000
1200,00 0,000
1205,00 0,000
1210,00 0,000
1215,00 0,000
1220,00 3,000
1225,00 0,000
1230,00 0,000
1235,00 0,000
1240,00 3,000
1245,00 0,000
1250,00 1,000
1255,00 1,000
1260,00 0,000
1265,00 0,000
1270,00 1,000
1275,00 0,000
1280,00 0,000
1285,00 0,000
1290,00 1,000
1295,00 0,000
1300,00 0,000
1305,00 0,000
1310,00 0,000
1315,00 0,000
1320,00 0,000
1325,00 0,000
1330,00 0,000
1335,00 1,000
1340,00 0,000
1345,00 1,000
1350,00 0,000
1355,00 2,000
1360,00 1,000
1365,00 0,000
1370,00 1,000
1375,00 1,000
1380,00 1,000
1385,00 1,000
1390,00 2,000
1395,00 1,000
1400,00 0,000
1405,00 0,000
1410,00 1,000
1415,00 1,000
1420,00 2,000
1425,00 1,000
1430,00 0,000
1435,00 2,000
1440,00 0,000
1445,00 0,000
1450,00 0,000
1455,00 0,000
1460,00 0,000
1465,00 1,000
1470,00 2,000
1475,00 1,000
1480,00 0,000
1485,00 0,000
1490,00 2,000
1495,00 0,000
1500,00 0,000
1505,00 1,000
1510,00 0,000
1515,00 1,000
1520,00 2,000
1525,00 0,000
1530,00 0,000
1535,00 2,000
1540,00 2,000
1545,00 1,000
1550,00 0,000
1555,00 0,000
1560,00 0,000
1565,00 1,000
1570,00 2,000
1575,00 0,000
1580,00 0,000
1585,00 0,000
1590,00 1,000
1595,00 0,000
1600,00 0,000
1605,00 0,000
1610,00 0,000
1615,00 1,000
1620,00 0,000
1625,00 0,000
1630,00 0,000
1635,00 0,000
1640,00 2,000
1645,00 0,000
1650,00 1,000
1655,00 0,000
1660,00 0,000
1665,00 0,000
1670,00 0,000
1675,00 1,000
1680,00 0,000
1685,00 1,000
1690,00 0,000
1695,00 1,000
1700,00 2,000
1705,00 0,000
1710,00 0,000
1715,00 1,000
1720,00 0,000
1725,00 1,000
1730,00 0,000
1735,00 1,000
1740,00 0,000
1745,00 0,000
1750,00 1,000
1755,00 0,000
1760,00 3,000
1765,00 0,000
1770,00 0,000
1775,00 1,000
1780,00 0,000
1785,00 1,000
1790,00 2,000
1795,00 0,000
1800,00 0,000
1805,00 0,000
1810,00 1,000
1815,00 0,000
1820,00 2,000
1825,00 0,000
1830,00 1,000
1835,00 0,000
1840,00 0,000
1845,00 0,000
1850,00 0,000
1855,00 0,000
1860,00 2,000
1865,00 0,000
1870,00 0,000
1875,00 0,000
1880,00 0,000
1885,00 3,000
1890,00 1,000
1895,00 0,000
1900,00 0,000
1905,00 0,000
1910,00 0,000
1915,00 1,000
1920,00 2,000
1925,00 1,000
1930,00 2,000
1935,00 0,000
1940,00 1,000
1945,00 0,000
1950,00 0,000
1955,00 0,000
1960,00 0,000
1965,00 1,000
1970,00 1,000
1975,00 1,000
1980,00 0,000
1985,00 0,000
1990,00 1,000
1995,00 0,000
2000,00 2,000
2005,00 2,000
2010,00 0,000
2015,00 0,000
2020,00 1,000
2025,00 0,000
2030,00 0,000
2035,00 0,000
2040,00 2,000
2045,00 0,000
2050,00 0,000
2055,00 1,000
2060,00 1,000
2065,00 0,000
2070,00 3,000
2075,00 1,000
2080,00 0,000
2085,00 1,000
2090,00 0,000
2095,00 0,000
2100,00 2,000
2105,00 0,000
2110,00 1,000
2115,00 3,000
2120,00 0,000
2125,00 0,000
2130,00 0,000
2135,00 0,000
2140,00 1,000
2145,00 0,000
2150,00 0,000
2155,00 3,000
2160,00 3,000
2165,00 0,000
2170,00 1,000
2175,00 0,000
2180,00 0,000
2185,00 0,000
2190,00 1,000
2195,00 0,000
2200,00 0,000
2205,00 1,000
2210,00 0,000
2215,00 0,000
2220,00 0,000
2225,00 0,000
2230,00 0,000
2235,00 0,000
2240,00 1,000
2245,00 0,000
2250,00 0,000
2255,00 2,000
2260,00 0,000
2265,00 0,000
2270,00 2,000
2275,00 0,000
2280,00 0,000
2285,00 2,000
2290,00 0,000
2295,00 0,000
2300,00 1,000
2305,00 1,000
2310,00 0,000
2315,00 2,000
2320,00 2,000
2325,00 1,000
2330,00 1,000
2335,00 0,000
2340,00 0,000
2345,00 0,000
2350,00 0,000
2355,00 0,000
2360,00 0,000
2365,00 0,000
2370,00 2,000
2375,00 0,000
2380,00 0,000
2385,00 0,000
2390,00 0,000
2395,00 0,000
2400,00 1,000
2405,00 0,000
2410,00 0,000
2415,00 2,000
2420,00 3,000
2425,00 0,000
2430,00 0,000
2435,00 0,000
2440,00 1,000
2445,00 1,000
2450,00 1,000
2455,00 0,000
2460,00 0,000
2465,00 1,000
2470,00 0,000
2475,00 1,000
2480,00 1,000
2485,00 0,000
2490,00 1,000
2495,00 0,000
2500,00 1,000
2505,00 0,000
2510,00 1,000
2515,00 2,000
2520,00 2,000
2525,00 1,000
2530,00 2,000
2535,00 2,000
2540,00 0,000
2545,00 1,000
2550,00 0,000
2555,00 2,000
2560,00 1,000
2565,00 1,000
2570,00 1,000
2575,00 0,000
2580,00 0,000
2585,00 0,000
2590,00 1,000
2595,00 1,000
2600,00 0,000
2605,00 0,000
2610,00 2,000
2615,00 2,000
2620,00 1,000
2625,00 1,000
2630,00 0,000
2635,00 0,000
2640,00 1,000
2645,00 0,000
2650,00 0,000
2655,00 0,000
2660,00 0,000
2665,00 1,000
2670,00 1,000
2675,00 0,000
2680,00 0,000
2685,00 0,000
2690,00 0,000
2695,00 1,000
2700,00 0,000
2705,00 0,000
2710,00 0,000
2715,00 0,000
2720,00 0,000
2725,00 0,000
2730,00 0,000
2735,00 0,000
2740,00 1,000
2745,00 0,000
2750,00 1,000
2755,00 2,000
2760,00 1,000
2765,00 1,000
2770,00 0,000
2775,00 1,000
2780,00 3,000
2785,00 1,000
2790,00 2,000
2795,00 1,000
2800,00 0,000
2805,00 0,000
2810,00 0,000
2815,00 0,000
2820,00 1,000
2825,00 0,000
2830,00 1,000
2835,00 0,000
2840,00 0,000
2845,00 2,000
2850,00 0,000
2855,00 0,000
2860,00 0,000
2865,00 0,000
2870,00 1,000
2875,00 0,000
2880,00 0,000
2885,00 1,000
2890,00 0,000
2895,00 1,000
2900,00 0,000
2905,00 1,000
2910,00 1,000
2915,00 0,000
2920,00 1,000
2925,00 1,000
2930,00 1,000
2935,00 1,000
2940,00 0,000
2945,00 0,000
2950,00 1,000
2955,00 1,000
2960,00 1,000
2965,00 1,000
2970,00 0,000
2975,00 3,000
2980,00 0,000
2985,00 1,000
2990,00 0,000
2995,00 1,000
3000,00 1,000
3005,00 0,000
3010,00 0,000
3015,00 0,000
3020,00 0,000
3025,00 1,000
3030,00 2,000
3035,00 0,000
3040,00 0,000
3045,00 2,000
3050,00 1,000
3055,00 0,000
3060,00 1,000
3065,00 1,000
3070,00 0,000
3075,00 1,000
3080,00 0,000
3085,00 1,000
3090,00 1,000
3095,00 0,000
3100,00 1,000
3105,00 0,000
3110,00 0,000
3115,00 1,000
3120,00 0,000
3125,00 0,000
3130,00 0,000
3135,00 0,000
3140,00 0,000
3145,00 0,000
3150,00 1,000
3155,00 0,000
3160,00 0,000
3165,00 1,000
3170,00 1,000
3175,00 0,000
3180,00 0,000
3185,00 2,000
3190,00 1,000
3195,00 2,000
3200,00 2,000
3205,00 2,000
3210,00 3,000
3215,00 0,000
3220,00 0,000
3225,00 2,000
3230,00 1,000
3235,00 3,000
3240,00 1,000
3245,00 1,000
3250,00 1,000
3255,00 0,000
3260,00 2,000
3265,00 0,000
3270,00 0,000
3275,00 2,000
3280,00 1,000
3285,00 0,000
3290,00 0,000
3295,00 2,000
3300,00 0,000
3305,00 0,000
3310,00 1,000
3315,00 0,000
3320,00 1,000
3325,00 1,000
3330,00 1,000
3335,00 0,000
3340,00 0,000
3345,00 1,000
3350,00 1,000
3355,00 3,000
3360,00 0,000
3365,00 0,000
3370,00 1,000
3375,00 1,000
3380,00 1,000
3385,00 0,000
3390,00 1,000
3395,00 0,000
3400,00 0,000
3405,00 0,000
3410,00 0,000
3415,00 0,000
3420,00 2,000
3425,00 1,000
3430,00 0,000
3435,00 1,000
3440,00 1,000
3445,00 2,000
3450,00 1,000
3455,00 1,000
3460,00 1,000
3465,00 1,000
3470,00 0,000
3475,00 0,000
3480,00 1,000
3485,00 2,000
3490,00 0,000
3495,00 0,000
3500,00 0,000
3505,00 0,000
3510,00 1,000
3515,00 1,000
3520,00 0,000
3525,00 1,000
3530,00 2,000
3535,00 2,000
3540,00 0,000
3545,00 0,000
3550,00 2,000
3555,00 0,000
3560,00 0,000
3565,00 2,000
3570,00 1,000
3575,00 2,000
3580,00 1,000
3585,00 0,000
3590,00 1,000
3595,00 1,000
3600,00 0,000
3605,00 1,000
3610,00 4,000
3615,00 1,000
3620,00 1,000
3625,00 0,000
3630,00 0,000
3635,00 2,000
3640,00 2,000
3645,00 2,000
3650,00 1,000
3655,00 0,000
3660,00 0,000
3665,00 1,000
3670,00 0,000
3675,00 1,000
3680,00 1,000
3685,00 0,000
3690,00 0,000
3695,00 3,000
3700,00 0,000
3705,00 2,000
3710,00 2,000
3715,00 0,000
3720,00 1,000
3725,00 2,000
3730,00 1,000
3735,00 1,000
3740,00 0,000
3745,00 1,000
3750,00 0,000
3755,00 2,000
3760,00 1,000
3765,00 1,000
3770,00 2,000
3775,00 0,000
3780,00 1,000
3785,00 1,000
3790,00 1,000
3795,00 3,000
3800,00 1,000
3805,00 1,000
3810,00 1,000
3815,00 3,000
3820,00 0,000
3825,00 1,000
3830,00 3,000
3835,00 1,000
3840,00 2,000
3845,00 1,000
3850,00 0,000
3855,00 0,000
3860,00 3,000
3865,00 2,000
3870,00 0,000
3875,00 1,000
3880,00 0,000
3885,00 1,000
3890,00 3,000
3895,00 0,000
3900,00 2,000
3905,00 0,000
3910,00 1,000
3915,00 0,000
3920,00 2,000
3925,00 1,000
3930,00 0,000
3935,00 4,000
3940,00 1,000
3945,00 1,000
3950,00 0,000
3955,00 1,000
3960,00 0,000
3965,00 1,000
3970,00 1,000
3975,00 1,000
3980,00 1,000
3985,00 1,000
3990,00 0,000
3995,00 0,000
4000,00 0,000
4005,00 3,000
4010,00 0,000
4015,00 0,000
4020,00 0,000
4025,00 0,000
4030,00 0,000
4035,00 1,000
4040,00 2,000
4045,00 2,000
4050,00 1,000
4055,00 0,000
4060,00 1,000
4065,00 1,000
4070,00 0,000
4075,00 0,000
4080,00 0,000
4085,00 0,000
4090,00 1,000
4095,00 0,000
4100,00 1,000
4105,00 0,000
4110,00 0,000
4115,00 0,000
4120,00 2,000
4125,00 0,000
4130,00 1,000
4135,00 0,000
4140,00 1,000
4145,00 2,000
4150,00 2,000
4155,00 1,000
4160,00 0,000
4165,00 0,000
4170,00 0,000
4175,00 2,000
4180,00 1,000
4185,00 1,000
4190,00 0,000
4195,00 0,000
4200,00 1,000
4205,00 0,000
4210,00 0,000
4215,00 0,000
4220,00 1,000
4225,00 0,000
4230,00 2,000
4235,00 0,000
4240,00 0,000
4245,00 2,000
4250,00 0,000
4255,00 2,000
4260,00 2,000
4265,00 2,000
4270,00 0,000
4275,00 1,000
4280,00 1,000
4285,00 2,000
4290,00 2,000
4295,00 0,000
4300,00 0,000
4305,00 1,000
4310,00 1,000
4315,00 3,000
4320,00 0,000
4325,00 0,000
4330,00 0,000
4335,00 0,000
4340,00 1,000
4345,00 1,000
4350,00 1,000
4355,00 4,000
4360,00 2,000
4365,00 1,000
4370,00 1,000
4375,00 0,000
4380,00 1,000
4385,00 0,000
4390,00 0,000
4395,00 1,000
4400,00 0,000
4405,00 0,000
4410,00 0,000
4415,00 2,000
4420,00 1,000
4425,00 0,000
4430,00 1,000
4435,00 1,000
4440,00 1,000
4445,00 0,000
4450,00 1,000
4455,00 0,000
4460,00 0,000
4465,00 1,000
4470,00 0,000
4475,00 1,000
4480,00 0,000
4485,00 0,000
4490,00 0,000
4495,00 1,000
4500,00 1,000
4505,00 1,000
4510,00 3,000
4515,00 1,000
4520,00 0,000
4525,00 2,000
4530,00 1,000
4535,00 1,000
4540,00 1,000
4545,00 0,000
4550,00 0,000
4555,00 0,000
4560,00 4,000
4565,00 2,000
4570,00 0,000
4575,00 0,000
4580,00 2,000
4585,00 5,000
4590,00 1,000
4595,00 1,000
4600,00 2,000
4605,00 0,000
4610,00 1,000
4615,00 4,000
4620,00 0,000
4625,00 0,000
4630,00 0,000
4635,00 2,000
4640,00 0,000
4645,00 0,000
4650,00 0,000
4655,00 0,000
4660,00 1,000
4665,00 1,000
4670,00 2,000
4675,00 0,000
4680,00 1,000
4685,00 1,000
4690,00 2,000
4695,00 0,000
4700,00 0,000
4705,00 0,000
4710,00 3,000
4715,00 0,000
4720,00 2,000
4725,00 0,000
4730,00 0,000
4735,00 1,000
4740,00 1,000
4745,00 1,000
4750,00 0,000
4755,00 0,000
4760,00 0,000
4765,00 0,000
4770,00 0,000
4775,00 2,000
4780,00 1,000
4785,00 2,000
4790,00 2,000
4795,00 0,000
4800,00 1,000
4805,00 3,000
4810,00 3,000
4815,00 0,000
4820,00 3,000
4825,00 2,000
4830,00 1,000
4835,00 4,000
4840,00 0,000
4845,00 2,000
4850,00 1,000
4855,00 2,000
4860,00 1,000
4865,00 1,000
4870,00 1,000
4875,00 4,000
4880,00 0,000
4885,00 2,000
4890,00 0,000
4895,00 0,000
4900,00 0,000
4905,00 1,000
4910,00 1,000
4915,00 2,000
4920,00 0,000
4925,00 1,000
4930,00 0,000
4935,00 0,000
4940,00 1,000
4945,00 1,000
4950,00 3,000
4955,00 1,000
4960,00 3,000
4965,00 1,000
4970,00 1,000
4975,00 3,000
4980,00 2,000
4985,00 0,000
4990,00 0,000
4995,00 2,000
5000,00 0,000
5005,00 2,000
5010,00 2,000
5015,00 1,000
5020,00 2,000
5025,00 1,000
5030,00 3,000
5035,00 1,000
5040,00 2,000
5045,00 0,000
5050,00 0,000
5055,00 1,000
5060,00 2,000
5065,00 1,000
5070,00 2,000
5075,00 1,000
5080,00 0,000
5085,00 2,000
5090,00 0,000
5095,00 0,000
5100,00 1,000
5105,00 2,000
5110,00 2,000
5115,00 0,000
5120,00 0,000
5125,00 1,000
5130,00 1,000
5135,00 0,000
5140,00 1,000
5145,00 2,000
5150,00 0,000
5155,00 1,000
5160,00 0,000
5165,00 0,000
5170,00 1,000
5175,00 1,000
5180,00 0,000
5185,00 2,000
5190,00 1,000
5195,00 0,000
5200,00 2,000
5205,00 3,000
5210,00 0,000
5215,00 3,000
5220,00 0,000
5225,00 3,000
5230,00 0,000
5235,00 1,000
5240,00 1,000
5245,00 0,000
5250,00 2,000
5255,00 0,000
5260,00 1,000
5265,00 2,000
5270,00 0,000
5275,00 1,000
5280,00 1,000
5285,00 0,000
5290,00 3,000
5295,00 0,000
5300,00 2,000
5305,00 0,000
5310,00 2,000
5315,00 2,000
5320,00 4,000
5325,00 4,000
5330,00 2,000
5335,00 5,000
5340,00 0,000
5345,00 0,000
5350,00 0,000
5355,00 1,000
5360,00 1,000
5365,00 2,000
5370,00 2,000
5375,00 1,000
5380,00 1,000
5385,00 1,000
5390,00 2,000
5395,00 1,000
5400,00 3,000
5405,00 0,000
5410,00 1,000
5415,00 0,000
5420,00 0,000
5425,00 1,000
5430,00 0,000
5435,00 2,000
5440,00 2,000
5445,00 2,000
5450,00 0,000
5455,00 0,000
5460,00 0,000
5465,00 2,000
5470,00 1,000
5475,00 1,000
5480,00 0,000
5485,00 1,000
5490,00 3,000
5495,00 0,000
5500,00 1,000
5505,00 1,000
5510,00 2,000
5515,00 1,000
5520,00 2,000
5525,00 1,000
5530,00 2,000
5535,00 1,000
5540,00 2,000
5545,00 0,000
5550,00 0,000
5555,00 0,000
5560,00 2,000
5565,00 2,000
5570,00 1,000
5575,00 0,000
5580,00 1,000
5585,00 0,000
5590,00 1,000
5595,00 2,000
5600,00 2,000
5605,00 1,000
5610,00 2,000
5615,00 1,000
5620,00 1,000
5625,00 3,000
5630,00 1,000
5635,00 3,000
5640,00 4,000
5645,00 1,000
5650,00 1,000
5655,00 3,000
5660,00 0,000
5665,00 2,000
5670,00 2,000
5675,00 1,000
5680,00 0,000
5685,00 3,000
5690,00 1,000
5695,00 1,000
5700,00 3,000
5705,00 1,000
5710,00 0,000
5715,00 1,000
5720,00 0,000
5725,00 2,000
5730,00 1,000
5735,00 0,000
5740,00 0,000
5745,00 0,000
5750,00 2,000
5755,00 1,000
5760,00 1,000
5765,00 2,000
5770,00 2,000
5775,00 0,000
5780,00 1,000
5785,00 0,000
5790,00 1,000
5795,00 0,000
5800,00 2,000
5805,00 1,000
5810,00 4,000
5815,00 0,000
5820,00 2,000
5825,00 0,000
5830,00 0,000
5835,00 1,000
5840,00 2,000
5845,00 4,000
5850,00 2,000
5855,00 1,000
5860,00 0,000
5865,00 2,000
5870,00 2,000
5875,00 2,000
5880,00 0,000
5885,00 0,000
5890,00 1,000
5895,00 1,000
5900,00 0,000
5905,00 2,000
5910,00 3,000
5915,00 1,000
5920,00 1,000
5925,00 2,000
5930,00 1,000
5935,00 0,000
5940,00 4,000
5945,00 2,000
5950,00 0,000
5955,00 1,000
5960,00 3,000
5965,00 2,000
5970,00 1,000
5975,00 2,000
5980,00 2,000
5985,00 0,000
5990,00 0,000
5995,00 1,000
6000,00 0,000
6005,00 1,000
6010,00 1,000
6015,00 1,000
6020,00 0,000
6025,00 0,000
6030,00 4,000
6035,00 1,000
6040,00 1,000
6045,00 1,000
6050,00 1,000
6055,00 1,000
6060,00 2,000
6065,00 2,000
6070,00 1,000
6075,00 1,000
6080,00 2,000
6085,00 0,000
6090,00 4,000
6095,00 2,000
6100,00 2,000
6105,00 0,000
6110,00 1,000
6115,00 0,000
6120,00 4,000
6125,00 1,000
6130,00 2,000
6135,00 5,000
6140,00 3,000
6145,00 0,000
6150,00 0,000
6155,00 2,000
6160,00 1,000
6165,00 2,000
6170,00 0,000
6175,00 0,000
6180,00 0,000
6185,00 0,000
6190,00 2,000
6195,00 2,000
6200,00 0,000
6205,00 2,000
6210,00 3,000
6215,00 3,000
6220,00 0,000
6225,00 0,000
6230,00 0,000
6235,00 1,000
6240,00 2,000
6245,00 0,000
6250,00 4,000
6255,00 2,000
6260,00 0,000
6265,00 2,000
6270,00 0,000
6275,00 2,000
6280,00 2,000
6285,00 2,000
6290,00 0,000
6295,00 1,000
6300,00 3,000
6305,00 0,000
6310,00 0,000
6315,00 0,000
6320,00 1,000
6325,00 0,000
6330,00 0,000
6335,00 3,000
6340,00 0,000
6345,00 2,000
6350,00 4,000
6355,00 0,000
6360,00 1,000
6365,00 0,000
6370,00 2,000
6375,00 1,000
6380,00 2,000
6385,00 2,000
6390,00 3,000
6395,00 1,000
6400,00 2,000
6405,00 1,000
6410,00 3,000
6415,00 0,000
6420,00 0,000
6425,00 0,000
6430,00 0,000
6435,00 2,000
6440,00 2,000
6445,00 0,000
6450,00 1,000
6455,00 2,000
6460,00 1,000
6465,00 2,000
6470,00 0,000
6475,00 2,000
6480,00 2,000
6485,00 2,000
6490,00 2,000
6495,00 3,000
6500,00 2,000
6505,00 0,000
6510,00 5,000
6515,00 2,000
6520,00 0,000
6525,00 0,000
6530,00 3,000
6535,00 0,000
6540,00 1,000
6545,00 1,000
6550,00 0,000
6555,00 3,000
6560,00 1,000
6565,00 1,000
6570,00 0,000
6575,00 1,000
6580,00 1,000
6585,00 3,000
6590,00 1,000
6595,00 0,000
6600,00 3,000
6605,00 3,000
6610,00 1,000
6615,00 2,000
6620,00 1,000
6625,00 1,000
6630,00 1,000
6635,00 0,000
6640,00 0,000
6645,00 1,000
6650,00 1,000
6655,00 1,000
6660,00 2,000
6665,00 1,000
6670,00 1,000
6675,00 1,000
6680,00 3,000
6685,00 1,000
6690,00 4,000
6695,00 0,000
6700,00 3,000
6705,00 2,000
6710,00 3,000
6715,00 2,000
6720,00 0,000
6725,00 4,000
6730,00 1,000
6735,00 3,000
6740,00 3,000
6745,00 3,000
6750,00 2,000
6755,00 1,000
6760,00 1,000
6765,00 2,000
6770,00 2,000
6775,00 0,000
6780,00 2,000
6785,00 5,000
6790,00 2,000
6795,00 1,000
6800,00 2,000
6805,00 2,000
6810,00 2,000
6815,00 2,000
6820,00 2,000
6825,00 2,000
6830,00 1,000
6835,00 2,000
6840,00 3,000
6845,00 3,000
6850,00 2,000
6855,00 0,000
6860,00 3,000
6865,00 1,000
6870,00 1,000
6875,00 1,000
6880,00 5,000
6885,00 0,000
6890,00 1,000
6895,00 3,000
6900,00 2,000
6905,00 3,000
6910,00 1,000
6915,00 1,000
6920,00 4,000
6925,00 1,000
6930,00 1,000
6935,00 0,000
6940,00 3,000
6945,00 0,000
6950,00 0,000
6955,00 0,000
6960,00 0,000
6965,00 1,000
6970,00 2,000
6975,00 0,000
6980,00 2,000
6985,00 3,000
6990,00 2,000
6995,00 2,000
7000,00 0,000
7005,00 0,000
7010,00 1,000
7015,00 0,000
7020,00 0,000
7025,00 1,000
7030,00 1,000
7035,00 0,000
7040,00 7,000
7045,00 0,000
7050,00 2,000
7055,00 3,000
7060,00 3,000
7065,00 3,000
7070,00 2,000
7075,00 2,000
7080,00 2,000
7085,00 1,000
7090,00 0,000
7095,00 1,000
7100,00 1,000
7105,00 4,000
7110,00 1,000
7115,00 2,000
7120,00 1,000
7125,00 1,000
7130,00 1,000
7135,00 4,000
7140,00 0,000
7145,00 1,000
7150,00 1,000
7155,00 1,000
7160,00 1,000
7165,00 0,000
7170,00 2,000
7175,00 2,000
7180,00 2,000
7185,00 2,000
7190,00 0,000
7195,00 3,000
7200,00 2,000
7205,00 2,000
7210,00 2,000
7215,00 2,000
7220,00 3,000
7225,00 2,000
7230,00 4,000
7235,00 0,000
7240,00 1,000
7245,00 4,000
7250,00 3,000
7255,00 2,000
7260,00 1,000
7265,00 1,000
7270,00 1,000
7275,00 4,000
7280,00 1,000
7285,00 2,000
7290,00 2,000
7295,00 3,000
7300,00 1,000
7305,00 3,000
7310,00 2,000
7315,00 5,000
7320,00 3,000
7325,00 1,000
7330,00 1,000
7335,00 3,000
7340,00 1,000
7345,00 1,000
7350,00 2,000
7355,00 2,000
7360,00 3,000
7365,00 4,000
7370,00 2,000
7375,00 3,000
7380,00 0,000
7385,00 5,000
7390,00 1,000
7395,00 2,000
7400,00 2,000
7405,00 1,000
7410,00 0,000
7415,00 1,000
7420,00 2,000
7425,00 1,000
7430,00 4,000
7435,00 2,000
7440,00 5,000
7445,00 1,000
7450,00 4,000
7455,00 2,000
7460,00 5,000
7465,00 4,000
7470,00 1,000
7475,00 1,000
7480,00 1,000
7485,00 3,000
7490,00 2,000
7495,00 3,000
7500,00 4,000
7505,00 0,000
7510,00 0,000
7515,00 5,000
7520,00 4,000
7525,00 3,000
7530,00 1,000
7535,00 0,000
7540,00 1,000
7545,00 1,000
7550,00 5,000
7555,00 1,000
7560,00 1,000
7565,00 3,000
7570,00 2,000
7575,00 3,000
7580,00 3,000
7585,00 0,000
7590,00 2,000
7595,00 1,000
7600,00 2,000
7605,00 0,000
7610,00 5,000
7615,00 2,000
7620,00 4,000
7625,00 1,000
7630,00 1,000
7635,00 5,000
7640,00 2,000
7645,00 1,000
7650,00 0,000
7655,00 3,000
7660,00 1,000
7665,00 5,000
7670,00 2,000
7675,00 1,000
7680,00 2,000
7685,00 1,000
7690,00 0,000
7695,00 0,000
7700,00 2,000
7705,00 1,000
7710,00 3,000
7715,00 1,000
7720,00 3,000
7725,00 2,000
7730,00 1,000
7735,00 1,000
7740,00 3,000
7745,00 3,000
7750,00 2,000
7755,00 5,000
7760,00 2,000
7765,00 1,000
7770,00 1,000
7775,00 3,000
7780,00 4,000
7785,00 1,000
7790,00 5,000
7795,00 5,000
7800,00 0,000
7805,00 3,000
7810,00 1,000
7815,00 4,000
7820,00 1,000
7825,00 2,000
7830,00 2,000
7835,00 4,000
7840,00 4,000
7845,00 5,000
7850,00 5,000
7855,00 2,000
7860,00 1,000
7865,00 1,000
7870,00 3,000
7875,00 2,000
7880,00 2,000
7885,00 2,000
7890,00 4,000
7895,00 1,000
7900,00 3,000
7905,00 2,000
7910,00 3,000
7915,00 3,000
7920,00 0,000
7925,00 4,000
7930,00 3,000
7935,00 3,000
7940,00 2,000
7945,00 0,000
7950,00 3,000
7955,00 3,000
7960,00 2,000
7965,00 2,000
7970,00 2,000
7975,00 4,000
7980,00 1,000
7985,00 2,000
7990,00 4,000
7995,00 2,000
8000,00 4,000
8005,00 4,000
8010,00 2,000
8015,00 0,000
8020,00 3,000
8025,00 2,000
8030,00 2,000
8035,00 1,000
8040,00 3,000
8045,00 5,000
8050,00 6,000
8055,00 1,000
8060,00 3,000
8065,00 0,000
8070,00 2,000
8075,00 4,000
8080,00 3,000
8085,00 5,000
8090,00 6,000
8095,00 5,000
8100,00 5,000
8105,00 0,000
8110,00 3,000
8115,00 5,000
8120,00 1,000
8125,00 4,000
8130,00 1,000
8135,00 3,000
8140,00 1,000
8145,00 2,000
8150,00 5,000
8155,00 1,000
8160,00 0,000
8165,00 1,000
8170,00 2,000
8175,00 0,000
8180,00 5,000
8185,00 7,000
8190,00 1,000
8195,00 2,000
8200,00 5,000
8205,00 0,000
8210,00 5,000
8215,00 4,000
8220,00 3,000
8225,00 2,000
8230,00 3,000
8235,00 3,000
8240,00 0,000
8245,00 4,000
8250,00 3,000
8255,00 3,000
8260,00 6,000
8265,00 1,000
8270,00 6,000
8275,00 5,000
8280,00 5,000
8285,00 4,000
8290,00 0,000
8295,00 0,000
8300,00 1,000
8305,00 2,000
8310,00 3,000
8315,00 5,000
8320,00 3,000
8325,00 5,000
8330,00 2,000
8335,00 8,000
8340,00 2,000
8345,00 2,000
8350,00 4,000
8355,00 4,000
8360,00 1,000
8365,00 2,000
8370,00 4,000
8375,00 1,000
8380,00 2,000
8385,00 1,000
8390,00 2,000
8395,00 4,000
8400,00 2,000
8405,00 3,000
8410,00 6,000
8415,00 4,000
8420,00 1,000
8425,00 0,000
8430,00 2,000
8435,00 2,000
8440,00 6,000
8445,00 7,000
8450,00 2,000
8455,00 4,000
8460,00 3,000
8465,00 3,000
8470,00 6,000
8475,00 3,000
8480,00 2,000
8485,00 2,000
8490,00 2,000
8495,00 3,000
8500,00 2,000
8505,00 4,000
8510,00 4,000
8515,00 3,000
8520,00 3,000
8525,00 1,000
8530,00 4,000
8535,00 5,000
8540,00 0,000
8545,00 0,000
8550,00 4,000
8555,00 2,000
8560,00 3,000
8565,00 5,000
8570,00 2,000
8575,00 5,000
8580,00 2,000
8585,00 8,000
8590,00 3,000
8595,00 5,000
8600,00 1,000
8605,00 1,000
8610,00 4,000
8615,00 3,000
8620,00 5,000
8625,00 4,000
8630,00 3,000
8635,00 2,000
8640,00 2,000
8645,00 2,000
8650,00 2,000
8655,00 2,000
8660,00 5,000
8665,00 3,000
8670,00 6,000
8675,00 9,000
8680,00 3,000
8685,00 4,000
8690,00 3,000
8695,00 2,000
8700,00 0,000
8705,00 5,000
8710,00 3,000
8715,00 6,000
8720,00 4,000
8725,00 4,000
8730,00 1,000
8735,00 4,000
8740,00 1,000
8745,00 2,000
8750,00 3,000
8755,00 2,000
8760,00 1,000
8765,00 2,000
8770,00 6,000
8775,00 3,000
8780,00 5,000
8785,00 4,000
8790,00 2,000
8795,00 1,000
8800,00 7,000
8805,00 7,000
8810,00 3,000
8815,00 3,000
8820,00 2,000
8825,00 6,000
8830,00 3,000
8835,00 4,000
8840,00 3,000
8845,00 4,000
8850,00 2,000
8855,00 0,000
8860,00 1,000
8865,00 4,000
8870,00 6,000
8875,00 3,000
8880,00 2,000
8885,00 3,000
8890,00 5,000
8895,00 4,000
8900,00 1,000
8905,00 4,000
8910,00 2,000
8915,00 2,000
8920,00 9,000
8925,00 5,000
8930,00 4,000
8935,00 1,000
8940,00 7,000
8945,00 2,000
8950,00 3,000
8955,00 1,000
8960,00 4,000
8965,00 7,000
8970,00 3,000
8975,00 5,000
8980,00 6,000
8985,00 4,000
8990,00 4,000
8995,00 5,000
9000,00 8,000
9005,00 9,000
9010,00 5,000
9015,00 4,000
9020,00 2,000
9025,00 5,000
9030,00 2,000
9035,00 4,000
9040,00 0,000
9045,00 1,000
9050,00 4,000
9055,00 2,000
9060,00 4,000
9065,00 6,000
9070,00 4,000
9075,00 4,000
9080,00 4,000
9085,00 4,000
9090,00 4,000
9095,00 2,000
9100,00 2,000
9105,00 5,000
9110,00 4,000
9115,00 3,000
9120,00 2,000
9125,00 7,000
9130,00 5,000
9135,00 4,000
9140,00 3,000
9145,00 3,000
9150,00 3,000
9155,00 5,000
9160,00 6,000
9165,00 8,000
9170,00 6,000
9175,00 3,000
9180,00 6,000
9185,00 2,000
9190,00 2,000
9195,00 7,000
9200,00 4,000
9205,00 3,000
9210,00 3,000
9215,00 1,000
9220,00 5,000
9225,00 4,000
9230,00 6,000
9235,00 1,000
9240,00 2,000
9245,00 2,000
9250,00 8,000
9255,00 4,000
9260,00 5,000
9265,00 2,000
9270,00 2,000
9275,00 6,000
9280,00 4,000
9285,00 5,000
9290,00 2,000
9295,00 2,000
9300,00 2,000
9305,00 4,000
9310,00 8,000
9315,00 6,000
9320,00 5,000
9325,00 7,000
9330,00 4,000
9335,00 5,000
9340,00 2,000
9345,00 2,000
9350,00 4,000
9355,00 2,000
9360,00 6,000
9365,00 4,000
9370,00 5,000
9375,00 5,000
9380,00 3,000
9385,00 3,000
9390,00 5,000
9395,00 5,000
9400,00 3,000
9405,00 3,000
9410,00 3,000
9415,00 5,000
9420,00 3,000
9425,00 12,000
9430,00 5,000
9435,00 7,000
9440,00 6,000
9445,00 3,000
9450,00 2,000
9455,00 7,000
9460,00 3,000
9465,00 4,000
9470,00 1,000
9475,00 6,000
9480,00 2,000
9485,00 6,000
9490,00 7,000
9495,00 6,000
9500,00 6,000
9505,00 6,000
9510,00 6,000
9515,00 3,000
9520,00 6,000
9525,00 4,000
9530,00 2,000
9535,00 3,000
9540,00 4,000
9545,00 7,000
9550,00 4,000
9555,00 4,000
9560,00 7,000
9565,00 11,000
9570,00 5,000
9575,00 7,000
9580,00 9,000
9585,00 5,000
9590,00 7,000
9595,00 6,000
9600,00 7,000
9605,00 4,000
9610,00 6,000
9615,00 3,000
9620,00 6,000
9625,00 4,000
9630,00 6,000
9635,00 5,000
9640,00 8,000
9645,00 8,000
9650,00 7,000
9655,00 10,000
9660,00 7,000
9665,00 1,000
9670,00 9,000
9675,00 3,000
9680,00 3,000
9685,00 4,000
9690,00 5,000
9695,00 5,000
9700,00 6,000
9705,00 7,000
9710,00 4,000
9715,00 6,000
9720,00 8,000
9725,00 7,000
9730,00 6,000
9735,00 6,000
9740,00 1,000
9745,00 8,000
9750,00 5,000
9755,00 3,000
9760,00 6,000
9765,00 10,000
9770,00 6,000
9775,00 7,000
9780,00 5,000
9785,00 10,000
9790,00 5,000
9795,00 5,000
9800,00 3,000
9805,00 7,000
9810,00 7,000
9815,00 8,000
9820,00 2,000
9825,00 6,000
9830,00 4,000
9835,00 1,000
9840,00 7,000
9845,00 7,000
9850,00 7,000
9855,00 5,000
9860,00 7,000
9865,00 5,000
9870,00 7,000
9875,00 6,000
9880,00 13,000
9885,00 2,000
9890,00 9,000
9895,00 4,000
9900,00 8,000
9905,00 10,000
9910,00 6,000
9915,00 10,000
9920,00 3,000
9925,00 5,000
9930,00 3,000
9935,00 4,000
9940,00 10,000
9945,00 4,000
9950,00 4,000
9955,00 5,000
9960,00 8,000
9965,00 6,000
9970,00 6,000
9975,00 5,000
9980,00 6,000
9985,00 6,000
9990,00 4,000
9995,00 10,000
10000,00 8,000
10005,00 9,000
10010,00 5,000
10015,00 6,000
10020,00 6,000
10025,00 5,000
10030,00 10,000
10035,00 7,000
10040,00 6,000
10045,00 7,000
10050,00 11,000
10055,00 9,000
10060,00 7,000
10065,00 6,000
10070,00 6,000
10075,00 5,000
10080,00 4,000
10085,00 9,000
10090,00 4,000
10095,00 9,000
10100,00 8,000
10105,00 6,000
10110,00 5,000
10115,00 10,000
10120,00 5,000
10125,00 8,000
10130,00 5,000
10135,00 4,000
10140,00 9,000
10145,00 11,000
10150,00 7,000
10155,00 4,000
10160,00 5,000
10165,00 8,000
10170,00 6,000
10175,00 8,000
10180,00 6,000
10185,00 8,000
10190,00 8,000
10195,00 5,000
10200,00 9,000
10205,00 9,000
10210,00 9,000
10215,00 6,000
10220,00 7,000
10225,00 8,000
10230,00 6,000
10235,00 10,000
10240,00 8,000
10245,00 6,000
10250,00 12,000
10255,00 11,000
10260,00 6,000
10265,00 8,000
10270,00 7,000
10275,00 4,000
10280,00 1,000
10285,00 10,000
10290,00 8,000
10295,00 10,000
10300,00 3,000
10305,00 13,000
10310,00 2,000
10315,00 6,000
10320,00 6,000
10325,00 5,000
10330,00 8,000
10335,00 6,000
10340,00 3,000
10345,00 5,000
10350,00 8,000
10355,00 10,000
10360,00 12,000
10365,00 8,000
10370,00 7,000
10375,00 12,000
10380,00 9,000
10385,00 8,000
10390,00 5,000
10395,00 3,000
10400,00 5,000
10405,00 4,000
10410,00 8,000
10415,00 12,000
10420,00 10,000
10425,00 6,000
10430,00 6,000
10435,00 11,000
10440,00 7,000
10445,00 7,000
10450,00 7,000
10455,00 10,000
10460,00 8,000
10465,00 7,000
10470,00 8,000
10475,00 10,000
10480,00 6,000
10485,00 6,000
10490,00 12,000
10495,00 8,000
10500,00 10,000
10505,00 10,000
10510,00 8,000
10515,00 10,000
10520,00 5,000
10525,00 9,000
10530,00 10,000
10535,00 15,000
10540,00 6,000
10545,00 7,000
10550,00 18,000
10555,00 10,000
10560,00 8,000
10565,00 14,000
10570,00 8,000
10575,00 5,000
10580,00 7,000
10585,00 6,000
10590,00 8,000
10595,00 13,000
10600,00 9,000
10605,00 9,000
10610,00 7,000
10615,00 8,000
10620,00 6,000
10625,00 11,000
10630,00 10,000
10635,00 9,000
10640,00 9,000
10645,00 5,000
10650,00 8,000
10655,00 13,000
10660,00 15,000
10665,00 13,000
10670,00 7,000
10675,00 6,000
10680,00 5,000
10685,00 11,000
10690,00 4,000
10695,00 10,000
10700,00 12,000
10705,00 8,000
10710,00 7,000
10715,00 8,000
10720,00 10,000
10725,00 11,000
10730,00 13,000
10735,00 11,000
10740,00 10,000
10745,00 3,000
10750,00 12,000
10755,00 10,000
10760,00 11,000
10765,00 17,000
10770,00 11,000
10775,00 7,000
10780,00 8,000
10785,00 12,000
10790,00 13,000
10795,00 11,000
10800,00 11,000
10805,00 11,000
10810,00 9,000
10815,00 8,000
10820,00 14,000
10825,00 9,000
10830,00 12,000
10835,00 13,000
10840,00 9,000
10845,00 11,000
10850,00 16,000
10855,00 13,000
10860,00 10,000
10865,00 7,000
10870,00 12,000
10875,00 12,000
10880,00 10,000
10885,00 11,000
10890,00 12,000
10895,00 20,000
10900,00 7,000
10905,00 12,000
10910,00 12,000
10915,00 5,000
10920,00 7,000
10925,00 8,000
10930,00 11,000
10935,00 8,000
10940,00 12,000
10945,00 9,000
10950,00 4,000
10955,00 10,000
10960,00 15,000
10965,00 10,000
10970,00 10,000
10975,00 4,000
10980,00 11,000
10985,00 9,000
10990,00 11,000
10995,00 13,000
11000,00 18,000
11005,00 10,000
11010,00 12,000
11015,00 12,000
11020,00 10,000
11025,00 11,000
11030,00 19,000
11035,00 15,000
11040,00 15,000
11045,00 8,000
11050,00 6,000
11055,00 17,000
11060,00 13,000
11065,00 13,000
11070,00 18,000
11075,00 15,000
11080,00 13,000
11085,00 8,000
11090,00 9,000
11095,00 16,000
11100,00 14,000
11105,00 14,000
11110,00 11,000
11115,00 18,000
11120,00 19,000
11125,00 13,000
11130,00 11,000
11135,00 7,000
11140,00 12,000
11145,00 14,000
11150,00 13,000
11155,00 20,000
11160,00 14,000
11165,00 15,000
11170,00 12,000
11175,00 15,000
11180,00 15,000
11185,00 8,000
11190,00 16,000
11195,00 16,000
11200,00 4,000
11205,00 19,000
11210,00 15,000
11215,00 20,000
11220,00 14,000
11225,00 19,000
11230,00 12,000
11235,00 15,000
11240,00 18,000
11245,00 21,000
11250,00 16,000
11255,00 16,000
11260,00 12,000
11265,00 17,000
11270,00 18,000
11275,00 10,000
11280,00 16,000
11285,00 15,000
11290,00 17,000
11295,00 15,000
11300,00 10,000
11305,00 16,000
11310,00 20,000
11315,00 23,000
11320,00 18,000
11325,00 14,000
11330,00 16,000
11335,00 15,000
11340,00 13,000
11345,00 17,000
11350,00 16,000
11355,00 13,000
11360,00 19,000
11365,00 12,000
11370,00 16,000
11375,00 9,000
11380,00 17,000
11385,00 20,000
11390,00 18,000
11395,00 13,000
11400,00 10,000
11405,00 8,000
11410,00 18,000
11415,00 17,000
11420,00 16,000
11425,00 17,000
11430,00 17,000
11435,00 21,000
11440,00 16,000
11445,00 11,000
11450,00 16,000
11455,00 17,000
11460,00 24,000
11465,00 14,000
11470,00 24,000
11475,00 21,000
11480,00 23,000
11485,00 25,000
11490,00 22,000
11495,00 21,000
11500,00 14,000
11505,00 22,000
11510,00 22,000
11515,00 13,000
11520,00 29,000
11525,00 15,000
11530,00 16,000
11535,00 18,000
11540,00 12,000
11545,00 23,000
11550,00 13,000
11555,00 15,000
11560,00 13,000
11565,00 15,000
11570,00 14,000
11575,00 17,000
11580,00 21,000
11585,00 21,000
11590,00 18,000
11595,00 20,000
11600,00 18,000
11605,00 21,000
11610,00 19,000
11615,00 20,000
11620,00 16,000
11625,00 15,000
11630,00 11,000
11635,00 13,000
11640,00 23,000
11645,00 20,000
11650,00 29,000
11655,00 15,000
11660,00 17,000
11665,00 21,000
11670,00 21,000
11675,00 26,000
11680,00 21,000
11685,00 16,000
11690,00 13,000
11695,00 10,000
11700,00 20,000
11705,00 21,000
11710,00 19,000
11715,00 20,000
11720,00 20,000
11725,00 22,000
11730,00 20,000
11735,00 24,000
11740,00 21,000
11745,00 18,000
11750,00 28,000
11755,00 28,000
11760,00 18,000
11765,00 19,000
11770,00 17,000
11775,00 21,000
11780,00 19,000
11785,00 22,000
11790,00 20,000
11795,00 26,000
11800,00 20,000
11805,00 17,000
11810,00 26,000
11815,00 19,000
11820,00 22,000
11825,00 21,000
11830,00 24,000
11835,00 27,000
11840,00 29,000
11845,00 19,000
11850,00 25,000
11855,00 22,000
11860,00 17,000
11865,00 19,000
11870,00 22,000
11875,00 28,000
11880,00 24,000
11885,00 20,000
11890,00 25,000
11895,00 24,000
11900,00 22,000
11905,00 17,000
11910,00 19,000
11915,00 30,000
11920,00 14,000
11925,00 21,000
11930,00 31,000
11935,00 26,000
11940,00 32,000
11945,00 21,000
11950,00 23,000
11955,00 23,000
11960,00 31,000
11965,00 27,000
11970,00 24,000
11975,00 32,000
11980,00 28,000
11985,00 24,000
11990,00 24,000
11995,00 20,000
12000,00 16,000
12005,00 25,000
12010,00 23,000
12015,00 30,000
12020,00 33,000
12025,00 39,000
12030,00 39,000
12035,00 21,000
12040,00 21,000
12045,00 32,000
12050,00 26,000
12055,00 36,000
12060,00 28,000
12065,00 29,000
12070,00 35,000
12075,00 34,000
12080,00 27,000
12085,00 25,000
12090,00 29,000
12095,00 32,000
12100,00 26,000
12105,00 25,000
12110,00 22,000
12115,00 27,000
12120,00 28,000
12125,00 27,000
12130,00 30,000
12135,00 27,000
12140,00 33,000
12145,00 27,000
12150,00 26,000
12155,00 41,000
12160,00 35,000
12165,00 26,000
12170,00 29,000
12175,00 30,000
12180,00 25,000
12185,00 42,000
12190,00 30,000
12195,00 19,000
12200,00 34,000
12205,00 36,000
12210,00 23,000
12215,00 34,000
12220,00 35,000
12225,00 40,000
12230,00 27,000
12235,00 32,000
12240,00 23,000
12245,00 32,000
12250,00 29,000
12255,00 27,000
12260,00 40,000
12265,00 26,000
12270,00 27,000
12275,00 31,000
12280,00 26,000
12285,00 28,000
12290,00 43,000
12295,00 36,000
12300,00 37,000
12305,00 30,000
12310,00 31,000
12315,00 41,000
12320,00 33,000
12325,00 37,000
12330,00 39,000
12335,00 24,000
12340,00 26,000
12345,00 22,000
12350,00 40,000
12355,00 30,000
12360,00 37,000
12365,00 42,000
12370,00 32,000
12375,00 31,000
12380,00 34,000
12385,00 45,000
12390,00 35,000
12395,00 32,000
12400,00 33,000
12405,00 35,000
12410,00 32,000
12415,00 28,000
12420,00 34,000
12425,00 38,000
12430,00 35,000
12435,00 36,000
12440,00 35,000
12445,00 39,000
12450,00 29,000
12455,00 37,000
12460,00 41,000
12465,00 27,000
12470,00 53,000
12475,00 45,000
12480,00 41,000
12485,00 42,000
12490,00 38,000
12495,00 58,000
12500,00 45,000
12505,00 44,000
12510,00 39,000
12515,00 56,000
12520,00 32,000
12525,00 41,000
12530,00 39,000
12535,00 52,000
12540,00 49,000
12545,00 33,000
12550,00 50,000
12555,00 36,000
12560,00 44,000
12565,00 41,000
12570,00 42,000
12575,00 46,000
12580,00 42,000
12585,00 41,000
12590,00 40,000
12595,00 46,000
12600,00 53,000
12605,00 42,000
12610,00 58,000
12615,00 49,000
12620,00 49,000
12625,00 48,000
12630,00 43,000
12635,00 55,000
12640,00 52,000
12645,00 41,000
12650,00 39,000
12655,00 54,000
12660,00 44,000
12665,00 59,000
12670,00 60,000
12675,00 46,000
12680,00 57,000
12685,00 45,000
12690,00 50,000
12695,00 60,000
12700,00 57,000
12705,00 52,000
12710,00 39,000
12715,00 46,000
12720,00 52,000
12725,00 55,000
12730,00 43,000
12735,00 60,000
12740,00 39,000
12745,00 49,000
12750,00 50,000
12755,00 59,000
12760,00 57,000
12765,00 49,000
12770,00 45,000
12775,00 49,000
12780,00 45,000
12785,00 58,000
12790,00 37,000
12795,00 56,000
12800,00 49,000
12805,00 65,000
12810,00 49,000
12815,00 62,000
12820,00 44,000
12825,00 65,000
12830,00 53,000
12835,00 66,000
12840,00 50,000
12845,00 54,000
12850,00 68,000
12855,00 53,000
12860,00 57,000
12865,00 56,000
12870,00 57,000
12875,00 49,000
12880,00 69,000
12885,00 62,000
12890,00 63,000
12895,00 55,000
12900,00 56,000
12905,00 59,000
12910,00 76,000
12915,00 53,000
12920,00 40,000
12925,00 51,000
12930,00 62,000
12935,00 59,000
12940,00 58,000
12945,00 49,000
12950,00 65,000
12955,00 75,000
12960,00 72,000
12965,00 55,000
12970,00 67,000
12975,00 69,000
12980,00 78,000
12985,00 76,000
12990,00 49,000
12995,00 65,000
13000,00 63,000
13005,00 70,000
13010,00 59,000
13015,00 63,000
13020,00 56,000
13025,00 44,000
13030,00 56,000
13035,00 71,000
13040,00 60,000
13045,00 67,000
13050,00 73,000
13055,00 74,000
13060,00 62,000
13065,00 55,000
13070,00 63,000
13075,00 73,000
13080,00 66,000
13085,00 79,000
13090,00 75,000
13095,00 66,000
13100,00 66,000
13105,00 65,000
13110,00 68,000
13115,00 69,000
13120,00 84,000
13125,00 89,000
13130,00 78,000
13135,00 63,000
13140,00 73,000
13145,00 73,000
13150,00 73,000
13155,00 68,000
13160,00 60,000
13165,00 72,000
13170,00 95,000
13175,00 84,000
13180,00 90,000
13185,00 76,000
13190,00 85,000
13195,00 75,000
13200,00 74,000
13205,00 70,000
13210,00 80,000
13215,00 85,000
13220,00 78,000
13225,00 86,000
13230,00 73,000
13235,00 71,000
13240,00 65,000
13245,00 80,000
13250,00 79,000
13255,00 74,000
13260,00 85,000
13265,00 93,000
13270,00 90,000
13275,00 83,000
13280,00 85,000
13285,00 79,000
13290,00 105,000
13295,00 81,000
13300,00 92,000
13305,00 99,000
13310,00 75,000
13315,00 96,000
13320,00 90,000
13325,00 91,000
13330,00 77,000
13335,00 105,000
13340,00 96,000
13345,00 83,000
13350,00 93,000
13355,00 93,000
13360,00 98,000
13365,00 95,000
13370,00 104,000
13375,00 92,000
13380,00 99,000
13385,00 90,000
13390,00 83,000
13395,00 84,000
13400,00 93,000
13405,00 88,000
13410,00 106,000
13415,00 92,000
13420,00 98,000
13425,00 92,000
13430,00 108,000
13435,00 95,000
13440,00 105,000
13445,00 85,000
13450,00 86,000
13455,00 90,000
13460,00 119,000
13465,00 100,000
13470,00 98,000
13475,00 105,000
13480,00 97,000
13485,00 94,000
13490,00 85,000
13495,00 105,000
13500,00 106,000
13505,00 99,000
13510,00 105,000
13515,00 111,000
13520,00 98,000
13525,00 105,000
13530,00 110,000
13535,00 90,000
13540,00 103,000
13545,00 102,000
13550,00 111,000
13555,00 101,000
13560,00 113,000
13565,00 131,000
13570,00 120,000
13575,00 100,000
13580,00 97,000
13585,00 112,000
13590,00 103,000
13595,00 112,000
13600,00 118,000
13605,00 109,000
13610,00 137,000
13615,00 139,000
13620,00 128,000
13625,00 108,000
13630,00 109,000
13635,00 104,000
13640,00 125,000
13645,00 126,000
13650,00 115,000
13655,00 118,000
13660,00 129,000
13665,00 98,000
13670,00 109,000
13675,00 129,000
13680,00 108,000
13685,00 109,000
13690,00 120,000
13695,00 131,000
13700,00 120,000
13705,00 137,000
13710,00 123,000
13715,00 142,000
13720,00 135,000
13725,00 131,000
13730,00 121,000
13735,00 132,000
13740,00 136,000
13745,00 128,000
13750,00 131,000
13755,00 137,000
13760,00 136,000
13765,00 141,000
13770,00 120,000
13775,00 132,000
13780,00 130,000
13785,00 125,000
13790,00 140,000
13795,00 134,000
13800,00 154,000
13805,00 145,000
13810,00 135,000
13815,00 141,000
13820,00 136,000
13825,00 164,000
13830,00 138,000
13835,00 150,000
13840,00 150,000
13845,00 154,000
13850,00 139,000
13855,00 145,000
13860,00 146,000
13865,00 145,000
13870,00 161,000
13875,00 152,000
13880,00 152,000
13885,00 159,000
13890,00 125,000
13895,00 149,000
13900,00 163,000
13905,00 146,000
13910,00 167,000
13915,00 178,000
13920,00 152,000
13925,00 161,000
13930,00 150,000
13935,00 134,000
13940,00 157,000
13945,00 146,000
13950,00 139,000
13955,00 155,000
13960,00 166,000
13965,00 167,000
13970,00 177,000
13975,00 158,000
13980,00 173,000
13985,00 185,000
13990,00 166,000
13995,00 182,000
14000,00 155,000
14005,00 172,000
14010,00 158,000
14015,00 213,000
14020,00 187,000
14025,00 195,000
14030,00 188,000
14035,00 169,000
14040,00 193,000
14045,00 162,000
14050,00 204,000
14055,00 185,000
14060,00 195,000
14065,00 209,000
14070,00 213,000
14075,00 200,000
14080,00 201,000
14085,00 209,000
14090,00 204,000
14095,00 191,000
14100,00 200,000
14105,00 211,000
14110,00 207,000
14115,00 202,000
14120,00 217,000
14125,00 212,000
14130,00 207,000
14135,00 211,000
14140,00 222,000
14145,00 207,000
14150,00 223,000
14155,00 199,000
14160,00 194,000
14165,00 216,000
14170,00 230,000
14175,00 206,000
14180,00 205,000
14185,00 199,000
14190,00 205,000
14195,00 181,000
14200,00 181,000
14205,00 186,000
14210,00 199,000
14215,00 151,000
14220,00 175,000
14225,00 184,000
14230,00 172,000
14235,00 138,000
14240,00 160,000
14245,00 148,000
14250,00 168,000
14255,00 134,000
14260,00 147,000
14265,00 145,000
14270,00 161,000
14275,00 170,000
14280,00 134,000
14285,00 154,000
14290,00 159,000
14295,00 156,000
14300,00 153,000
14305,00 144,000
14310,00 123,000
14315,00 174,000
14320,00 131,000
14325,00 170,000
14330,00 161,000
14335,00 140,000
14340,00 145,000
14345,00 133,000
14350,00 136,000
14355,00 133,000
14360,00 147,000
14365,00 170,000
14370,00 139,000
14375,00 152,000
14380,00 138,000
14385,00 151,000
14390,00 162,000
14395,00 154,000
14400,00 146,000
14405,00 161,000
14410,00 148,000
14415,00 189,000
14420,00 169,000
14425,00 166,000
14430,00 171,000
14435,00 133,000
14440,00 142,000
14445,00 136,000
14450,00 138,000
14455,00 163,000
14460,00 153,000
14465,00 158,000
14470,00 166,000
14475,00 167,000
14480,00 149,000
14485,00 175,000
14490,00 155,000
14495,00 175,000
14500,00 201,000
14505,00 193,000
14510,00 172,000
14515,00 195,000
14520,00 210,000
14525,00 179,000
14530,00 181,000
14535,00 165,000
14540,00 148,000
14545,00 144,000
14550,00 117,000
14555,00 120,000
14560,00 99,000
14565,00 103,000
14570,00 100,000
14575,00 107,000
14580,00 99,000
14585,00 78,000
14590,00 46,000
14595,00 52,000
14600,00 48,000
14605,00 40,000
14610,00 45,000
14615,00 37,000
14620,00 42,000
14625,00 28,000
14630,00 30,000
14635,00 21,000
14640,00 19,000
14645,00 17,000
14650,00 19,000
14655,00 12,000
14660,00 21,000
14665,00 15,000
14670,00 15,000
14675,00 19,000
14680,00 16,000
14685,00 12,000
14690,00 3,000
14695,00 14,000
14700,00 11,000
14705,00 5,000
14710,00 3,000
14715,00 6,000
14720,00 3,000
14725,00 4,000
14730,00 4,000
14735,00 5,000
14740,00 2,000
14745,00 6,000
14750,00 5,000
14755,00 4,000
14760,00 4,000
14765,00 6,000
14770,00 7,000
14775,00 9,000
14780,00 2,000
14785,00 5,000
14790,00 1,000
14795,00 1,000
14800,00 2,000
14805,00 1,000
14810,00 0,000
14815,00 0,000
14820,00 1,000
14825,00 0,000
14830,00 0,000
14835,00 1,000
14840,00 1,000
14845,00 1,000
14850,00 0,000
14855,00 0,000
14860,00 0,000
14865,00 0,000
14870,00 0,000
14875,00 0,000
14880,00 0,000
14885,00 0,000
14890,00 0,000
14895,00 0,000
14900,00 0,000
14905,00 0,000
14910,00 0,000
14915,00 0,000
14920,00 0,000
14925,00 0,000
14930,00 0,000
14935,00 0,000
14940,00 0,000
14945,00 0,000
14950,00 0,000
14955,00 0,000
14960,00 0,000
14965,00 0,000
14970,00 0,000
14975,00 0,000
14980,00 0,000
14985,00 0,000
14990,00 0,000
14995,00 0,000
15000,00 0,000
