Energy particles 
eV  count 

***************** ISInCa - Ion Surface Interaction Calculator v2024.3.7 *****************
*               by mauveferret@gmail.com from "Plasma physics" dep., MEPhI               *
******************************************************************************************
*          Calculated with SDTrimSP. ISInCa postprocessing id SDTrimSP_0.0_9012          *
*      Postprocessing started at 2025-01-26 at 11:34:20 UTC. Main input parameters:      *
*          Ne beam with E0 = 11000.0 eV at polar angle 0.0 degrees from normal           *
*                azimuth angle 0.0 degrees with doze 100000000 particles                 *
*                                    target of  W Cr                                     *
******************************************************************************************
*          E step 2.0 eV  beta 32.0 deg dBeta 1.0 deg phi 0.0 deg dPhi 180.0 deg         *
******************************************************************************************

*                              calculated  for Ne elements                               *
******************************************************************************************
0.00 0.000
2.00 0.000
4.00 0.000
6.00 0.000
8.00 0.000
10.00 0.000
12.00 0.000
14.00 0.000
16.00 0.000
18.00 0.000
20.00 0.000
22.00 0.000
24.00 0.000
26.00 0.000
28.00 0.000
30.00 0.000
32.00 0.000
34.00 0.000
36.00 0.000
38.00 0.000
40.00 0.000
42.00 0.000
44.00 0.000
46.00 0.000
48.00 0.000
50.00 0.000
52.00 0.000
54.00 0.000
56.00 0.000
58.00 0.000
60.00 0.000
62.00 0.000
64.00 0.000
66.00 0.000
68.00 0.000
70.00 0.000
72.00 0.000
74.00 0.000
76.00 0.000
78.00 0.000
80.00 0.000
82.00 0.000
84.00 0.000
86.00 0.000
88.00 0.000
90.00 0.000
92.00 0.000
94.00 0.000
96.00 0.000
98.00 0.000
100.00 0.000
102.00 0.000
104.00 0.000
106.00 0.000
108.00 0.000
110.00 0.000
112.00 0.000
114.00 0.000
116.00 0.000
118.00 0.000
120.00 0.000
122.00 0.000
124.00 0.000
126.00 0.000
128.00 0.000
130.00 0.000
132.00 0.000
134.00 0.000
136.00 0.000
138.00 0.000
140.00 0.000
142.00 0.000
144.00 0.000
146.00 0.000
148.00 0.000
150.00 0.000
152.00 0.000
154.00 0.000
156.00 0.000
158.00 0.000
160.00 0.000
162.00 0.000
164.00 0.000
166.00 0.000
168.00 0.000
170.00 0.000
172.00 0.000
174.00 0.000
176.00 0.000
178.00 0.000
180.00 0.000
182.00 0.000
184.00 0.000
186.00 0.000
188.00 0.000
190.00 0.000
192.00 0.000
194.00 0.000
196.00 0.000
198.00 0.000
200.00 0.000
202.00 0.000
204.00 0.000
206.00 0.000
208.00 0.000
210.00 0.000
212.00 0.000
214.00 0.000
216.00 0.000
218.00 0.000
220.00 0.000
222.00 0.000
224.00 0.000
226.00 0.000
228.00 0.000
230.00 0.000
232.00 0.000
234.00 0.000
236.00 0.000
238.00 0.000
240.00 0.000
242.00 0.000
244.00 0.000
246.00 0.000
248.00 0.000
250.00 0.000
252.00 0.000
254.00 0.000
256.00 0.000
258.00 0.000
260.00 0.000
262.00 0.000
264.00 0.000
266.00 0.000
268.00 0.000
270.00 0.000
272.00 0.000
274.00 0.000
276.00 0.000
278.00 0.000
280.00 0.000
282.00 0.000
284.00 0.000
286.00 0.000
288.00 0.000
290.00 0.000
292.00 0.000
294.00 0.000
296.00 0.000
298.00 0.000
300.00 0.000
302.00 0.000
304.00 0.000
306.00 0.000
308.00 0.000
310.00 0.000
312.00 0.000
314.00 0.000
316.00 0.000
318.00 0.000
320.00 0.000
322.00 0.000
324.00 0.000
326.00 0.000
328.00 0.000
330.00 0.000
332.00 0.000
334.00 0.000
336.00 0.000
338.00 0.000
340.00 0.000
342.00 0.000
344.00 0.000
346.00 0.000
348.00 0.000
350.00 0.000
352.00 0.000
354.00 0.000
356.00 0.000
358.00 0.000
360.00 0.000
362.00 0.000
364.00 0.000
366.00 0.000
368.00 0.000
370.00 0.000
372.00 0.000
374.00 0.000
376.00 0.000
378.00 0.000
380.00 0.000
382.00 0.000
384.00 0.000
386.00 0.000
388.00 0.000
390.00 0.000
392.00 0.000
394.00 0.000
396.00 0.000
398.00 0.000
400.00 0.000
402.00 0.000
404.00 0.000
406.00 0.000
408.00 0.000
410.00 0.000
412.00 0.000
414.00 0.000
416.00 0.000
418.00 0.000
420.00 0.000
422.00 0.000
424.00 0.000
426.00 0.000
428.00 0.000
430.00 0.000
432.00 0.000
434.00 0.000
436.00 0.000
438.00 0.000
440.00 0.000
442.00 0.000
444.00 0.000
446.00 0.000
448.00 0.000
450.00 0.000
452.00 0.000
454.00 0.000
456.00 0.000
458.00 0.000
460.00 0.000
462.00 0.000
464.00 0.000
466.00 0.000
468.00 0.000
470.00 0.000
472.00 0.000
474.00 0.000
476.00 0.000
478.00 0.000
480.00 0.000
482.00 0.000
484.00 0.000
486.00 0.000
488.00 0.000
490.00 0.000
492.00 0.000
494.00 0.000
496.00 0.000
498.00 0.000
500.00 0.000
502.00 0.000
504.00 0.000
506.00 0.000
508.00 0.000
510.00 0.000
512.00 0.000
514.00 0.000
516.00 0.000
518.00 0.000
520.00 0.000
522.00 0.000
524.00 0.000
526.00 0.000
528.00 0.000
530.00 0.000
532.00 0.000
534.00 0.000
536.00 0.000
538.00 0.000
540.00 0.000
542.00 0.000
544.00 0.000
546.00 0.000
548.00 0.000
550.00 0.000
552.00 0.000
554.00 0.000
556.00 0.000
558.00 0.000
560.00 0.000
562.00 0.000
564.00 0.000
566.00 0.000
568.00 0.000
570.00 0.000
572.00 0.000
574.00 0.000
576.00 0.000
578.00 0.000
580.00 0.000
582.00 0.000
584.00 0.000
586.00 0.000
588.00 0.000
590.00 0.000
592.00 0.000
594.00 0.000
596.00 0.000
598.00 0.000
600.00 0.000
602.00 0.000
604.00 0.000
606.00 0.000
608.00 0.000
610.00 0.000
612.00 0.000
614.00 0.000
616.00 0.000
618.00 0.000
620.00 0.000
622.00 0.000
624.00 0.000
626.00 0.000
628.00 0.000
630.00 0.000
632.00 0.000
634.00 0.000
636.00 0.000
638.00 0.000
640.00 0.000
642.00 0.000
644.00 0.000
646.00 0.000
648.00 0.000
650.00 0.000
652.00 0.000
654.00 0.000
656.00 0.000
658.00 0.000
660.00 0.000
662.00 0.000
664.00 0.000
666.00 0.000
668.00 0.000
670.00 0.000
672.00 0.000
674.00 0.000
676.00 0.000
678.00 0.000
680.00 0.000
682.00 0.000
684.00 0.000
686.00 0.000
688.00 0.000
690.00 0.000
692.00 0.000
694.00 0.000
696.00 0.000
698.00 0.000
700.00 0.000
702.00 0.000
704.00 0.000
706.00 0.000
708.00 0.000
710.00 0.000
712.00 0.000
714.00 0.000
716.00 0.000
718.00 0.000
720.00 0.000
722.00 0.000
724.00 0.000
726.00 0.000
728.00 0.000
730.00 0.000
732.00 0.000
734.00 0.000
736.00 0.000
738.00 0.000
740.00 0.000
742.00 0.000
744.00 0.000
746.00 0.000
748.00 0.000
750.00 0.000
752.00 0.000
754.00 0.000
756.00 0.000
758.00 0.000
760.00 0.000
762.00 0.000
764.00 0.000
766.00 0.000
768.00 0.000
770.00 0.000
772.00 0.000
774.00 0.000
776.00 0.000
778.00 0.000
780.00 0.000
782.00 0.000
784.00 0.000
786.00 0.000
788.00 0.000
790.00 0.000
792.00 0.000
794.00 0.000
796.00 0.000
798.00 0.000
800.00 0.000
802.00 0.000
804.00 0.000
806.00 0.000
808.00 0.000
810.00 0.000
812.00 0.000
814.00 0.000
816.00 0.000
818.00 0.000
820.00 0.000
822.00 0.000
824.00 0.000
826.00 0.000
828.00 0.000
830.00 0.000
832.00 0.000
834.00 0.000
836.00 0.000
838.00 0.000
840.00 0.000
842.00 0.000
844.00 0.000
846.00 0.000
848.00 0.000
850.00 0.000
852.00 0.000
854.00 0.000
856.00 0.000
858.00 0.000
860.00 0.000
862.00 0.000
864.00 1.000
866.00 0.000
868.00 0.000
870.00 0.000
872.00 0.000
874.00 0.000
876.00 0.000
878.00 0.000
880.00 0.000
882.00 0.000
884.00 0.000
886.00 0.000
888.00 0.000
890.00 0.000
892.00 0.000
894.00 0.000
896.00 0.000
898.00 0.000
900.00 0.000
902.00 0.000
904.00 0.000
906.00 0.000
908.00 0.000
910.00 0.000
912.00 0.000
914.00 0.000
916.00 0.000
918.00 0.000
920.00 0.000
922.00 0.000
924.00 0.000
926.00 0.000
928.00 0.000
930.00 0.000
932.00 0.000
934.00 0.000
936.00 0.000
938.00 0.000
940.00 0.000
942.00 0.000
944.00 0.000
946.00 0.000
948.00 0.000
950.00 0.000
952.00 0.000
954.00 0.000
956.00 0.000
958.00 0.000
960.00 0.000
962.00 0.000
964.00 0.000
966.00 0.000
968.00 0.000
970.00 0.000
972.00 0.000
974.00 0.000
976.00 0.000
978.00 0.000
980.00 0.000
982.00 0.000
984.00 0.000
986.00 0.000
988.00 0.000
990.00 0.000
992.00 0.000
994.00 0.000
996.00 0.000
998.00 0.000
1000.00 0.000
1002.00 0.000
1004.00 0.000
1006.00 0.000
1008.00 0.000
1010.00 0.000
1012.00 0.000
1014.00 0.000
1016.00 0.000
1018.00 0.000
1020.00 0.000
1022.00 0.000
1024.00 0.000
1026.00 0.000
1028.00 0.000
1030.00 0.000
1032.00 0.000
1034.00 0.000
1036.00 0.000
1038.00 0.000
1040.00 0.000
1042.00 0.000
1044.00 0.000
1046.00 0.000
1048.00 0.000
1050.00 0.000
1052.00 0.000
1054.00 0.000
1056.00 0.000
1058.00 0.000
1060.00 0.000
1062.00 0.000
1064.00 0.000
1066.00 0.000
1068.00 0.000
1070.00 0.000
1072.00 0.000
1074.00 0.000
1076.00 0.000
1078.00 0.000
1080.00 0.000
1082.00 0.000
1084.00 0.000
1086.00 0.000
1088.00 0.000
1090.00 0.000
1092.00 0.000
1094.00 0.000
1096.00 0.000
1098.00 0.000
1100.00 0.000
1102.00 0.000
1104.00 0.000
1106.00 0.000
1108.00 0.000
1110.00 0.000
1112.00 0.000
1114.00 0.000
1116.00 0.000
1118.00 0.000
1120.00 0.000
1122.00 0.000
1124.00 0.000
1126.00 0.000
1128.00 0.000
1130.00 0.000
1132.00 0.000
1134.00 0.000
1136.00 0.000
1138.00 0.000
1140.00 0.000
1142.00 0.000
1144.00 0.000
1146.00 0.000
1148.00 0.000
1150.00 0.000
1152.00 0.000
1154.00 0.000
1156.00 0.000
1158.00 0.000
1160.00 0.000
1162.00 0.000
1164.00 0.000
1166.00 0.000
1168.00 0.000
1170.00 0.000
1172.00 0.000
1174.00 0.000
1176.00 0.000
1178.00 0.000
1180.00 0.000
1182.00 0.000
1184.00 0.000
1186.00 0.000
1188.00 0.000
1190.00 0.000
1192.00 0.000
1194.00 0.000
1196.00 0.000
1198.00 0.000
1200.00 0.000
1202.00 0.000
1204.00 0.000
1206.00 0.000
1208.00 0.000
1210.00 0.000
1212.00 0.000
1214.00 0.000
1216.00 0.000
1218.00 0.000
1220.00 0.000
1222.00 0.000
1224.00 0.000
1226.00 0.000
1228.00 0.000
1230.00 0.000
1232.00 0.000
1234.00 0.000
1236.00 0.000
1238.00 0.000
1240.00 0.000
1242.00 0.000
1244.00 0.000
1246.00 0.000
1248.00 0.000
1250.00 0.000
1252.00 0.000
1254.00 0.000
1256.00 0.000
1258.00 0.000
1260.00 0.000
1262.00 0.000
1264.00 0.000
1266.00 0.000
1268.00 0.000
1270.00 0.000
1272.00 0.000
1274.00 0.000
1276.00 0.000
1278.00 0.000
1280.00 0.000
1282.00 0.000
1284.00 0.000
1286.00 0.000
1288.00 0.000
1290.00 0.000
1292.00 0.000
1294.00 0.000
1296.00 0.000
1298.00 0.000
1300.00 0.000
1302.00 0.000
1304.00 0.000
1306.00 0.000
1308.00 0.000
1310.00 0.000
1312.00 0.000
1314.00 0.000
1316.00 0.000
1318.00 0.000
1320.00 0.000
1322.00 0.000
1324.00 0.000
1326.00 0.000
1328.00 0.000
1330.00 0.000
1332.00 0.000
1334.00 0.000
1336.00 0.000
1338.00 0.000
1340.00 0.000
1342.00 0.000
1344.00 0.000
1346.00 0.000
1348.00 0.000
1350.00 0.000
1352.00 0.000
1354.00 0.000
1356.00 0.000
1358.00 0.000
1360.00 0.000
1362.00 0.000
1364.00 0.000
1366.00 0.000
1368.00 0.000
1370.00 0.000
1372.00 0.000
1374.00 0.000
1376.00 0.000
1378.00 0.000
1380.00 0.000
1382.00 0.000
1384.00 0.000
1386.00 0.000
1388.00 0.000
1390.00 0.000
1392.00 0.000
1394.00 0.000
1396.00 0.000
1398.00 0.000
1400.00 0.000
1402.00 0.000
1404.00 0.000
1406.00 0.000
1408.00 0.000
1410.00 0.000
1412.00 0.000
1414.00 0.000
1416.00 0.000
1418.00 0.000
1420.00 0.000
1422.00 0.000
1424.00 0.000
1426.00 0.000
1428.00 0.000
1430.00 0.000
1432.00 0.000
1434.00 0.000
1436.00 0.000
1438.00 0.000
1440.00 0.000
1442.00 0.000
1444.00 0.000
1446.00 0.000
1448.00 0.000
1450.00 0.000
1452.00 0.000
1454.00 0.000
1456.00 0.000
1458.00 0.000
1460.00 0.000
1462.00 0.000
1464.00 0.000
1466.00 0.000
1468.00 0.000
1470.00 0.000
1472.00 0.000
1474.00 0.000
1476.00 0.000
1478.00 0.000
1480.00 0.000
1482.00 0.000
1484.00 0.000
1486.00 0.000
1488.00 0.000
1490.00 0.000
1492.00 0.000
1494.00 0.000
1496.00 0.000
1498.00 0.000
1500.00 0.000
1502.00 0.000
1504.00 0.000
1506.00 0.000
1508.00 0.000
1510.00 0.000
1512.00 0.000
1514.00 0.000
1516.00 0.000
1518.00 0.000
1520.00 0.000
1522.00 0.000
1524.00 0.000
1526.00 0.000
1528.00 0.000
1530.00 0.000
1532.00 0.000
1534.00 0.000
1536.00 0.000
1538.00 0.000
1540.00 0.000
1542.00 0.000
1544.00 0.000
1546.00 0.000
1548.00 0.000
1550.00 0.000
1552.00 0.000
1554.00 0.000
1556.00 0.000
1558.00 0.000
1560.00 0.000
1562.00 0.000
1564.00 0.000
1566.00 0.000
1568.00 0.000
1570.00 1.000
1572.00 0.000
1574.00 0.000
1576.00 0.000
1578.00 0.000
1580.00 0.000
1582.00 0.000
1584.00 0.000
1586.00 0.000
1588.00 0.000
1590.00 0.000
1592.00 0.000
1594.00 0.000
1596.00 0.000
1598.00 0.000
1600.00 0.000
1602.00 0.000
1604.00 0.000
1606.00 0.000
1608.00 0.000
1610.00 0.000
1612.00 0.000
1614.00 0.000
1616.00 0.000
1618.00 0.000
1620.00 0.000
1622.00 0.000
1624.00 0.000
1626.00 0.000
1628.00 0.000
1630.00 0.000
1632.00 0.000
1634.00 0.000
1636.00 0.000
1638.00 0.000
1640.00 0.000
1642.00 0.000
1644.00 0.000
1646.00 0.000
1648.00 0.000
1650.00 0.000
1652.00 0.000
1654.00 0.000
1656.00 0.000
1658.00 0.000
1660.00 0.000
1662.00 0.000
1664.00 0.000
1666.00 0.000
1668.00 0.000
1670.00 0.000
1672.00 0.000
1674.00 0.000
1676.00 0.000
1678.00 0.000
1680.00 0.000
1682.00 0.000
1684.00 0.000
1686.00 0.000
1688.00 0.000
1690.00 0.000
1692.00 0.000
1694.00 0.000
1696.00 0.000
1698.00 0.000
1700.00 0.000
1702.00 0.000
1704.00 0.000
1706.00 0.000
1708.00 0.000
1710.00 0.000
1712.00 0.000
1714.00 0.000
1716.00 0.000
1718.00 0.000
1720.00 0.000
1722.00 0.000
1724.00 0.000
1726.00 0.000
1728.00 0.000
1730.00 0.000
1732.00 0.000
1734.00 0.000
1736.00 0.000
1738.00 0.000
1740.00 0.000
1742.00 0.000
1744.00 0.000
1746.00 0.000
1748.00 0.000
1750.00 0.000
1752.00 0.000
1754.00 0.000
1756.00 0.000
1758.00 0.000
1760.00 0.000
1762.00 0.000
1764.00 0.000
1766.00 0.000
1768.00 0.000
1770.00 0.000
1772.00 0.000
1774.00 0.000
1776.00 0.000
1778.00 0.000
1780.00 0.000
1782.00 0.000
1784.00 0.000
1786.00 0.000
1788.00 0.000
1790.00 0.000
1792.00 0.000
1794.00 0.000
1796.00 0.000
1798.00 0.000
1800.00 0.000
1802.00 0.000
1804.00 0.000
1806.00 0.000
1808.00 0.000
1810.00 0.000
1812.00 0.000
1814.00 0.000
1816.00 0.000
1818.00 0.000
1820.00 0.000
1822.00 0.000
1824.00 0.000
1826.00 0.000
1828.00 0.000
1830.00 0.000
1832.00 0.000
1834.00 0.000
1836.00 0.000
1838.00 0.000
1840.00 0.000
1842.00 0.000
1844.00 0.000
1846.00 0.000
1848.00 0.000
1850.00 0.000
1852.00 0.000
1854.00 0.000
1856.00 0.000
1858.00 0.000
1860.00 0.000
1862.00 0.000
1864.00 0.000
1866.00 0.000
1868.00 0.000
1870.00 0.000
1872.00 0.000
1874.00 0.000
1876.00 0.000
1878.00 0.000
1880.00 0.000
1882.00 0.000
1884.00 0.000
1886.00 0.000
1888.00 0.000
1890.00 0.000
1892.00 0.000
1894.00 0.000
1896.00 0.000
1898.00 0.000
1900.00 0.000
1902.00 0.000
1904.00 0.000
1906.00 0.000
1908.00 0.000
1910.00 0.000
1912.00 0.000
1914.00 0.000
1916.00 0.000
1918.00 0.000
1920.00 0.000
1922.00 0.000
1924.00 0.000
1926.00 0.000
1928.00 0.000
1930.00 0.000
1932.00 0.000
1934.00 0.000
1936.00 0.000
1938.00 0.000
1940.00 0.000
1942.00 0.000
1944.00 0.000
1946.00 0.000
1948.00 0.000
1950.00 0.000
1952.00 0.000
1954.00 0.000
1956.00 0.000
1958.00 0.000
1960.00 0.000
1962.00 0.000
1964.00 0.000
1966.00 0.000
1968.00 0.000
1970.00 0.000
1972.00 0.000
1974.00 0.000
1976.00 0.000
1978.00 0.000
1980.00 0.000
1982.00 0.000
1984.00 0.000
1986.00 0.000
1988.00 0.000
1990.00 0.000
1992.00 0.000
1994.00 0.000
1996.00 0.000
1998.00 0.000
2000.00 0.000
2002.00 0.000
2004.00 0.000
2006.00 0.000
2008.00 0.000
2010.00 0.000
2012.00 0.000
2014.00 0.000
2016.00 0.000
2018.00 0.000
2020.00 0.000
2022.00 0.000
2024.00 0.000
2026.00 0.000
2028.00 0.000
2030.00 0.000
2032.00 0.000
2034.00 0.000
2036.00 0.000
2038.00 0.000
2040.00 0.000
2042.00 0.000
2044.00 0.000
2046.00 0.000
2048.00 0.000
2050.00 0.000
2052.00 0.000
2054.00 0.000
2056.00 0.000
2058.00 0.000
2060.00 0.000
2062.00 0.000
2064.00 0.000
2066.00 0.000
2068.00 0.000
2070.00 0.000
2072.00 0.000
2074.00 0.000
2076.00 0.000
2078.00 0.000
2080.00 0.000
2082.00 0.000
2084.00 0.000
2086.00 0.000
2088.00 0.000
2090.00 0.000
2092.00 0.000
2094.00 0.000
2096.00 0.000
2098.00 0.000
2100.00 0.000
2102.00 0.000
2104.00 0.000
2106.00 0.000
2108.00 0.000
2110.00 0.000
2112.00 0.000
2114.00 0.000
2116.00 0.000
2118.00 0.000
2120.00 0.000
2122.00 0.000
2124.00 0.000
2126.00 0.000
2128.00 0.000
2130.00 0.000
2132.00 0.000
2134.00 0.000
2136.00 0.000
2138.00 0.000
2140.00 0.000
2142.00 0.000
2144.00 0.000
2146.00 0.000
2148.00 0.000
2150.00 0.000
2152.00 0.000
2154.00 0.000
2156.00 0.000
2158.00 0.000
2160.00 0.000
2162.00 0.000
2164.00 0.000
2166.00 0.000
2168.00 0.000
2170.00 0.000
2172.00 0.000
2174.00 0.000
2176.00 0.000
2178.00 0.000
2180.00 0.000
2182.00 0.000
2184.00 0.000
2186.00 0.000
2188.00 0.000
2190.00 0.000
2192.00 0.000
2194.00 0.000
2196.00 0.000
2198.00 0.000
2200.00 0.000
2202.00 0.000
2204.00 0.000
2206.00 0.000
2208.00 0.000
2210.00 0.000
2212.00 0.000
2214.00 0.000
2216.00 0.000
2218.00 0.000
2220.00 0.000
2222.00 0.000
2224.00 0.000
2226.00 0.000
2228.00 0.000
2230.00 0.000
2232.00 0.000
2234.00 0.000
2236.00 0.000
2238.00 0.000
2240.00 0.000
2242.00 0.000
2244.00 0.000
2246.00 0.000
2248.00 0.000
2250.00 0.000
2252.00 0.000
2254.00 0.000
2256.00 0.000
2258.00 0.000
2260.00 0.000
2262.00 0.000
2264.00 0.000
2266.00 0.000
2268.00 0.000
2270.00 0.000
2272.00 0.000
2274.00 0.000
2276.00 0.000
2278.00 0.000
2280.00 0.000
2282.00 0.000
2284.00 0.000
2286.00 0.000
2288.00 0.000
2290.00 0.000
2292.00 0.000
2294.00 0.000
2296.00 0.000
2298.00 0.000
2300.00 0.000
2302.00 0.000
2304.00 0.000
2306.00 0.000
2308.00 0.000
2310.00 0.000
2312.00 0.000
2314.00 0.000
2316.00 0.000
2318.00 0.000
2320.00 0.000
2322.00 0.000
2324.00 0.000
2326.00 0.000
2328.00 0.000
2330.00 0.000
2332.00 0.000
2334.00 0.000
2336.00 0.000
2338.00 0.000
2340.00 0.000
2342.00 0.000
2344.00 0.000
2346.00 0.000
2348.00 0.000
2350.00 0.000
2352.00 0.000
2354.00 0.000
2356.00 0.000
2358.00 0.000
2360.00 0.000
2362.00 0.000
2364.00 0.000
2366.00 0.000
2368.00 0.000
2370.00 0.000
2372.00 0.000
2374.00 0.000
2376.00 0.000
2378.00 0.000
2380.00 0.000
2382.00 0.000
2384.00 0.000
2386.00 0.000
2388.00 0.000
2390.00 0.000
2392.00 0.000
2394.00 0.000
2396.00 0.000
2398.00 0.000
2400.00 0.000
2402.00 0.000
2404.00 0.000
2406.00 0.000
2408.00 0.000
2410.00 0.000
2412.00 0.000
2414.00 0.000
2416.00 0.000
2418.00 0.000
2420.00 0.000
2422.00 0.000
2424.00 0.000
2426.00 0.000
2428.00 0.000
2430.00 0.000
2432.00 0.000
2434.00 0.000
2436.00 0.000
2438.00 0.000
2440.00 1.000
2442.00 0.000
2444.00 0.000
2446.00 0.000
2448.00 0.000
2450.00 0.000
2452.00 0.000
2454.00 0.000
2456.00 0.000
2458.00 0.000
2460.00 0.000
2462.00 0.000
2464.00 0.000
2466.00 0.000
2468.00 0.000
2470.00 0.000
2472.00 0.000
2474.00 0.000
2476.00 0.000
2478.00 0.000
2480.00 0.000
2482.00 0.000
2484.00 0.000
2486.00 0.000
2488.00 0.000
2490.00 0.000
2492.00 0.000
2494.00 0.000
2496.00 0.000
2498.00 0.000
2500.00 0.000
2502.00 0.000
2504.00 0.000
2506.00 0.000
2508.00 0.000
2510.00 0.000
2512.00 0.000
2514.00 0.000
2516.00 0.000
2518.00 0.000
2520.00 0.000
2522.00 0.000
2524.00 0.000
2526.00 0.000
2528.00 0.000
2530.00 0.000
2532.00 0.000
2534.00 0.000
2536.00 0.000
2538.00 0.000
2540.00 0.000
2542.00 0.000
2544.00 0.000
2546.00 0.000
2548.00 0.000
2550.00 0.000
2552.00 0.000
2554.00 0.000
2556.00 0.000
2558.00 0.000
2560.00 0.000
2562.00 0.000
2564.00 0.000
2566.00 0.000
2568.00 0.000
2570.00 0.000
2572.00 0.000
2574.00 0.000
2576.00 0.000
2578.00 0.000
2580.00 0.000
2582.00 0.000
2584.00 0.000
2586.00 0.000
2588.00 0.000
2590.00 0.000
2592.00 0.000
2594.00 0.000
2596.00 0.000
2598.00 0.000
2600.00 0.000
2602.00 0.000
2604.00 0.000
2606.00 0.000
2608.00 0.000
2610.00 0.000
2612.00 0.000
2614.00 0.000
2616.00 0.000
2618.00 0.000
2620.00 0.000
2622.00 0.000
2624.00 0.000
2626.00 0.000
2628.00 0.000
2630.00 0.000
2632.00 0.000
2634.00 0.000
2636.00 0.000
2638.00 0.000
2640.00 0.000
2642.00 0.000
2644.00 0.000
2646.00 0.000
2648.00 0.000
2650.00 0.000
2652.00 0.000
2654.00 0.000
2656.00 0.000
2658.00 0.000
2660.00 0.000
2662.00 0.000
2664.00 0.000
2666.00 0.000
2668.00 0.000
2670.00 0.000
2672.00 1.000
2674.00 0.000
2676.00 0.000
2678.00 0.000
2680.00 0.000
2682.00 0.000
2684.00 0.000
2686.00 0.000
2688.00 0.000
2690.00 0.000
2692.00 0.000
2694.00 0.000
2696.00 0.000
2698.00 0.000
2700.00 0.000
2702.00 0.000
2704.00 0.000
2706.00 0.000
2708.00 0.000
2710.00 0.000
2712.00 1.000
2714.00 0.000
2716.00 0.000
2718.00 0.000
2720.00 0.000
2722.00 0.000
2724.00 0.000
2726.00 0.000
2728.00 0.000
2730.00 0.000
2732.00 0.000
2734.00 0.000
2736.00 0.000
2738.00 0.000
2740.00 0.000
2742.00 0.000
2744.00 0.000
2746.00 0.000
2748.00 0.000
2750.00 0.000
2752.00 0.000
2754.00 0.000
2756.00 0.000
2758.00 0.000
2760.00 0.000
2762.00 0.000
2764.00 0.000
2766.00 0.000
2768.00 0.000
2770.00 0.000
2772.00 0.000
2774.00 0.000
2776.00 0.000
2778.00 0.000
2780.00 0.000
2782.00 0.000
2784.00 0.000
2786.00 0.000
2788.00 0.000
2790.00 0.000
2792.00 0.000
2794.00 0.000
2796.00 0.000
2798.00 0.000
2800.00 0.000
2802.00 0.000
2804.00 0.000
2806.00 0.000
2808.00 0.000
2810.00 0.000
2812.00 0.000
2814.00 0.000
2816.00 0.000
2818.00 0.000
2820.00 0.000
2822.00 0.000
2824.00 0.000
2826.00 0.000
2828.00 0.000
2830.00 0.000
2832.00 0.000
2834.00 0.000
2836.00 0.000
2838.00 0.000
2840.00 0.000
2842.00 0.000
2844.00 0.000
2846.00 0.000
2848.00 0.000
2850.00 0.000
2852.00 0.000
2854.00 0.000
2856.00 0.000
2858.00 0.000
2860.00 0.000
2862.00 0.000
2864.00 0.000
2866.00 0.000
2868.00 0.000
2870.00 0.000
2872.00 0.000
2874.00 0.000
2876.00 0.000
2878.00 0.000
2880.00 0.000
2882.00 0.000
2884.00 0.000
2886.00 0.000
2888.00 0.000
2890.00 0.000
2892.00 0.000
2894.00 0.000
2896.00 0.000
2898.00 0.000
2900.00 0.000
2902.00 0.000
2904.00 0.000
2906.00 0.000
2908.00 0.000
2910.00 0.000
2912.00 0.000
2914.00 0.000
2916.00 0.000
2918.00 0.000
2920.00 0.000
2922.00 0.000
2924.00 0.000
2926.00 0.000
2928.00 0.000
2930.00 0.000
2932.00 0.000
2934.00 0.000
2936.00 0.000
2938.00 0.000
2940.00 0.000
2942.00 1.000
2944.00 0.000
2946.00 0.000
2948.00 0.000
2950.00 0.000
2952.00 0.000
2954.00 0.000
2956.00 0.000
2958.00 0.000
2960.00 0.000
2962.00 0.000
2964.00 0.000
2966.00 0.000
2968.00 0.000
2970.00 0.000
2972.00 0.000
2974.00 0.000
2976.00 0.000
2978.00 0.000
2980.00 0.000
2982.00 0.000
2984.00 0.000
2986.00 0.000
2988.00 0.000
2990.00 0.000
2992.00 0.000
2994.00 0.000
2996.00 0.000
2998.00 0.000
3000.00 0.000
3002.00 0.000
3004.00 0.000
3006.00 0.000
3008.00 0.000
3010.00 0.000
3012.00 0.000
3014.00 0.000
3016.00 0.000
3018.00 0.000
3020.00 0.000
3022.00 0.000
3024.00 0.000
3026.00 0.000
3028.00 0.000
3030.00 0.000
3032.00 0.000
3034.00 0.000
3036.00 0.000
3038.00 0.000
3040.00 0.000
3042.00 0.000
3044.00 0.000
3046.00 0.000
3048.00 0.000
3050.00 0.000
3052.00 0.000
3054.00 0.000
3056.00 0.000
3058.00 0.000
3060.00 0.000
3062.00 0.000
3064.00 0.000
3066.00 0.000
3068.00 0.000
3070.00 0.000
3072.00 0.000
3074.00 0.000
3076.00 0.000
3078.00 0.000
3080.00 0.000
3082.00 0.000
3084.00 0.000
3086.00 0.000
3088.00 0.000
3090.00 0.000
3092.00 0.000
3094.00 0.000
3096.00 0.000
3098.00 0.000
3100.00 0.000
3102.00 0.000
3104.00 0.000
3106.00 0.000
3108.00 0.000
3110.00 0.000
3112.00 0.000
3114.00 0.000
3116.00 0.000
3118.00 0.000
3120.00 0.000
3122.00 0.000
3124.00 0.000
3126.00 0.000
3128.00 0.000
3130.00 0.000
3132.00 0.000
3134.00 0.000
3136.00 0.000
3138.00 0.000
3140.00 0.000
3142.00 0.000
3144.00 0.000
3146.00 0.000
3148.00 0.000
3150.00 0.000
3152.00 0.000
3154.00 0.000
3156.00 0.000
3158.00 0.000
3160.00 0.000
3162.00 0.000
3164.00 0.000
3166.00 0.000
3168.00 0.000
3170.00 0.000
3172.00 0.000
3174.00 1.000
3176.00 0.000
3178.00 0.000
3180.00 0.000
3182.00 0.000
3184.00 0.000
3186.00 0.000
3188.00 0.000
3190.00 0.000
3192.00 0.000
3194.00 0.000
3196.00 0.000
3198.00 0.000
3200.00 0.000
3202.00 0.000
3204.00 0.000
3206.00 0.000
3208.00 0.000
3210.00 0.000
3212.00 0.000
3214.00 0.000
3216.00 0.000
3218.00 0.000
3220.00 0.000
3222.00 0.000
3224.00 0.000
3226.00 0.000
3228.00 0.000
3230.00 0.000
3232.00 0.000
3234.00 0.000
3236.00 0.000
3238.00 0.000
3240.00 0.000
3242.00 0.000
3244.00 0.000
3246.00 0.000
3248.00 0.000
3250.00 1.000
3252.00 0.000
3254.00 0.000
3256.00 0.000
3258.00 0.000
3260.00 0.000
3262.00 0.000
3264.00 0.000
3266.00 0.000
3268.00 0.000
3270.00 0.000
3272.00 0.000
3274.00 0.000
3276.00 0.000
3278.00 0.000
3280.00 0.000
3282.00 0.000
3284.00 0.000
3286.00 0.000
3288.00 0.000
3290.00 0.000
3292.00 0.000
3294.00 0.000
3296.00 0.000
3298.00 0.000
3300.00 0.000
3302.00 0.000
3304.00 0.000
3306.00 0.000
3308.00 0.000
3310.00 0.000
3312.00 0.000
3314.00 0.000
3316.00 0.000
3318.00 0.000
3320.00 0.000
3322.00 0.000
3324.00 0.000
3326.00 0.000
3328.00 0.000
3330.00 0.000
3332.00 0.000
3334.00 0.000
3336.00 0.000
3338.00 0.000
3340.00 0.000
3342.00 0.000
3344.00 0.000
3346.00 0.000
3348.00 0.000
3350.00 0.000
3352.00 0.000
3354.00 1.000
3356.00 0.000
3358.00 0.000
3360.00 0.000
3362.00 0.000
3364.00 0.000
3366.00 0.000
3368.00 0.000
3370.00 0.000
3372.00 0.000
3374.00 0.000
3376.00 0.000
3378.00 0.000
3380.00 0.000
3382.00 0.000
3384.00 0.000
3386.00 0.000
3388.00 0.000
3390.00 0.000
3392.00 0.000
3394.00 0.000
3396.00 0.000
3398.00 0.000
3400.00 0.000
3402.00 0.000
3404.00 0.000
3406.00 0.000
3408.00 0.000
3410.00 0.000
3412.00 0.000
3414.00 0.000
3416.00 0.000
3418.00 0.000
3420.00 0.000
3422.00 0.000
3424.00 0.000
3426.00 0.000
3428.00 0.000
3430.00 0.000
3432.00 0.000
3434.00 0.000
3436.00 0.000
3438.00 0.000
3440.00 0.000
3442.00 0.000
3444.00 0.000
3446.00 0.000
3448.00 0.000
3450.00 0.000
3452.00 0.000
3454.00 0.000
3456.00 0.000
3458.00 0.000
3460.00 0.000
3462.00 0.000
3464.00 0.000
3466.00 0.000
3468.00 0.000
3470.00 0.000
3472.00 0.000
3474.00 0.000
3476.00 0.000
3478.00 0.000
3480.00 0.000
3482.00 0.000
3484.00 0.000
3486.00 1.000
3488.00 0.000
3490.00 0.000
3492.00 0.000
3494.00 0.000
3496.00 0.000
3498.00 0.000
3500.00 0.000
3502.00 0.000
3504.00 0.000
3506.00 0.000
3508.00 0.000
3510.00 0.000
3512.00 0.000
3514.00 0.000
3516.00 0.000
3518.00 0.000
3520.00 0.000
3522.00 0.000
3524.00 0.000
3526.00 0.000
3528.00 1.000
3530.00 0.000
3532.00 1.000
3534.00 0.000
3536.00 0.000
3538.00 0.000
3540.00 0.000
3542.00 0.000
3544.00 0.000
3546.00 0.000
3548.00 0.000
3550.00 0.000
3552.00 0.000
3554.00 0.000
3556.00 0.000
3558.00 0.000
3560.00 0.000
3562.00 0.000
3564.00 0.000
3566.00 0.000
3568.00 0.000
3570.00 0.000
3572.00 0.000
3574.00 0.000
3576.00 0.000
3578.00 0.000
3580.00 0.000
3582.00 0.000
3584.00 0.000
3586.00 0.000
3588.00 0.000
3590.00 0.000
3592.00 0.000
3594.00 0.000
3596.00 0.000
3598.00 0.000
3600.00 0.000
3602.00 0.000
3604.00 0.000
3606.00 0.000
3608.00 0.000
3610.00 0.000
3612.00 0.000
3614.00 0.000
3616.00 0.000
3618.00 0.000
3620.00 0.000
3622.00 0.000
3624.00 0.000
3626.00 0.000
3628.00 0.000
3630.00 0.000
3632.00 0.000
3634.00 0.000
3636.00 0.000
3638.00 0.000
3640.00 0.000
3642.00 0.000
3644.00 0.000
3646.00 0.000
3648.00 0.000
3650.00 0.000
3652.00 0.000
3654.00 0.000
3656.00 0.000
3658.00 0.000
3660.00 0.000
3662.00 0.000
3664.00 0.000
3666.00 0.000
3668.00 0.000
3670.00 0.000
3672.00 0.000
3674.00 0.000
3676.00 0.000
3678.00 1.000
3680.00 0.000
3682.00 0.000
3684.00 0.000
3686.00 0.000
3688.00 0.000
3690.00 0.000
3692.00 0.000
3694.00 0.000
3696.00 0.000
3698.00 0.000
3700.00 0.000
3702.00 0.000
3704.00 0.000
3706.00 0.000
3708.00 0.000
3710.00 0.000
3712.00 0.000
3714.00 0.000
3716.00 0.000
3718.00 0.000
3720.00 0.000
3722.00 0.000
3724.00 0.000
3726.00 0.000
3728.00 0.000
3730.00 0.000
3732.00 0.000
3734.00 0.000
3736.00 0.000
3738.00 0.000
3740.00 0.000
3742.00 0.000
3744.00 0.000
3746.00 0.000
3748.00 0.000
3750.00 0.000
3752.00 0.000
3754.00 0.000
3756.00 0.000
3758.00 0.000
3760.00 0.000
3762.00 0.000
3764.00 0.000
3766.00 0.000
3768.00 0.000
3770.00 0.000
3772.00 0.000
3774.00 0.000
3776.00 0.000
3778.00 0.000
3780.00 0.000
3782.00 0.000
3784.00 0.000
3786.00 0.000
3788.00 0.000
3790.00 0.000
3792.00 0.000
3794.00 0.000
3796.00 0.000
3798.00 0.000
3800.00 0.000
3802.00 0.000
3804.00 0.000
3806.00 0.000
3808.00 0.000
3810.00 0.000
3812.00 0.000
3814.00 0.000
3816.00 0.000
3818.00 0.000
3820.00 0.000
3822.00 0.000
3824.00 0.000
3826.00 0.000
3828.00 0.000
3830.00 0.000
3832.00 0.000
3834.00 0.000
3836.00 0.000
3838.00 0.000
3840.00 0.000
3842.00 0.000
3844.00 0.000
3846.00 0.000
3848.00 0.000
3850.00 0.000
3852.00 0.000
3854.00 0.000
3856.00 0.000
3858.00 0.000
3860.00 0.000
3862.00 1.000
3864.00 0.000
3866.00 0.000
3868.00 0.000
3870.00 0.000
3872.00 0.000
3874.00 0.000
3876.00 0.000
3878.00 0.000
3880.00 0.000
3882.00 0.000
3884.00 0.000
3886.00 0.000
3888.00 0.000
3890.00 0.000
3892.00 0.000
3894.00 0.000
3896.00 0.000
3898.00 0.000
3900.00 0.000
3902.00 0.000
3904.00 0.000
3906.00 1.000
3908.00 0.000
3910.00 0.000
3912.00 0.000
3914.00 0.000
3916.00 0.000
3918.00 0.000
3920.00 0.000
3922.00 0.000
3924.00 0.000
3926.00 0.000
3928.00 0.000
3930.00 0.000
3932.00 0.000
3934.00 0.000
3936.00 0.000
3938.00 0.000
3940.00 0.000
3942.00 0.000
3944.00 0.000
3946.00 0.000
3948.00 0.000
3950.00 0.000
3952.00 0.000
3954.00 0.000
3956.00 0.000
3958.00 0.000
3960.00 0.000
3962.00 0.000
3964.00 0.000
3966.00 0.000
3968.00 0.000
3970.00 0.000
3972.00 0.000
3974.00 1.000
3976.00 0.000
3978.00 0.000
3980.00 0.000
3982.00 0.000
3984.00 0.000
3986.00 0.000
3988.00 0.000
3990.00 1.000
3992.00 0.000
3994.00 0.000
3996.00 0.000
3998.00 0.000
4000.00 0.000
4002.00 0.000
4004.00 0.000
4006.00 0.000
4008.00 0.000
4010.00 0.000
4012.00 0.000
4014.00 0.000
4016.00 0.000
4018.00 0.000
4020.00 0.000
4022.00 0.000
4024.00 0.000
4026.00 0.000
4028.00 0.000
4030.00 0.000
4032.00 0.000
4034.00 0.000
4036.00 0.000
4038.00 0.000
4040.00 0.000
4042.00 0.000
4044.00 0.000
4046.00 0.000
4048.00 0.000
4050.00 0.000
4052.00 0.000
4054.00 0.000
4056.00 0.000
4058.00 0.000
4060.00 0.000
4062.00 0.000
4064.00 0.000
4066.00 0.000
4068.00 0.000
4070.00 0.000
4072.00 0.000
4074.00 0.000
4076.00 0.000
4078.00 0.000
4080.00 0.000
4082.00 0.000
4084.00 0.000
4086.00 0.000
4088.00 0.000
4090.00 0.000
4092.00 0.000
4094.00 0.000
4096.00 1.000
4098.00 0.000
4100.00 0.000
4102.00 0.000
4104.00 0.000
4106.00 0.000
4108.00 0.000
4110.00 0.000
4112.00 0.000
4114.00 0.000
4116.00 0.000
4118.00 0.000
4120.00 0.000
4122.00 0.000
4124.00 0.000
4126.00 0.000
4128.00 0.000
4130.00 0.000
4132.00 0.000
4134.00 0.000
4136.00 0.000
4138.00 0.000
4140.00 0.000
4142.00 0.000
4144.00 0.000
4146.00 0.000
4148.00 0.000
4150.00 0.000
4152.00 0.000
4154.00 0.000
4156.00 0.000
4158.00 0.000
4160.00 0.000
4162.00 0.000
4164.00 0.000
4166.00 0.000
4168.00 1.000
4170.00 0.000
4172.00 0.000
4174.00 0.000
4176.00 0.000
4178.00 0.000
4180.00 0.000
4182.00 0.000
4184.00 0.000
4186.00 0.000
4188.00 0.000
4190.00 0.000
4192.00 0.000
4194.00 0.000
4196.00 0.000
4198.00 0.000
4200.00 0.000
4202.00 0.000
4204.00 0.000
4206.00 0.000
4208.00 0.000
4210.00 0.000
4212.00 0.000
4214.00 0.000
4216.00 0.000
4218.00 0.000
4220.00 0.000
4222.00 0.000
4224.00 0.000
4226.00 0.000
4228.00 0.000
4230.00 0.000
4232.00 0.000
4234.00 0.000
4236.00 0.000
4238.00 0.000
4240.00 0.000
4242.00 0.000
4244.00 0.000
4246.00 0.000
4248.00 0.000
4250.00 0.000
4252.00 0.000
4254.00 0.000
4256.00 0.000
4258.00 0.000
4260.00 0.000
4262.00 0.000
4264.00 0.000
4266.00 0.000
4268.00 0.000
4270.00 0.000
4272.00 0.000
4274.00 0.000
4276.00 0.000
4278.00 0.000
4280.00 0.000
4282.00 0.000
4284.00 0.000
4286.00 0.000
4288.00 0.000
4290.00 0.000
4292.00 0.000
4294.00 0.000
4296.00 0.000
4298.00 0.000
4300.00 0.000
4302.00 0.000
4304.00 0.000
4306.00 0.000
4308.00 0.000
4310.00 0.000
4312.00 0.000
4314.00 0.000
4316.00 0.000
4318.00 0.000
4320.00 1.000
4322.00 0.000
4324.00 0.000
4326.00 0.000
4328.00 0.000
4330.00 0.000
4332.00 0.000
4334.00 0.000
4336.00 0.000
4338.00 0.000
4340.00 0.000
4342.00 0.000
4344.00 0.000
4346.00 0.000
4348.00 0.000
4350.00 0.000
4352.00 0.000
4354.00 0.000
4356.00 0.000
4358.00 0.000
4360.00 0.000
4362.00 0.000
4364.00 0.000
4366.00 0.000
4368.00 0.000
4370.00 0.000
4372.00 0.000
4374.00 0.000
4376.00 0.000
4378.00 0.000
4380.00 0.000
4382.00 0.000
4384.00 0.000
4386.00 0.000
4388.00 0.000
4390.00 0.000
4392.00 0.000
4394.00 0.000
4396.00 0.000
4398.00 0.000
4400.00 0.000
4402.00 0.000
4404.00 0.000
4406.00 0.000
4408.00 0.000
4410.00 0.000
4412.00 0.000
4414.00 0.000
4416.00 0.000
4418.00 0.000
4420.00 0.000
4422.00 0.000
4424.00 0.000
4426.00 0.000
4428.00 0.000
4430.00 0.000
4432.00 0.000
4434.00 0.000
4436.00 0.000
4438.00 0.000
4440.00 0.000
4442.00 0.000
4444.00 0.000
4446.00 0.000
4448.00 0.000
4450.00 0.000
4452.00 0.000
4454.00 0.000
4456.00 0.000
4458.00 0.000
4460.00 0.000
4462.00 0.000
4464.00 0.000
4466.00 0.000
4468.00 0.000
4470.00 0.000
4472.00 0.000
4474.00 0.000
4476.00 0.000
4478.00 0.000
4480.00 0.000
4482.00 0.000
4484.00 0.000
4486.00 0.000
4488.00 0.000
4490.00 0.000
4492.00 0.000
4494.00 0.000
4496.00 0.000
4498.00 0.000
4500.00 0.000
4502.00 0.000
4504.00 0.000
4506.00 0.000
4508.00 0.000
4510.00 0.000
4512.00 0.000
4514.00 0.000
4516.00 0.000
4518.00 0.000
4520.00 0.000
4522.00 0.000
4524.00 0.000
4526.00 0.000
4528.00 0.000
4530.00 0.000
4532.00 0.000
4534.00 0.000
4536.00 0.000
4538.00 0.000
4540.00 0.000
4542.00 0.000
4544.00 0.000
4546.00 0.000
4548.00 0.000
4550.00 0.000
4552.00 0.000
4554.00 0.000
4556.00 0.000
4558.00 0.000
4560.00 0.000
4562.00 0.000
4564.00 0.000
4566.00 0.000
4568.00 0.000
4570.00 0.000
4572.00 0.000
4574.00 0.000
4576.00 0.000
4578.00 0.000
4580.00 0.000
4582.00 0.000
4584.00 0.000
4586.00 1.000
4588.00 0.000
4590.00 0.000
4592.00 0.000
4594.00 0.000
4596.00 0.000
4598.00 0.000
4600.00 0.000
4602.00 0.000
4604.00 0.000
4606.00 0.000
4608.00 0.000
4610.00 0.000
4612.00 0.000
4614.00 0.000
4616.00 0.000
4618.00 0.000
4620.00 0.000
4622.00 0.000
4624.00 0.000
4626.00 0.000
4628.00 1.000
4630.00 0.000
4632.00 0.000
4634.00 0.000
4636.00 0.000
4638.00 0.000
4640.00 0.000
4642.00 0.000
4644.00 0.000
4646.00 0.000
4648.00 0.000
4650.00 0.000
4652.00 0.000
4654.00 0.000
4656.00 0.000
4658.00 0.000
4660.00 1.000
4662.00 0.000
4664.00 0.000
4666.00 0.000
4668.00 0.000
4670.00 0.000
4672.00 0.000
4674.00 0.000
4676.00 0.000
4678.00 0.000
4680.00 0.000
4682.00 0.000
4684.00 0.000
4686.00 0.000
4688.00 0.000
4690.00 0.000
4692.00 0.000
4694.00 0.000
4696.00 0.000
4698.00 0.000
4700.00 0.000
4702.00 0.000
4704.00 0.000
4706.00 0.000
4708.00 0.000
4710.00 0.000
4712.00 0.000
4714.00 0.000
4716.00 0.000
4718.00 0.000
4720.00 0.000
4722.00 0.000
4724.00 0.000
4726.00 0.000
4728.00 0.000
4730.00 0.000
4732.00 0.000
4734.00 0.000
4736.00 0.000
4738.00 0.000
4740.00 0.000
4742.00 0.000
4744.00 0.000
4746.00 0.000
4748.00 0.000
4750.00 0.000
4752.00 0.000
4754.00 0.000
4756.00 0.000
4758.00 0.000
4760.00 0.000
4762.00 0.000
4764.00 0.000
4766.00 0.000
4768.00 0.000
4770.00 0.000
4772.00 0.000
4774.00 0.000
4776.00 0.000
4778.00 0.000
4780.00 0.000
4782.00 0.000
4784.00 0.000
4786.00 0.000
4788.00 0.000
4790.00 0.000
4792.00 0.000
4794.00 0.000
4796.00 0.000
4798.00 0.000
4800.00 0.000
4802.00 0.000
4804.00 0.000
4806.00 0.000
4808.00 0.000
4810.00 0.000
4812.00 0.000
4814.00 0.000
4816.00 0.000
4818.00 0.000
4820.00 0.000
4822.00 0.000
4824.00 0.000
4826.00 0.000
4828.00 0.000
4830.00 0.000
4832.00 0.000
4834.00 0.000
4836.00 0.000
4838.00 0.000
4840.00 0.000
4842.00 0.000
4844.00 0.000
4846.00 0.000
4848.00 0.000
4850.00 0.000
4852.00 0.000
4854.00 0.000
4856.00 0.000
4858.00 0.000
4860.00 0.000
4862.00 0.000
4864.00 0.000
4866.00 0.000
4868.00 0.000
4870.00 0.000
4872.00 0.000
4874.00 0.000
4876.00 0.000
4878.00 0.000
4880.00 0.000
4882.00 0.000
4884.00 0.000
4886.00 0.000
4888.00 0.000
4890.00 0.000
4892.00 0.000
4894.00 1.000
4896.00 0.000
4898.00 0.000
4900.00 0.000
4902.00 0.000
4904.00 1.000
4906.00 0.000
4908.00 0.000
4910.00 0.000
4912.00 0.000
4914.00 0.000
4916.00 0.000
4918.00 0.000
4920.00 0.000
4922.00 0.000
4924.00 0.000
4926.00 0.000
4928.00 0.000
4930.00 0.000
4932.00 0.000
4934.00 0.000
4936.00 0.000
4938.00 0.000
4940.00 0.000
4942.00 0.000
4944.00 0.000
4946.00 0.000
4948.00 0.000
4950.00 0.000
4952.00 0.000
4954.00 0.000
4956.00 0.000
4958.00 0.000
4960.00 0.000
4962.00 0.000
4964.00 0.000
4966.00 0.000
4968.00 0.000
4970.00 0.000
4972.00 0.000
4974.00 0.000
4976.00 0.000
4978.00 0.000
4980.00 0.000
4982.00 0.000
4984.00 1.000
4986.00 0.000
4988.00 0.000
4990.00 0.000
4992.00 0.000
4994.00 0.000
4996.00 0.000
4998.00 0.000
5000.00 0.000
5002.00 0.000
5004.00 0.000
5006.00 0.000
5008.00 0.000
5010.00 0.000
5012.00 0.000
5014.00 0.000
5016.00 0.000
5018.00 0.000
5020.00 0.000
5022.00 0.000
5024.00 0.000
5026.00 0.000
5028.00 0.000
5030.00 0.000
5032.00 0.000
5034.00 0.000
5036.00 0.000
5038.00 0.000
5040.00 0.000
5042.00 0.000
5044.00 0.000
5046.00 0.000
5048.00 0.000
5050.00 0.000
5052.00 0.000
5054.00 0.000
5056.00 0.000
5058.00 0.000
5060.00 0.000
5062.00 0.000
5064.00 0.000
5066.00 0.000
5068.00 0.000
5070.00 0.000
5072.00 0.000
5074.00 0.000
5076.00 0.000
5078.00 0.000
5080.00 0.000
5082.00 0.000
5084.00 0.000
5086.00 0.000
5088.00 0.000
5090.00 0.000
5092.00 0.000
5094.00 0.000
5096.00 0.000
5098.00 0.000
5100.00 0.000
5102.00 0.000
5104.00 1.000
5106.00 0.000
5108.00 0.000
5110.00 0.000
5112.00 0.000
5114.00 0.000
5116.00 0.000
5118.00 0.000
5120.00 0.000
5122.00 0.000
5124.00 0.000
5126.00 0.000
5128.00 0.000
5130.00 0.000
5132.00 0.000
5134.00 0.000
5136.00 0.000
5138.00 0.000
5140.00 0.000
5142.00 1.000
5144.00 0.000
5146.00 0.000
5148.00 0.000
5150.00 0.000
5152.00 0.000
5154.00 0.000
5156.00 0.000
5158.00 0.000
5160.00 0.000
5162.00 0.000
5164.00 0.000
5166.00 0.000
5168.00 0.000
5170.00 0.000
5172.00 0.000
5174.00 0.000
5176.00 0.000
5178.00 0.000
5180.00 0.000
5182.00 0.000
5184.00 0.000
5186.00 0.000
5188.00 0.000
5190.00 0.000
5192.00 0.000
5194.00 0.000
5196.00 0.000
5198.00 0.000
5200.00 0.000
5202.00 0.000
5204.00 0.000
5206.00 0.000
5208.00 0.000
5210.00 0.000
5212.00 0.000
5214.00 0.000
5216.00 0.000
5218.00 0.000
5220.00 0.000
5222.00 0.000
5224.00 0.000
5226.00 0.000
5228.00 0.000
5230.00 0.000
5232.00 0.000
5234.00 0.000
5236.00 0.000
5238.00 1.000
5240.00 0.000
5242.00 0.000
5244.00 1.000
5246.00 0.000
5248.00 0.000
5250.00 0.000
5252.00 0.000
5254.00 0.000
5256.00 0.000
5258.00 0.000
5260.00 0.000
5262.00 0.000
5264.00 0.000
5266.00 0.000
5268.00 0.000
5270.00 0.000
5272.00 0.000
5274.00 0.000
5276.00 0.000
5278.00 0.000
5280.00 0.000
5282.00 0.000
5284.00 0.000
5286.00 0.000
5288.00 0.000
5290.00 0.000
5292.00 0.000
5294.00 0.000
5296.00 0.000
5298.00 0.000
5300.00 0.000
5302.00 0.000
5304.00 0.000
5306.00 0.000
5308.00 0.000
5310.00 0.000
5312.00 0.000
5314.00 0.000
5316.00 0.000
5318.00 0.000
5320.00 0.000
5322.00 0.000
5324.00 0.000
5326.00 0.000
5328.00 0.000
5330.00 0.000
5332.00 0.000
5334.00 0.000
5336.00 0.000
5338.00 0.000
5340.00 0.000
5342.00 0.000
5344.00 0.000
5346.00 0.000
5348.00 0.000
5350.00 0.000
5352.00 0.000
5354.00 0.000
5356.00 0.000
5358.00 0.000
5360.00 0.000
5362.00 0.000
5364.00 0.000
5366.00 0.000
5368.00 0.000
5370.00 0.000
5372.00 0.000
5374.00 0.000
5376.00 0.000
5378.00 0.000
5380.00 0.000
5382.00 0.000
5384.00 0.000
5386.00 0.000
5388.00 0.000
5390.00 0.000
5392.00 0.000
5394.00 0.000
5396.00 0.000
5398.00 0.000
5400.00 0.000
5402.00 0.000
5404.00 0.000
5406.00 0.000
5408.00 0.000
5410.00 0.000
5412.00 0.000
5414.00 0.000
5416.00 0.000
5418.00 0.000
5420.00 0.000
5422.00 0.000
5424.00 0.000
5426.00 0.000
5428.00 0.000
5430.00 0.000
5432.00 1.000
5434.00 0.000
5436.00 0.000
5438.00 0.000
5440.00 0.000
5442.00 0.000
5444.00 0.000
5446.00 0.000
5448.00 0.000
5450.00 0.000
5452.00 0.000
5454.00 0.000
5456.00 0.000
5458.00 0.000
5460.00 0.000
5462.00 0.000
5464.00 0.000
5466.00 0.000
5468.00 0.000
5470.00 0.000
5472.00 0.000
5474.00 0.000
5476.00 0.000
5478.00 1.000
5480.00 0.000
5482.00 0.000
5484.00 0.000
5486.00 0.000
5488.00 0.000
5490.00 0.000
5492.00 0.000
5494.00 0.000
5496.00 0.000
5498.00 0.000
5500.00 0.000
5502.00 0.000
5504.00 0.000
5506.00 0.000
5508.00 0.000
5510.00 0.000
5512.00 0.000
5514.00 0.000
5516.00 1.000
5518.00 0.000
5520.00 0.000
5522.00 0.000
5524.00 0.000
5526.00 0.000
5528.00 0.000
5530.00 0.000
5532.00 0.000
5534.00 0.000
5536.00 0.000
5538.00 0.000
5540.00 0.000
5542.00 0.000
5544.00 0.000
5546.00 0.000
5548.00 0.000
5550.00 0.000
5552.00 0.000
5554.00 0.000
5556.00 0.000
5558.00 0.000
5560.00 0.000
5562.00 0.000
5564.00 0.000
5566.00 0.000
5568.00 0.000
5570.00 0.000
5572.00 1.000
5574.00 0.000
5576.00 0.000
5578.00 0.000
5580.00 0.000
5582.00 0.000
5584.00 0.000
5586.00 0.000
5588.00 0.000
5590.00 0.000
5592.00 0.000
5594.00 0.000
5596.00 0.000
5598.00 0.000
5600.00 0.000
5602.00 0.000
5604.00 0.000
5606.00 0.000
5608.00 0.000
5610.00 0.000
5612.00 0.000
5614.00 0.000
5616.00 0.000
5618.00 0.000
5620.00 0.000
5622.00 0.000
5624.00 0.000
5626.00 0.000
5628.00 0.000
5630.00 0.000
5632.00 0.000
5634.00 0.000
5636.00 0.000
5638.00 1.000
5640.00 0.000
5642.00 1.000
5644.00 0.000
5646.00 0.000
5648.00 0.000
5650.00 0.000
5652.00 0.000
5654.00 0.000
5656.00 0.000
5658.00 0.000
5660.00 0.000
5662.00 0.000
5664.00 0.000
5666.00 0.000
5668.00 0.000
5670.00 0.000
5672.00 0.000
5674.00 0.000
5676.00 0.000
5678.00 0.000
5680.00 0.000
5682.00 0.000
5684.00 0.000
5686.00 0.000
5688.00 0.000
5690.00 0.000
5692.00 0.000
5694.00 0.000
5696.00 0.000
5698.00 0.000
5700.00 0.000
5702.00 0.000
5704.00 0.000
5706.00 0.000
5708.00 0.000
5710.00 0.000
5712.00 0.000
5714.00 0.000
5716.00 0.000
5718.00 0.000
5720.00 0.000
5722.00 0.000
5724.00 0.000
5726.00 0.000
5728.00 0.000
5730.00 0.000
5732.00 0.000
5734.00 0.000
5736.00 0.000
5738.00 0.000
5740.00 0.000
5742.00 0.000
5744.00 0.000
5746.00 0.000
5748.00 0.000
5750.00 0.000
5752.00 0.000
5754.00 0.000
5756.00 0.000
5758.00 0.000
5760.00 0.000
5762.00 0.000
5764.00 0.000
5766.00 0.000
5768.00 0.000
5770.00 0.000
5772.00 0.000
5774.00 0.000
5776.00 0.000
5778.00 0.000
5780.00 0.000
5782.00 0.000
5784.00 0.000
5786.00 0.000
5788.00 0.000
5790.00 0.000
5792.00 0.000
5794.00 0.000
5796.00 0.000
5798.00 0.000
5800.00 0.000
5802.00 0.000
5804.00 0.000
5806.00 0.000
5808.00 0.000
5810.00 1.000
5812.00 0.000
5814.00 0.000
5816.00 0.000
5818.00 0.000
5820.00 0.000
5822.00 0.000
5824.00 0.000
5826.00 0.000
5828.00 0.000
5830.00 0.000
5832.00 0.000
5834.00 0.000
5836.00 0.000
5838.00 0.000
5840.00 0.000
5842.00 0.000
5844.00 0.000
5846.00 1.000
5848.00 0.000
5850.00 0.000
5852.00 0.000
5854.00 0.000
5856.00 0.000
5858.00 0.000
5860.00 0.000
5862.00 0.000
5864.00 0.000
5866.00 0.000
5868.00 0.000
5870.00 0.000
5872.00 0.000
5874.00 0.000
5876.00 0.000
5878.00 0.000
5880.00 0.000
5882.00 0.000
5884.00 0.000
5886.00 0.000
5888.00 0.000
5890.00 0.000
5892.00 0.000
5894.00 0.000
5896.00 0.000
5898.00 0.000
5900.00 0.000
5902.00 0.000
5904.00 0.000
5906.00 0.000
5908.00 0.000
5910.00 0.000
5912.00 0.000
5914.00 0.000
5916.00 0.000
5918.00 0.000
5920.00 0.000
5922.00 0.000
5924.00 0.000
5926.00 0.000
5928.00 0.000
5930.00 0.000
5932.00 0.000
5934.00 0.000
5936.00 0.000
5938.00 0.000
5940.00 0.000
5942.00 0.000
5944.00 0.000
5946.00 0.000
5948.00 0.000
5950.00 0.000
5952.00 0.000
5954.00 0.000
5956.00 0.000
5958.00 0.000
5960.00 0.000
5962.00 0.000
5964.00 0.000
5966.00 0.000
5968.00 0.000
5970.00 0.000
5972.00 0.000
5974.00 0.000
5976.00 0.000
5978.00 0.000
5980.00 0.000
5982.00 0.000
5984.00 0.000
5986.00 0.000
5988.00 0.000
5990.00 0.000
5992.00 0.000
5994.00 0.000
5996.00 0.000
5998.00 0.000
6000.00 0.000
6002.00 0.000
6004.00 0.000
6006.00 0.000
6008.00 0.000
6010.00 0.000
6012.00 0.000
6014.00 0.000
6016.00 0.000
6018.00 0.000
6020.00 0.000
6022.00 0.000
6024.00 0.000
6026.00 0.000
6028.00 0.000
6030.00 0.000
6032.00 0.000
6034.00 0.000
6036.00 0.000
6038.00 0.000
6040.00 0.000
6042.00 0.000
6044.00 0.000
6046.00 0.000
6048.00 0.000
6050.00 0.000
6052.00 0.000
6054.00 0.000
6056.00 0.000
6058.00 0.000
6060.00 0.000
6062.00 0.000
6064.00 0.000
6066.00 0.000
6068.00 0.000
6070.00 0.000
6072.00 0.000
6074.00 0.000
6076.00 0.000
6078.00 0.000
6080.00 0.000
6082.00 0.000
6084.00 0.000
6086.00 0.000
6088.00 0.000
6090.00 0.000
6092.00 0.000
6094.00 0.000
6096.00 0.000
6098.00 0.000
6100.00 0.000
6102.00 0.000
6104.00 0.000
6106.00 0.000
6108.00 0.000
6110.00 0.000
6112.00 0.000
6114.00 0.000
6116.00 0.000
6118.00 0.000
6120.00 0.000
6122.00 0.000
6124.00 0.000
6126.00 0.000
6128.00 0.000
6130.00 0.000
6132.00 0.000
6134.00 0.000
6136.00 0.000
6138.00 0.000
6140.00 0.000
6142.00 0.000
6144.00 0.000
6146.00 0.000
6148.00 0.000
6150.00 0.000
6152.00 0.000
6154.00 0.000
6156.00 0.000
6158.00 0.000
6160.00 0.000
6162.00 0.000
6164.00 0.000
6166.00 0.000
6168.00 0.000
6170.00 0.000
6172.00 0.000
6174.00 0.000
6176.00 0.000
6178.00 0.000
6180.00 0.000
6182.00 0.000
6184.00 0.000
6186.00 0.000
6188.00 0.000
6190.00 0.000
6192.00 0.000
6194.00 0.000
6196.00 0.000
6198.00 0.000
6200.00 0.000
6202.00 0.000
6204.00 0.000
6206.00 0.000
6208.00 0.000
6210.00 0.000
6212.00 0.000
6214.00 0.000
6216.00 0.000
6218.00 0.000
6220.00 0.000
6222.00 0.000
6224.00 0.000
6226.00 0.000
6228.00 0.000
6230.00 0.000
6232.00 0.000
6234.00 0.000
6236.00 0.000
6238.00 0.000
6240.00 0.000
6242.00 0.000
6244.00 0.000
6246.00 0.000
6248.00 1.000
6250.00 0.000
6252.00 0.000
6254.00 0.000
6256.00 0.000
6258.00 0.000
6260.00 0.000
6262.00 0.000
6264.00 0.000
6266.00 0.000
6268.00 0.000
6270.00 0.000
6272.00 0.000
6274.00 0.000
6276.00 0.000
6278.00 0.000
6280.00 0.000
6282.00 0.000
6284.00 0.000
6286.00 0.000
6288.00 0.000
6290.00 0.000
6292.00 1.000
6294.00 0.000
6296.00 0.000
6298.00 0.000
6300.00 0.000
6302.00 0.000
6304.00 0.000
6306.00 0.000
6308.00 0.000
6310.00 0.000
6312.00 0.000
6314.00 0.000
6316.00 0.000
6318.00 0.000
6320.00 0.000
6322.00 0.000
6324.00 0.000
6326.00 0.000
6328.00 0.000
6330.00 0.000
6332.00 0.000
6334.00 0.000
6336.00 0.000
6338.00 0.000
6340.00 0.000
6342.00 0.000
6344.00 0.000
6346.00 0.000
6348.00 0.000
6350.00 0.000
6352.00 0.000
6354.00 0.000
6356.00 0.000
6358.00 0.000
6360.00 0.000
6362.00 0.000
6364.00 0.000
6366.00 0.000
6368.00 0.000
6370.00 0.000
6372.00 0.000
6374.00 0.000
6376.00 0.000
6378.00 0.000
6380.00 0.000
6382.00 0.000
6384.00 0.000
6386.00 0.000
6388.00 0.000
6390.00 0.000
6392.00 0.000
6394.00 0.000
6396.00 0.000
6398.00 0.000
6400.00 0.000
6402.00 0.000
6404.00 0.000
6406.00 0.000
6408.00 0.000
6410.00 0.000
6412.00 0.000
6414.00 0.000
6416.00 0.000
6418.00 0.000
6420.00 0.000
6422.00 0.000
6424.00 0.000
6426.00 0.000
6428.00 0.000
6430.00 0.000
6432.00 0.000
6434.00 0.000
6436.00 0.000
6438.00 0.000
6440.00 0.000
6442.00 0.000
6444.00 0.000
6446.00 0.000
6448.00 0.000
6450.00 0.000
6452.00 0.000
6454.00 0.000
6456.00 0.000
6458.00 0.000
6460.00 0.000
6462.00 0.000
6464.00 0.000
6466.00 0.000
6468.00 0.000
6470.00 0.000
6472.00 0.000
6474.00 0.000
6476.00 0.000
6478.00 0.000
6480.00 0.000
6482.00 0.000
6484.00 0.000
6486.00 0.000
6488.00 0.000
6490.00 0.000
6492.00 0.000
6494.00 1.000
6496.00 0.000
6498.00 0.000
6500.00 0.000
6502.00 0.000
6504.00 0.000
6506.00 0.000
6508.00 0.000
6510.00 0.000
6512.00 0.000
6514.00 0.000
6516.00 0.000
6518.00 0.000
6520.00 0.000
6522.00 0.000
6524.00 0.000
6526.00 0.000
6528.00 0.000
6530.00 0.000
6532.00 0.000
6534.00 0.000
6536.00 0.000
6538.00 0.000
6540.00 0.000
6542.00 0.000
6544.00 0.000
6546.00 0.000
6548.00 0.000
6550.00 0.000
6552.00 0.000
6554.00 0.000
6556.00 0.000
6558.00 0.000
6560.00 0.000
6562.00 0.000
6564.00 0.000
6566.00 0.000
6568.00 0.000
6570.00 0.000
6572.00 0.000
6574.00 0.000
6576.00 0.000
6578.00 0.000
6580.00 0.000
6582.00 0.000
6584.00 0.000
6586.00 0.000
6588.00 0.000
6590.00 0.000
6592.00 0.000
6594.00 0.000
6596.00 0.000
6598.00 0.000
6600.00 0.000
6602.00 0.000
6604.00 0.000
6606.00 0.000
6608.00 0.000
6610.00 0.000
6612.00 0.000
6614.00 0.000
6616.00 0.000
6618.00 0.000
6620.00 0.000
6622.00 0.000
6624.00 0.000
6626.00 0.000
6628.00 0.000
6630.00 0.000
6632.00 0.000
6634.00 0.000
6636.00 0.000
6638.00 0.000
6640.00 0.000
6642.00 0.000
6644.00 0.000
6646.00 0.000
6648.00 0.000
6650.00 0.000
6652.00 0.000
6654.00 0.000
6656.00 0.000
6658.00 0.000
6660.00 0.000
6662.00 0.000
6664.00 0.000
6666.00 0.000
6668.00 0.000
6670.00 0.000
6672.00 0.000
6674.00 0.000
6676.00 0.000
6678.00 0.000
6680.00 0.000
6682.00 0.000
6684.00 0.000
6686.00 0.000
6688.00 0.000
6690.00 1.000
6692.00 0.000
6694.00 0.000
6696.00 0.000
6698.00 0.000
6700.00 0.000
6702.00 0.000
6704.00 0.000
6706.00 0.000
6708.00 0.000
6710.00 0.000
6712.00 0.000
6714.00 0.000
6716.00 0.000
6718.00 0.000
6720.00 0.000
6722.00 0.000
6724.00 0.000
6726.00 0.000
6728.00 0.000
6730.00 0.000
6732.00 0.000
6734.00 1.000
6736.00 0.000
6738.00 0.000
6740.00 0.000
6742.00 0.000
6744.00 0.000
6746.00 0.000
6748.00 0.000
6750.00 0.000
6752.00 0.000
6754.00 0.000
6756.00 0.000
6758.00 0.000
6760.00 0.000
6762.00 0.000
6764.00 0.000
6766.00 0.000
6768.00 0.000
6770.00 0.000
6772.00 0.000
6774.00 0.000
6776.00 0.000
6778.00 0.000
6780.00 0.000
6782.00 0.000
6784.00 0.000
6786.00 0.000
6788.00 0.000
6790.00 0.000
6792.00 0.000
6794.00 0.000
6796.00 0.000
6798.00 0.000
6800.00 0.000
6802.00 0.000
6804.00 0.000
6806.00 0.000
6808.00 0.000
6810.00 0.000
6812.00 0.000
6814.00 0.000
6816.00 0.000
6818.00 0.000
6820.00 0.000
6822.00 0.000
6824.00 0.000
6826.00 0.000
6828.00 0.000
6830.00 0.000
6832.00 0.000
6834.00 0.000
6836.00 0.000
6838.00 0.000
6840.00 0.000
6842.00 0.000
6844.00 0.000
6846.00 0.000
6848.00 0.000
6850.00 0.000
6852.00 0.000
6854.00 0.000
6856.00 0.000
6858.00 0.000
6860.00 0.000
6862.00 0.000
6864.00 0.000
6866.00 0.000
6868.00 0.000
6870.00 0.000
6872.00 0.000
6874.00 0.000
6876.00 0.000
6878.00 0.000
6880.00 1.000
6882.00 0.000
6884.00 0.000
6886.00 0.000
6888.00 0.000
6890.00 0.000
6892.00 0.000
6894.00 0.000
6896.00 0.000
6898.00 0.000
6900.00 0.000
6902.00 0.000
6904.00 0.000
6906.00 0.000
6908.00 0.000
6910.00 0.000
6912.00 0.000
6914.00 0.000
6916.00 0.000
6918.00 0.000
6920.00 0.000
6922.00 0.000
6924.00 0.000
6926.00 0.000
6928.00 0.000
6930.00 0.000
6932.00 0.000
6934.00 0.000
6936.00 0.000
6938.00 0.000
6940.00 0.000
6942.00 0.000
6944.00 0.000
6946.00 0.000
6948.00 0.000
6950.00 0.000
6952.00 0.000
6954.00 0.000
6956.00 0.000
6958.00 0.000
6960.00 0.000
6962.00 0.000
6964.00 0.000
6966.00 0.000
6968.00 0.000
6970.00 0.000
6972.00 0.000
6974.00 0.000
6976.00 0.000
6978.00 0.000
6980.00 0.000
6982.00 0.000
6984.00 0.000
6986.00 0.000
6988.00 0.000
6990.00 0.000
6992.00 0.000
6994.00 0.000
6996.00 0.000
6998.00 0.000
7000.00 0.000
7002.00 0.000
7004.00 0.000
7006.00 0.000
7008.00 0.000
7010.00 0.000
7012.00 0.000
7014.00 0.000
7016.00 0.000
7018.00 0.000
7020.00 0.000
7022.00 0.000
7024.00 0.000
7026.00 0.000
7028.00 0.000
7030.00 0.000
7032.00 0.000
7034.00 0.000
7036.00 0.000
7038.00 0.000
7040.00 0.000
7042.00 0.000
7044.00 0.000
7046.00 0.000
7048.00 0.000
7050.00 0.000
7052.00 0.000
7054.00 0.000
7056.00 0.000
7058.00 0.000
7060.00 0.000
7062.00 0.000
7064.00 0.000
7066.00 0.000
7068.00 0.000
7070.00 0.000
7072.00 0.000
7074.00 0.000
7076.00 0.000
7078.00 0.000
7080.00 0.000
7082.00 0.000
7084.00 0.000
7086.00 0.000
7088.00 0.000
7090.00 0.000
7092.00 0.000
7094.00 0.000
7096.00 0.000
7098.00 0.000
7100.00 0.000
7102.00 0.000
7104.00 0.000
7106.00 0.000
7108.00 0.000
7110.00 0.000
7112.00 0.000
7114.00 0.000
7116.00 0.000
7118.00 0.000
7120.00 0.000
7122.00 0.000
7124.00 0.000
7126.00 0.000
7128.00 0.000
7130.00 0.000
7132.00 0.000
7134.00 0.000
7136.00 0.000
7138.00 0.000
7140.00 0.000
7142.00 0.000
7144.00 0.000
7146.00 0.000
7148.00 0.000
7150.00 0.000
7152.00 0.000
7154.00 0.000
7156.00 0.000
7158.00 0.000
7160.00 0.000
7162.00 0.000
7164.00 0.000
7166.00 0.000
7168.00 0.000
7170.00 0.000
7172.00 0.000
7174.00 0.000
7176.00 0.000
7178.00 0.000
7180.00 0.000
7182.00 0.000
7184.00 0.000
7186.00 0.000
7188.00 0.000
7190.00 0.000
7192.00 0.000
7194.00 0.000
7196.00 0.000
7198.00 0.000
7200.00 0.000
7202.00 0.000
7204.00 0.000
7206.00 0.000
7208.00 0.000
7210.00 0.000
7212.00 0.000
7214.00 0.000
7216.00 0.000
7218.00 0.000
7220.00 0.000
7222.00 0.000
7224.00 0.000
7226.00 0.000
7228.00 0.000
7230.00 0.000
7232.00 0.000
7234.00 0.000
7236.00 0.000
7238.00 0.000
7240.00 0.000
7242.00 0.000
7244.00 0.000
7246.00 0.000
7248.00 0.000
7250.00 0.000
7252.00 0.000
7254.00 0.000
7256.00 0.000
7258.00 0.000
7260.00 0.000
7262.00 0.000
7264.00 0.000
7266.00 0.000
7268.00 0.000
7270.00 0.000
7272.00 0.000
7274.00 0.000
7276.00 0.000
7278.00 0.000
7280.00 0.000
7282.00 0.000
7284.00 0.000
7286.00 0.000
7288.00 0.000
7290.00 0.000
7292.00 0.000
7294.00 0.000
7296.00 0.000
7298.00 0.000
7300.00 0.000
7302.00 0.000
7304.00 0.000
7306.00 0.000
7308.00 0.000
7310.00 0.000
7312.00 0.000
7314.00 0.000
7316.00 0.000
7318.00 0.000
7320.00 0.000
7322.00 0.000
7324.00 0.000
7326.00 0.000
7328.00 0.000
7330.00 0.000
7332.00 0.000
7334.00 0.000
7336.00 0.000
7338.00 0.000
7340.00 0.000
7342.00 1.000
7344.00 0.000
7346.00 0.000
7348.00 0.000
7350.00 0.000
7352.00 0.000
7354.00 0.000
7356.00 0.000
7358.00 0.000
7360.00 0.000
7362.00 0.000
7364.00 0.000
7366.00 0.000
7368.00 0.000
7370.00 0.000
7372.00 0.000
7374.00 0.000
7376.00 0.000
7378.00 0.000
7380.00 0.000
7382.00 0.000
7384.00 0.000
7386.00 0.000
7388.00 0.000
7390.00 0.000
7392.00 0.000
7394.00 0.000
7396.00 0.000
7398.00 0.000
7400.00 0.000
7402.00 0.000
7404.00 0.000
7406.00 0.000
7408.00 0.000
7410.00 0.000
7412.00 0.000
7414.00 0.000
7416.00 0.000
7418.00 0.000
7420.00 0.000
7422.00 0.000
7424.00 0.000
7426.00 0.000
7428.00 0.000
7430.00 0.000
7432.00 0.000
7434.00 0.000
7436.00 0.000
7438.00 0.000
7440.00 1.000
7442.00 0.000
7444.00 0.000
7446.00 0.000
7448.00 0.000
7450.00 0.000
7452.00 0.000
7454.00 0.000
7456.00 0.000
7458.00 0.000
7460.00 0.000
7462.00 0.000
7464.00 0.000
7466.00 0.000
7468.00 0.000
7470.00 0.000
7472.00 0.000
7474.00 0.000
7476.00 0.000
7478.00 0.000
7480.00 0.000
7482.00 0.000
7484.00 0.000
7486.00 0.000
7488.00 0.000
7490.00 0.000
7492.00 0.000
7494.00 0.000
7496.00 0.000
7498.00 0.000
7500.00 0.000
7502.00 0.000
7504.00 0.000
7506.00 0.000
7508.00 0.000
7510.00 0.000
7512.00 0.000
7514.00 0.000
7516.00 0.000
7518.00 0.000
7520.00 0.000
7522.00 0.000
7524.00 0.000
7526.00 0.000
7528.00 0.000
7530.00 1.000
7532.00 0.000
7534.00 0.000
7536.00 0.000
7538.00 0.000
7540.00 0.000
7542.00 0.000
7544.00 0.000
7546.00 0.000
7548.00 0.000
7550.00 0.000
7552.00 0.000
7554.00 0.000
7556.00 0.000
7558.00 0.000
7560.00 0.000
7562.00 0.000
7564.00 0.000
7566.00 0.000
7568.00 0.000
7570.00 0.000
7572.00 0.000
7574.00 0.000
7576.00 0.000
7578.00 0.000
7580.00 0.000
7582.00 0.000
7584.00 1.000
7586.00 0.000
7588.00 0.000
7590.00 0.000
7592.00 0.000
7594.00 0.000
7596.00 0.000
7598.00 0.000
7600.00 0.000
7602.00 0.000
7604.00 0.000
7606.00 0.000
7608.00 0.000
7610.00 1.000
7612.00 0.000
7614.00 0.000
7616.00 0.000
7618.00 0.000
7620.00 0.000
7622.00 0.000
7624.00 0.000
7626.00 0.000
7628.00 0.000
7630.00 0.000
7632.00 0.000
7634.00 0.000
7636.00 0.000
7638.00 0.000
7640.00 0.000
7642.00 0.000
7644.00 0.000
7646.00 0.000
7648.00 0.000
7650.00 0.000
7652.00 0.000
7654.00 0.000
7656.00 0.000
7658.00 0.000
7660.00 0.000
7662.00 0.000
7664.00 0.000
7666.00 0.000
7668.00 0.000
7670.00 0.000
7672.00 0.000
7674.00 0.000
7676.00 0.000
7678.00 0.000
7680.00 0.000
7682.00 0.000
7684.00 0.000
7686.00 0.000
7688.00 0.000
7690.00 0.000
7692.00 0.000
7694.00 0.000
7696.00 0.000
7698.00 0.000
7700.00 0.000
7702.00 0.000
7704.00 0.000
7706.00 0.000
7708.00 0.000
7710.00 0.000
7712.00 0.000
7714.00 0.000
7716.00 0.000
7718.00 0.000
7720.00 0.000
7722.00 0.000
7724.00 0.000
7726.00 0.000
7728.00 0.000
7730.00 1.000
7732.00 0.000
7734.00 0.000
7736.00 0.000
7738.00 0.000
7740.00 0.000
7742.00 0.000
7744.00 0.000
7746.00 0.000
7748.00 0.000
7750.00 0.000
7752.00 0.000
7754.00 0.000
7756.00 0.000
7758.00 0.000
7760.00 0.000
7762.00 0.000
7764.00 0.000
7766.00 0.000
7768.00 0.000
7770.00 0.000
7772.00 0.000
7774.00 0.000
7776.00 0.000
7778.00 0.000
7780.00 0.000
7782.00 0.000
7784.00 0.000
7786.00 0.000
7788.00 0.000
7790.00 0.000
7792.00 0.000
7794.00 0.000
7796.00 0.000
7798.00 0.000
7800.00 0.000
7802.00 0.000
7804.00 0.000
7806.00 0.000
7808.00 0.000
7810.00 0.000
7812.00 0.000
7814.00 0.000
7816.00 0.000
7818.00 0.000
7820.00 0.000
7822.00 0.000
7824.00 0.000
7826.00 0.000
7828.00 0.000
7830.00 0.000
7832.00 0.000
7834.00 0.000
7836.00 0.000
7838.00 0.000
7840.00 0.000
7842.00 0.000
7844.00 0.000
7846.00 0.000
7848.00 0.000
7850.00 0.000
7852.00 0.000
7854.00 0.000
7856.00 0.000
7858.00 0.000
7860.00 0.000
7862.00 0.000
7864.00 0.000
7866.00 0.000
7868.00 0.000
7870.00 0.000
7872.00 0.000
7874.00 0.000
7876.00 0.000
7878.00 0.000
7880.00 0.000
7882.00 0.000
7884.00 0.000
7886.00 0.000
7888.00 0.000
7890.00 0.000
7892.00 0.000
7894.00 0.000
7896.00 0.000
7898.00 0.000
7900.00 0.000
7902.00 0.000
7904.00 0.000
7906.00 0.000
7908.00 0.000
7910.00 0.000
7912.00 0.000
7914.00 0.000
7916.00 0.000
7918.00 0.000
7920.00 0.000
7922.00 0.000
7924.00 0.000
7926.00 0.000
7928.00 0.000
7930.00 0.000
7932.00 0.000
7934.00 0.000
7936.00 0.000
7938.00 0.000
7940.00 0.000
7942.00 0.000
7944.00 0.000
7946.00 0.000
7948.00 1.000
7950.00 0.000
7952.00 0.000
7954.00 0.000
7956.00 0.000
7958.00 0.000
7960.00 0.000
7962.00 0.000
7964.00 0.000
7966.00 0.000
7968.00 0.000
7970.00 0.000
7972.00 1.000
7974.00 0.000
7976.00 0.000
7978.00 0.000
7980.00 0.000
7982.00 0.000
7984.00 0.000
7986.00 0.000
7988.00 0.000
7990.00 0.000
7992.00 0.000
7994.00 0.000
7996.00 0.000
7998.00 0.000
8000.00 0.000
8002.00 0.000
8004.00 0.000
8006.00 0.000
8008.00 0.000
8010.00 0.000
8012.00 0.000
8014.00 0.000
8016.00 0.000
8018.00 0.000
8020.00 0.000
8022.00 1.000
8024.00 0.000
8026.00 0.000
8028.00 0.000
8030.00 0.000
8032.00 0.000
8034.00 0.000
8036.00 0.000
8038.00 0.000
8040.00 0.000
8042.00 0.000
8044.00 0.000
8046.00 0.000
8048.00 0.000
8050.00 0.000
8052.00 0.000
8054.00 0.000
8056.00 0.000
8058.00 0.000
8060.00 0.000
8062.00 0.000
8064.00 0.000
8066.00 0.000
8068.00 0.000
8070.00 0.000
8072.00 0.000
8074.00 0.000
8076.00 0.000
8078.00 0.000
8080.00 0.000
8082.00 0.000
8084.00 0.000
8086.00 0.000
8088.00 0.000
8090.00 0.000
8092.00 0.000
8094.00 0.000
8096.00 0.000
8098.00 0.000
8100.00 0.000
8102.00 0.000
8104.00 0.000
8106.00 0.000
8108.00 0.000
8110.00 0.000
8112.00 1.000
8114.00 0.000
8116.00 0.000
8118.00 0.000
8120.00 0.000
8122.00 0.000
8124.00 0.000
8126.00 0.000
8128.00 0.000
8130.00 0.000
8132.00 0.000
8134.00 0.000
8136.00 0.000
8138.00 0.000
8140.00 0.000
8142.00 0.000
8144.00 0.000
8146.00 0.000
8148.00 0.000
8150.00 0.000
8152.00 0.000
8154.00 0.000
8156.00 0.000
8158.00 0.000
8160.00 0.000
8162.00 0.000
8164.00 0.000
8166.00 0.000
8168.00 0.000
8170.00 0.000
8172.00 0.000
8174.00 1.000
8176.00 0.000
8178.00 0.000
8180.00 0.000
8182.00 0.000
8184.00 0.000
8186.00 0.000
8188.00 0.000
8190.00 0.000
8192.00 0.000
8194.00 0.000
8196.00 0.000
8198.00 0.000
8200.00 0.000
8202.00 0.000
8204.00 0.000
8206.00 0.000
8208.00 0.000
8210.00 0.000
8212.00 0.000
8214.00 0.000
8216.00 0.000
8218.00 0.000
8220.00 0.000
8222.00 0.000
8224.00 0.000
8226.00 0.000
8228.00 0.000
8230.00 0.000
8232.00 0.000
8234.00 0.000
8236.00 0.000
8238.00 0.000
8240.00 0.000
8242.00 0.000
8244.00 0.000
8246.00 0.000
8248.00 0.000
8250.00 0.000
8252.00 0.000
8254.00 0.000
8256.00 0.000
8258.00 0.000
8260.00 0.000
8262.00 0.000
8264.00 0.000
8266.00 0.000
8268.00 0.000
8270.00 0.000
8272.00 0.000
8274.00 0.000
8276.00 0.000
8278.00 0.000
8280.00 0.000
8282.00 0.000
8284.00 0.000
8286.00 0.000
8288.00 0.000
8290.00 0.000
8292.00 0.000
8294.00 0.000
8296.00 0.000
8298.00 0.000
8300.00 0.000
8302.00 0.000
8304.00 0.000
8306.00 0.000
8308.00 0.000
8310.00 0.000
8312.00 0.000
8314.00 0.000
8316.00 0.000
8318.00 0.000
8320.00 0.000
8322.00 0.000
8324.00 0.000
8326.00 0.000
8328.00 0.000
8330.00 0.000
8332.00 0.000
8334.00 0.000
8336.00 0.000
8338.00 0.000
8340.00 0.000
8342.00 0.000
8344.00 0.000
8346.00 0.000
8348.00 0.000
8350.00 0.000
8352.00 0.000
8354.00 0.000
8356.00 0.000
8358.00 0.000
8360.00 0.000
8362.00 0.000
8364.00 0.000
8366.00 0.000
8368.00 0.000
8370.00 0.000
8372.00 0.000
8374.00 0.000
8376.00 0.000
8378.00 0.000
8380.00 0.000
8382.00 0.000
8384.00 0.000
8386.00 0.000
8388.00 0.000
8390.00 0.000
8392.00 0.000
8394.00 0.000
8396.00 0.000
8398.00 0.000
8400.00 0.000
8402.00 0.000
8404.00 0.000
8406.00 0.000
8408.00 0.000
8410.00 0.000
8412.00 0.000
8414.00 0.000
8416.00 0.000
8418.00 0.000
8420.00 0.000
8422.00 0.000
8424.00 0.000
8426.00 0.000
8428.00 0.000
8430.00 0.000
8432.00 0.000
8434.00 0.000
8436.00 0.000
8438.00 0.000
8440.00 0.000
8442.00 0.000
8444.00 0.000
8446.00 0.000
8448.00 0.000
8450.00 0.000
8452.00 0.000
8454.00 0.000
8456.00 0.000
8458.00 0.000
8460.00 0.000
8462.00 0.000
8464.00 0.000
8466.00 0.000
8468.00 0.000
8470.00 0.000
8472.00 0.000
8474.00 0.000
8476.00 0.000
8478.00 0.000
8480.00 0.000
8482.00 0.000
8484.00 0.000
8486.00 0.000
8488.00 0.000
8490.00 0.000
8492.00 0.000
8494.00 0.000
8496.00 0.000
8498.00 0.000
8500.00 0.000
8502.00 0.000
8504.00 0.000
8506.00 0.000
8508.00 0.000
8510.00 0.000
8512.00 0.000
8514.00 0.000
8516.00 0.000
8518.00 0.000
8520.00 0.000
8522.00 0.000
8524.00 0.000
8526.00 0.000
8528.00 0.000
8530.00 0.000
8532.00 0.000
8534.00 0.000
8536.00 0.000
8538.00 0.000
8540.00 0.000
8542.00 0.000
8544.00 0.000
8546.00 0.000
8548.00 0.000
8550.00 0.000
8552.00 0.000
8554.00 0.000
8556.00 0.000
8558.00 0.000
8560.00 0.000
8562.00 0.000
8564.00 0.000
8566.00 0.000
8568.00 0.000
8570.00 0.000
8572.00 0.000
8574.00 0.000
8576.00 0.000
8578.00 0.000
8580.00 0.000
8582.00 0.000
8584.00 0.000
8586.00 0.000
8588.00 0.000
8590.00 0.000
8592.00 0.000
8594.00 0.000
8596.00 0.000
8598.00 0.000
8600.00 0.000
8602.00 0.000
8604.00 0.000
8606.00 0.000
8608.00 0.000
8610.00 0.000
8612.00 0.000
8614.00 0.000
8616.00 0.000
8618.00 0.000
8620.00 0.000
8622.00 0.000
8624.00 0.000
8626.00 0.000
8628.00 0.000
8630.00 0.000
8632.00 0.000
8634.00 0.000
8636.00 0.000
8638.00 0.000
8640.00 0.000
8642.00 0.000
8644.00 0.000
8646.00 0.000
8648.00 0.000
8650.00 0.000
8652.00 0.000
8654.00 0.000
8656.00 0.000
8658.00 0.000
8660.00 0.000
8662.00 0.000
8664.00 0.000
8666.00 0.000
8668.00 0.000
8670.00 0.000
8672.00 0.000
8674.00 0.000
8676.00 0.000
8678.00 0.000
8680.00 0.000
8682.00 0.000
8684.00 0.000
8686.00 0.000
8688.00 0.000
8690.00 0.000
8692.00 0.000
8694.00 0.000
8696.00 0.000
8698.00 0.000
8700.00 0.000
8702.00 0.000
8704.00 0.000
8706.00 0.000
8708.00 0.000
8710.00 0.000
8712.00 0.000
8714.00 0.000
8716.00 0.000
8718.00 0.000
8720.00 0.000
8722.00 0.000
8724.00 0.000
8726.00 0.000
8728.00 0.000
8730.00 0.000
8732.00 0.000
8734.00 0.000
8736.00 0.000
8738.00 0.000
8740.00 0.000
8742.00 0.000
8744.00 0.000
8746.00 0.000
8748.00 0.000
8750.00 0.000
8752.00 0.000
8754.00 0.000
8756.00 0.000
8758.00 0.000
8760.00 0.000
8762.00 0.000
8764.00 0.000
8766.00 0.000
8768.00 0.000
8770.00 0.000
8772.00 0.000
8774.00 0.000
8776.00 0.000
8778.00 0.000
8780.00 0.000
8782.00 0.000
8784.00 0.000
8786.00 0.000
8788.00 0.000
8790.00 0.000
8792.00 0.000
8794.00 0.000
8796.00 0.000
8798.00 0.000
8800.00 0.000
8802.00 0.000
8804.00 0.000
8806.00 0.000
8808.00 0.000
8810.00 0.000
8812.00 0.000
8814.00 0.000
8816.00 0.000
8818.00 0.000
8820.00 0.000
8822.00 0.000
8824.00 0.000
8826.00 0.000
8828.00 0.000
8830.00 0.000
8832.00 0.000
8834.00 0.000
8836.00 0.000
8838.00 0.000
8840.00 0.000
8842.00 0.000
8844.00 0.000
8846.00 0.000
8848.00 0.000
8850.00 0.000
8852.00 0.000
8854.00 0.000
8856.00 0.000
8858.00 0.000
8860.00 0.000
8862.00 0.000
8864.00 0.000
8866.00 0.000
8868.00 0.000
8870.00 0.000
8872.00 0.000
8874.00 0.000
8876.00 0.000
8878.00 0.000
8880.00 0.000
8882.00 0.000
8884.00 0.000
8886.00 0.000
8888.00 0.000
8890.00 0.000
8892.00 0.000
8894.00 0.000
8896.00 0.000
8898.00 0.000
8900.00 0.000
8902.00 0.000
8904.00 0.000
8906.00 0.000
8908.00 0.000
8910.00 0.000
8912.00 0.000
8914.00 0.000
8916.00 0.000
8918.00 0.000
8920.00 0.000
8922.00 0.000
8924.00 0.000
8926.00 0.000
8928.00 0.000
8930.00 0.000
8932.00 0.000
8934.00 0.000
8936.00 0.000
8938.00 0.000
8940.00 0.000
8942.00 0.000
8944.00 0.000
8946.00 1.000
8948.00 0.000
8950.00 0.000
8952.00 0.000
8954.00 0.000
8956.00 0.000
8958.00 0.000
8960.00 0.000
8962.00 0.000
8964.00 0.000
8966.00 0.000
8968.00 0.000
8970.00 0.000
8972.00 0.000
8974.00 0.000
8976.00 0.000
8978.00 0.000
8980.00 0.000
8982.00 0.000
8984.00 0.000
8986.00 0.000
8988.00 0.000
8990.00 0.000
8992.00 0.000
8994.00 0.000
8996.00 0.000
8998.00 0.000
9000.00 0.000
9002.00 0.000
9004.00 0.000
9006.00 0.000
9008.00 0.000
9010.00 0.000
9012.00 0.000
9014.00 0.000
9016.00 0.000
9018.00 0.000
9020.00 0.000
9022.00 0.000
9024.00 0.000
9026.00 0.000
9028.00 0.000
9030.00 0.000
9032.00 0.000
9034.00 0.000
9036.00 0.000
9038.00 0.000
9040.00 0.000
9042.00 0.000
9044.00 0.000
9046.00 0.000
9048.00 0.000
9050.00 0.000
9052.00 0.000
9054.00 0.000
9056.00 0.000
9058.00 0.000
9060.00 0.000
9062.00 0.000
9064.00 0.000
9066.00 0.000
9068.00 0.000
9070.00 0.000
9072.00 0.000
9074.00 0.000
9076.00 0.000
9078.00 0.000
9080.00 0.000
9082.00 0.000
9084.00 0.000
9086.00 0.000
9088.00 0.000
9090.00 0.000
9092.00 0.000
9094.00 0.000
9096.00 0.000
9098.00 0.000
9100.00 0.000
9102.00 0.000
9104.00 0.000
9106.00 0.000
9108.00 0.000
9110.00 0.000
9112.00 0.000
9114.00 0.000
9116.00 0.000
9118.00 0.000
9120.00 0.000
9122.00 0.000
9124.00 1.000
9126.00 0.000
9128.00 0.000
9130.00 0.000
9132.00 0.000
9134.00 0.000
9136.00 0.000
9138.00 0.000
9140.00 0.000
9142.00 0.000
9144.00 0.000
9146.00 0.000
9148.00 0.000
9150.00 0.000
9152.00 0.000
9154.00 0.000
9156.00 0.000
9158.00 0.000
9160.00 0.000
9162.00 0.000
9164.00 0.000
9166.00 0.000
9168.00 0.000
9170.00 0.000
9172.00 0.000
9174.00 0.000
9176.00 0.000
9178.00 0.000
9180.00 0.000
9182.00 0.000
9184.00 0.000
9186.00 0.000
9188.00 0.000
9190.00 0.000
9192.00 0.000
9194.00 0.000
9196.00 0.000
9198.00 0.000
9200.00 0.000
9202.00 0.000
9204.00 0.000
9206.00 0.000
9208.00 0.000
9210.00 0.000
9212.00 0.000
9214.00 0.000
9216.00 0.000
9218.00 0.000
9220.00 0.000
9222.00 0.000
9224.00 0.000
9226.00 0.000
9228.00 0.000
9230.00 0.000
9232.00 0.000
9234.00 0.000
9236.00 0.000
9238.00 0.000
9240.00 0.000
9242.00 0.000
9244.00 0.000
9246.00 0.000
9248.00 0.000
9250.00 0.000
9252.00 0.000
9254.00 0.000
9256.00 0.000
9258.00 0.000
9260.00 0.000
9262.00 0.000
9264.00 0.000
9266.00 0.000
9268.00 0.000
9270.00 0.000
9272.00 0.000
9274.00 0.000
9276.00 0.000
9278.00 0.000
9280.00 0.000
9282.00 0.000
9284.00 0.000
9286.00 0.000
9288.00 0.000
9290.00 0.000
9292.00 0.000
9294.00 0.000
9296.00 0.000
9298.00 0.000
9300.00 0.000
9302.00 0.000
9304.00 0.000
9306.00 1.000
9308.00 0.000
9310.00 0.000
9312.00 0.000
9314.00 0.000
9316.00 0.000
9318.00 0.000
9320.00 0.000
9322.00 0.000
9324.00 0.000
9326.00 0.000
9328.00 0.000
9330.00 0.000
9332.00 0.000
9334.00 0.000
9336.00 0.000
9338.00 0.000
9340.00 0.000
9342.00 0.000
9344.00 0.000
9346.00 0.000
9348.00 0.000
9350.00 0.000
9352.00 0.000
9354.00 0.000
9356.00 0.000
9358.00 0.000
9360.00 0.000
9362.00 0.000
9364.00 0.000
9366.00 0.000
9368.00 0.000
9370.00 0.000
9372.00 0.000
9374.00 0.000
9376.00 0.000
9378.00 0.000
9380.00 0.000
9382.00 0.000
9384.00 0.000
9386.00 0.000
9388.00 0.000
9390.00 0.000
9392.00 0.000
9394.00 0.000
9396.00 0.000
9398.00 0.000
9400.00 0.000
9402.00 0.000
9404.00 0.000
9406.00 0.000
9408.00 0.000
9410.00 0.000
9412.00 0.000
9414.00 0.000
9416.00 0.000
9418.00 0.000
9420.00 0.000
9422.00 0.000
9424.00 0.000
9426.00 0.000
9428.00 0.000
9430.00 0.000
9432.00 0.000
9434.00 0.000
9436.00 0.000
9438.00 0.000
9440.00 0.000
9442.00 0.000
9444.00 0.000
9446.00 0.000
9448.00 0.000
9450.00 0.000
9452.00 0.000
9454.00 0.000
9456.00 0.000
9458.00 0.000
9460.00 0.000
9462.00 0.000
9464.00 0.000
9466.00 0.000
9468.00 0.000
9470.00 0.000
9472.00 0.000
9474.00 0.000
9476.00 0.000
9478.00 0.000
9480.00 0.000
9482.00 0.000
9484.00 0.000
9486.00 0.000
9488.00 0.000
9490.00 0.000
9492.00 0.000
9494.00 0.000
9496.00 0.000
9498.00 0.000
9500.00 0.000
9502.00 0.000
9504.00 0.000
9506.00 0.000
9508.00 0.000
9510.00 0.000
9512.00 0.000
9514.00 0.000
9516.00 0.000
9518.00 0.000
9520.00 0.000
9522.00 0.000
9524.00 0.000
9526.00 0.000
9528.00 0.000
9530.00 0.000
9532.00 0.000
9534.00 0.000
9536.00 0.000
9538.00 0.000
9540.00 0.000
9542.00 0.000
9544.00 0.000
9546.00 0.000
9548.00 0.000
9550.00 0.000
9552.00 0.000
9554.00 0.000
9556.00 0.000
9558.00 0.000
9560.00 0.000
9562.00 0.000
9564.00 0.000
9566.00 0.000
9568.00 0.000
9570.00 0.000
9572.00 0.000
9574.00 0.000
9576.00 0.000
9578.00 0.000
9580.00 0.000
9582.00 0.000
9584.00 0.000
9586.00 0.000
9588.00 0.000
9590.00 0.000
9592.00 0.000
9594.00 0.000
9596.00 0.000
9598.00 0.000
9600.00 0.000
9602.00 0.000
9604.00 0.000
9606.00 0.000
9608.00 0.000
9610.00 0.000
9612.00 0.000
9614.00 0.000
9616.00 0.000
9618.00 0.000
9620.00 0.000
9622.00 0.000
9624.00 0.000
9626.00 0.000
9628.00 0.000
9630.00 0.000
9632.00 0.000
9634.00 0.000
9636.00 0.000
9638.00 0.000
9640.00 0.000
9642.00 0.000
9644.00 0.000
9646.00 2.000
9648.00 3.000
9650.00 7.000
9652.00 17.000
9654.00 36.000
9656.00 78.000
9658.00 136.000
9660.00 226.000
9662.00 310.000
9664.00 371.000
9666.00 445.000
9668.00 422.000
9670.00 446.000
9672.00 441.000
9674.00 441.000
9676.00 418.000
9678.00 446.000
9680.00 419.000
9682.00 463.000
9684.00 432.000
9686.00 429.000
9688.00 435.000
9690.00 437.000
9692.00 435.000
9694.00 447.000
9696.00 457.000
9698.00 530.000
9700.00 465.000
9702.00 492.000
9704.00 458.000
9706.00 508.000
9708.00 541.000
9710.00 497.000
9712.00 514.000
9714.00 490.000
9716.00 465.000
9718.00 475.000
9720.00 456.000
9722.00 493.000
9724.00 470.000
9726.00 543.000
9728.00 499.000
9730.00 500.000
9732.00 552.000
9734.00 483.000
9736.00 528.000
9738.00 507.000
9740.00 458.000
9742.00 512.000
9744.00 502.000
9746.00 515.000
9748.00 490.000
9750.00 497.000
9752.00 482.000
9754.00 558.000
9756.00 499.000
9758.00 517.000
9760.00 494.000
9762.00 554.000
9764.00 534.000
9766.00 539.000
9768.00 506.000
9770.00 507.000
9772.00 506.000
9774.00 529.000
9776.00 485.000
9778.00 565.000
9780.00 572.000
9782.00 502.000
9784.00 520.000
9786.00 570.000
9788.00 550.000
9790.00 563.000
9792.00 555.000
9794.00 553.000
9796.00 502.000
9798.00 492.000
9800.00 421.000
9802.00 335.000
9804.00 279.000
9806.00 165.000
9808.00 92.000
9810.00 62.000
9812.00 49.000
9814.00 41.000
9816.00 40.000
9818.00 40.000
9820.00 38.000
9822.00 33.000
9824.00 36.000
9826.00 34.000
9828.00 30.000
9830.00 35.000
9832.00 36.000
9834.00 23.000
9836.00 14.000
9838.00 6.000
9840.00 2.000
9842.00 1.000
9844.00 0.000
9846.00 0.000
9848.00 0.000
9850.00 0.000
9852.00 0.000
9854.00 0.000
9856.00 0.000
9858.00 0.000
9860.00 0.000
9862.00 0.000
9864.00 0.000
9866.00 0.000
9868.00 0.000
9870.00 0.000
9872.00 0.000
9874.00 0.000
9876.00 0.000
9878.00 0.000
9880.00 0.000
9882.00 0.000
9884.00 0.000
9886.00 0.000
9888.00 0.000
9890.00 0.000
9892.00 0.000
9894.00 0.000
9896.00 0.000
9898.00 0.000
9900.00 0.000
9902.00 0.000
9904.00 0.000
9906.00 0.000
9908.00 0.000
9910.00 0.000
9912.00 0.000
9914.00 0.000
9916.00 0.000
9918.00 0.000
9920.00 0.000
9922.00 0.000
9924.00 0.000
9926.00 0.000
9928.00 0.000
9930.00 0.000
9932.00 0.000
9934.00 0.000
9936.00 0.000
9938.00 0.000
9940.00 0.000
9942.00 0.000
9944.00 0.000
9946.00 0.000
9948.00 0.000
9950.00 0.000
9952.00 0.000
9954.00 0.000
9956.00 0.000
9958.00 0.000
9960.00 0.000
9962.00 0.000
9964.00 0.000
9966.00 0.000
9968.00 0.000
9970.00 0.000
9972.00 0.000
9974.00 0.000
9976.00 0.000
9978.00 0.000
9980.00 0.000
9982.00 0.000
9984.00 0.000
9986.00 0.000
9988.00 0.000
9990.00 0.000
9992.00 0.000
9994.00 0.000
9996.00 0.000
9998.00 0.000
10000.00 0.000
10002.00 0.000
10004.00 0.000
10006.00 0.000
10008.00 0.000
10010.00 0.000
10012.00 0.000
10014.00 0.000
10016.00 0.000
10018.00 0.000
10020.00 0.000
10022.00 0.000
10024.00 0.000
10026.00 0.000
10028.00 0.000
10030.00 0.000
10032.00 0.000
10034.00 0.000
10036.00 0.000
10038.00 0.000
10040.00 0.000
10042.00 0.000
10044.00 0.000
10046.00 0.000
10048.00 0.000
10050.00 0.000
10052.00 0.000
10054.00 0.000
10056.00 0.000
10058.00 0.000
10060.00 0.000
10062.00 0.000
10064.00 0.000
10066.00 0.000
10068.00 0.000
10070.00 0.000
10072.00 0.000
10074.00 0.000
10076.00 0.000
10078.00 0.000
10080.00 0.000
10082.00 0.000
10084.00 0.000
10086.00 0.000
10088.00 0.000
10090.00 0.000
10092.00 0.000
10094.00 0.000
10096.00 0.000
10098.00 0.000
10100.00 0.000
10102.00 0.000
10104.00 0.000
10106.00 0.000
10108.00 0.000
10110.00 0.000
10112.00 0.000
10114.00 0.000
10116.00 0.000
10118.00 0.000
10120.00 0.000
10122.00 0.000
10124.00 0.000
10126.00 0.000
10128.00 0.000
10130.00 0.000
10132.00 0.000
10134.00 0.000
10136.00 0.000
10138.00 0.000
10140.00 0.000
10142.00 0.000
10144.00 0.000
10146.00 0.000
10148.00 0.000
10150.00 0.000
10152.00 0.000
10154.00 0.000
10156.00 0.000
10158.00 0.000
10160.00 0.000
10162.00 0.000
10164.00 0.000
10166.00 0.000
10168.00 0.000
10170.00 0.000
10172.00 0.000
10174.00 0.000
10176.00 0.000
10178.00 0.000
10180.00 0.000
10182.00 0.000
10184.00 0.000
10186.00 0.000
10188.00 0.000
10190.00 0.000
10192.00 0.000
10194.00 0.000
10196.00 0.000
10198.00 0.000
10200.00 0.000
10202.00 0.000
10204.00 0.000
10206.00 0.000
10208.00 0.000
10210.00 0.000
10212.00 0.000
10214.00 0.000
10216.00 0.000
10218.00 0.000
10220.00 0.000
10222.00 0.000
10224.00 0.000
10226.00 0.000
10228.00 0.000
10230.00 0.000
10232.00 0.000
10234.00 0.000
10236.00 0.000
10238.00 0.000
10240.00 0.000
10242.00 0.000
10244.00 0.000
10246.00 0.000
10248.00 0.000
10250.00 0.000
10252.00 0.000
10254.00 0.000
10256.00 0.000
10258.00 0.000
10260.00 0.000
10262.00 0.000
10264.00 0.000
10266.00 0.000
10268.00 0.000
10270.00 0.000
10272.00 0.000
10274.00 0.000
10276.00 0.000
10278.00 0.000
10280.00 0.000
10282.00 0.000
10284.00 0.000
10286.00 0.000
10288.00 0.000
10290.00 0.000
10292.00 0.000
10294.00 0.000
10296.00 0.000
10298.00 0.000
10300.00 0.000
10302.00 0.000
10304.00 0.000
10306.00 0.000
10308.00 0.000
10310.00 0.000
10312.00 0.000
10314.00 0.000
10316.00 0.000
10318.00 0.000
10320.00 0.000
10322.00 0.000
10324.00 0.000
10326.00 0.000
10328.00 0.000
10330.00 0.000
10332.00 0.000
10334.00 0.000
10336.00 0.000
10338.00 0.000
10340.00 0.000
10342.00 0.000
10344.00 0.000
10346.00 0.000
10348.00 0.000
10350.00 0.000
10352.00 0.000
10354.00 0.000
10356.00 0.000
10358.00 0.000
10360.00 0.000
10362.00 0.000
10364.00 0.000
10366.00 0.000
10368.00 0.000
10370.00 0.000
10372.00 0.000
10374.00 0.000
10376.00 0.000
10378.00 0.000
10380.00 0.000
10382.00 0.000
10384.00 0.000
10386.00 0.000
10388.00 0.000
10390.00 0.000
10392.00 0.000
10394.00 0.000
10396.00 0.000
10398.00 0.000
10400.00 0.000
10402.00 0.000
10404.00 0.000
10406.00 0.000
10408.00 0.000
10410.00 0.000
10412.00 0.000
10414.00 0.000
10416.00 0.000
10418.00 0.000
10420.00 0.000
10422.00 0.000
10424.00 0.000
10426.00 0.000
10428.00 0.000
10430.00 0.000
10432.00 0.000
10434.00 0.000
10436.00 0.000
10438.00 0.000
10440.00 0.000
10442.00 0.000
10444.00 0.000
10446.00 0.000
10448.00 0.000
10450.00 0.000
10452.00 0.000
10454.00 0.000
10456.00 0.000
10458.00 0.000
10460.00 0.000
10462.00 0.000
10464.00 0.000
10466.00 0.000
10468.00 0.000
10470.00 0.000
10472.00 0.000
10474.00 0.000
10476.00 0.000
10478.00 0.000
10480.00 0.000
10482.00 0.000
10484.00 0.000
10486.00 0.000
10488.00 0.000
10490.00 0.000
10492.00 0.000
10494.00 0.000
10496.00 0.000
10498.00 0.000
10500.00 0.000
10502.00 0.000
10504.00 0.000
10506.00 0.000
10508.00 0.000
10510.00 0.000
10512.00 0.000
10514.00 0.000
10516.00 0.000
10518.00 0.000
10520.00 0.000
10522.00 0.000
10524.00 0.000
10526.00 0.000
10528.00 0.000
10530.00 0.000
10532.00 0.000
10534.00 0.000
10536.00 0.000
10538.00 0.000
10540.00 0.000
10542.00 0.000
10544.00 0.000
10546.00 0.000
10548.00 0.000
10550.00 0.000
10552.00 0.000
10554.00 0.000
10556.00 0.000
10558.00 0.000
10560.00 0.000
10562.00 0.000
10564.00 0.000
10566.00 0.000
10568.00 0.000
10570.00 0.000
10572.00 0.000
10574.00 0.000
10576.00 0.000
10578.00 0.000
10580.00 0.000
10582.00 4.000
10584.00 53.000
10586.00 492.000
10588.00 1134.000
10590.00 1249.000
10592.00 1249.000
10594.00 1293.000
10596.00 1290.000
10598.00 1297.000
10600.00 1255.000
10602.00 1309.000
10604.00 1347.000
10606.00 1331.000
10608.00 1391.000
10610.00 1407.000
10612.00 1323.000
10614.00 1394.000
10616.00 1463.000
10618.00 1560.000
10620.00 1541.000
10622.00 1526.000
10624.00 1618.000
10626.00 1561.000
10628.00 1452.000
10630.00 718.000
10632.00 209.000
10634.00 148.000
10636.00 174.000
10638.00 163.000
10640.00 135.000
10642.00 159.000
10644.00 158.000
10646.00 134.000
10648.00 140.000
10650.00 137.000
10652.00 149.000
10654.00 147.000
10656.00 165.000
10658.00 130.000
10660.00 109.000
10662.00 26.000
10664.00 2.000
10666.00 0.000
10668.00 0.000
10670.00 0.000
10672.00 0.000
10674.00 0.000
10676.00 0.000
10678.00 0.000
10680.00 0.000
10682.00 0.000
10684.00 0.000
10686.00 0.000
10688.00 0.000
10690.00 0.000
10692.00 0.000
10694.00 0.000
10696.00 0.000
10698.00 0.000
10700.00 0.000
10702.00 0.000
10704.00 0.000
10706.00 0.000
10708.00 0.000
10710.00 0.000
10712.00 0.000
10714.00 0.000
10716.00 0.000
10718.00 0.000
10720.00 0.000
10722.00 0.000
10724.00 0.000
10726.00 0.000
10728.00 0.000
10730.00 0.000
10732.00 0.000
10734.00 0.000
10736.00 0.000
10738.00 0.000
10740.00 0.000
10742.00 0.000
10744.00 0.000
10746.00 0.000
10748.00 0.000
10750.00 0.000
10752.00 0.000
10754.00 0.000
10756.00 0.000
10758.00 0.000
10760.00 0.000
10762.00 0.000
10764.00 0.000
10766.00 0.000
10768.00 0.000
10770.00 0.000
10772.00 0.000
10774.00 0.000
10776.00 0.000
10778.00 0.000
10780.00 0.000
10782.00 0.000
10784.00 0.000
10786.00 0.000
10788.00 0.000
10790.00 0.000
10792.00 0.000
10794.00 0.000
10796.00 0.000
10798.00 0.000
10800.00 0.000
10802.00 0.000
10804.00 0.000
10806.00 0.000
10808.00 0.000
10810.00 0.000
10812.00 0.000
10814.00 0.000
10816.00 0.000
10818.00 0.000
10820.00 0.000
10822.00 0.000
10824.00 0.000
10826.00 0.000
10828.00 0.000
10830.00 0.000
10832.00 0.000
10834.00 0.000
10836.00 0.000
10838.00 0.000
10840.00 0.000
10842.00 0.000
10844.00 0.000
10846.00 0.000
10848.00 0.000
10850.00 0.000
10852.00 0.000
10854.00 0.000
10856.00 0.000
10858.00 0.000
10860.00 0.000
10862.00 0.000
10864.00 0.000
10866.00 0.000
10868.00 0.000
10870.00 0.000
10872.00 0.000
10874.00 0.000
10876.00 0.000
10878.00 0.000
10880.00 0.000
10882.00 0.000
10884.00 0.000
10886.00 0.000
10888.00 0.000
10890.00 0.000
10892.00 0.000
10894.00 0.000
10896.00 0.000
10898.00 0.000
10900.00 0.000
10902.00 0.000
10904.00 0.000
10906.00 0.000
10908.00 0.000
10910.00 0.000
10912.00 0.000
10914.00 0.000
10916.00 0.000
10918.00 0.000
10920.00 0.000
10922.00 0.000
10924.00 0.000
10926.00 0.000
10928.00 0.000
10930.00 0.000
10932.00 0.000
10934.00 0.000
10936.00 0.000
10938.00 0.000
10940.00 0.000
10942.00 0.000
10944.00 0.000
10946.00 0.000
10948.00 0.000
10950.00 0.000
10952.00 0.000
10954.00 0.000
10956.00 0.000
10958.00 0.000
10960.00 0.000
10962.00 0.000
10964.00 0.000
10966.00 0.000
10968.00 0.000
10970.00 0.000
10972.00 0.000
10974.00 0.000
10976.00 0.000
10978.00 0.000
10980.00 0.000
10982.00 0.000
10984.00 0.000
10986.00 0.000
10988.00 0.000
10990.00 0.000
10992.00 0.000
10994.00 0.000
10996.00 0.000
10998.00 0.000
11000.00 0.000
