E, keV	I, A
6,00327E+0	3,57780E-11
6,01426E+0	4,94260E-11
6,02526E+0	3,61110E-11
6,03625E+0	4,93790E-11
6,04725E+0	4,43060E-11
6,05824E+0	4,26830E-11
6,06924E+0	4,88900E-11
6,08024E+0	4,88420E-11
6,09123E+0	3,84150E-11
6,10222E+0	3,88640E-11
6,11322E+0	3,78790E-11
6,12421E+0	4,03760E-11
6,13521E+0	4,10350E-11
6,14620E+0	4,29530E-11
6,15720E+0	6,57200E-11
6,16819E+0	6,80520E-11
6,17919E+0	4,58590E-11
6,19018E+0	4,72770E-11
6,20118E+0	4,91820E-11
6,21218E+0	3,75400E-11
6,22317E+0	4,72260E-11
6,23416E+0	4,19200E-11
6,24516E+0	3,88440E-11
6,25615E+0	5,43190E-11
6,26715E+0	5,29790E-11
6,27814E+0	6,02700E-11
6,28914E+0	4,69720E-11
6,30014E+0	5,07710E-11
6,31113E+0	4,89130E-11
6,32212E+0	5,64390E-11
6,33312E+0	5,45790E-11
6,34411E+0	6,97300E-11
6,35511E+0	4,77670E-11
6,36610E+0	5,49870E-11
6,37710E+0	6,56440E-11
6,38809E+0	4,69800E-11
6,39909E+0	6,39210E-11
6,41008E+0	6,59610E-11
6,42108E+0	5,00730E-11
6,43207E+0	5,50670E-11
6,44307E+0	5,47170E-11
6,45406E+0	6,34940E-11
6,46506E+0	5,74080E-11
6,47605E+0	5,02400E-11
6,48705E+0	5,27150E-11
6,49804E+0	5,49440E-11
6,50904E+0	6,42320E-11
6,52003E+0	6,65890E-11
6,53103E+0	4,10720E-11
6,54202E+0	5,84040E-11
6,55302E+0	4,85060E-11
6,56401E+0	4,01940E-11
6,57501E+0	6,54090E-11
6,58601E+0	6,19620E-11
6,59700E+0	4,97990E-11
6,60799E+0	8,17390E-11
6,61899E+0	7,07590E-11
6,62998E+0	5,32430E-11
6,64098E+0	6,04360E-11
6,65197E+0	5,68630E-11
6,66297E+0	4,69860E-11
6,67396E+0	7,75480E-11
6,68496E+0	5,57080E-11
6,69595E+0	5,42620E-11
6,70695E+0	6,63120E-11
6,71795E+0	5,01310E-11
6,72894E+0	5,14750E-11
6,73993E+0	5,97630E-11
6,75093E+0	5,01440E-11
6,76192E+0	5,05780E-11
6,77292E+0	5,66070E-11
6,78391E+0	5,27860E-11
6,79491E+0	6,50310E-11
6,80591E+0	5,29290E-11
6,81690E+0	4,25520E-11
6,82789E+0	3,47750E-11
6,83889E+0	5,12340E-11
6,84988E+0	4,53440E-11
6,86088E+0	4,46360E-11
6,87187E+0	4,82730E-11
6,88287E+0	4,72910E-11
6,89386E+0	6,09480E-11
6,90486E+0	5,39230E-11
6,91585E+0	4,43180E-11
6,92685E+0	7,56570E-11
6,93784E+0	6,60740E-11
6,94884E+0	7,25070E-11
6,95983E+0	7,88360E-11
6,97083E+0	8,39010E-11
6,98182E+0	8,48420E-11
6,99282E+0	7,05010E-11
7,00381E+0	6,24060E-11
7,01481E+0	6,87900E-11
7,02580E+0	8,45660E-11
7,03680E+0	6,65090E-11
7,04779E+0	6,64220E-11
7,05879E+0	6,63900E-11
7,06978E+0	6,33980E-11
7,08078E+0	5,87610E-11
7,09177E+0	5,49070E-11
7,10277E+0	4,35300E-11
7,11376E+0	4,44100E-11
7,12476E+0	4,92180E-11
7,13575E+0	5,87550E-11
7,14675E+0	5,71590E-11
7,15774E+0	4,88670E-11
7,16874E+0	5,54120E-11
7,17973E+0	6,45200E-11
7,19073E+0	6,40990E-11
7,20172E+0	8,43350E-11
7,21272E+0	6,06080E-11
7,22371E+0	6,87170E-11
7,23471E+0	6,18510E-11
7,24570E+0	6,18810E-11
7,25670E+0	6,14520E-11
7,26769E+0	5,63230E-11
7,27869E+0	6,44680E-11
7,28968E+0	4,77260E-11
7,30068E+0	4,06450E-11
7,31168E+0	4,78440E-11
7,32267E+0	3,66870E-11
7,33366E+0	3,64510E-11
7,34466E+0	4,68430E-11
7,35565E+0	3,78350E-11
7,36665E+0	3,70270E-11
7,37764E+0	2,79020E-11
7,38864E+0	2,55660E-11
7,39963E+0	3,42450E-11
7,41063E+0	2,84530E-11
7,42162E+0	4,66790E-11
7,43262E+0	3,73730E-11
7,44361E+0	5,27510E-11
7,45461E+0	3,99100E-11
7,46560E+0	2,25740E-11
7,47660E+0	3,88250E-11
7,48759E+0	4,34300E-11
7,49859E+0	3,53550E-11
7,50958E+0	4,05050E-11
7,52058E+0	2,91640E-11
7,53157E+0	3,80810E-11
7,54257E+0	3,34180E-11
7,55356E+0	4,81460E-11
7,56456E+0	3,78350E-11
7,57555E+0	4,24950E-11
7,58655E+0	4,07230E-11
7,59754E+0	3,00140E-11
7,60854E+0	5,30630E-11
7,61953E+0	6,09220E-11
7,63053E+0	5,43800E-11
7,64152E+0	4,87420E-11
7,65252E+0	4,07620E-11
7,66351E+0	5,11140E-11
7,67451E+0	3,96690E-11
7,68551E+0	4,10310E-11
7,69650E+0	3,79500E-11
7,70749E+0	4,24820E-11
7,71849E+0	3,60170E-11
7,72948E+0	4,38680E-11
7,74048E+0	3,34670E-11
7,75147E+0	5,55040E-11
7,76247E+0	4,05710E-11
7,77346E+0	3,26970E-11
7,78446E+0	6,16000E-11
7,79545E+0	4,16210E-11
7,80645E+0	6,08270E-11
7,81745E+0	4,86900E-11
7,82844E+0	4,95580E-11
7,83943E+0	4,41330E-11
7,85043E+0	5,15050E-11
7,86142E+0	3,89470E-11
7,87242E+0	4,89050E-11
7,88341E+0	5,26210E-11
7,89441E+0	3,97690E-11
7,90541E+0	3,62060E-11
7,91640E+0	5,11900E-11
7,92739E+0	5,30000E-11
7,93839E+0	4,16630E-11
7,94938E+0	3,34640E-11
7,96038E+0	4,51590E-11
7,97137E+0	4,84430E-11
7,98237E+0	4,38320E-11
7,99336E+0	3,95050E-11
8,00436E+0	5,54990E-11
8,01535E+0	5,76650E-11
8,02635E+0	5,72370E-11
8,03734E+0	6,16950E-11
8,04834E+0	4,47020E-11
8,05933E+0	5,65870E-11
8,07033E+0	5,18650E-11
8,08132E+0	4,89820E-11
8,09232E+0	5,14040E-11
8,10332E+0	5,07100E-11
8,11431E+0	4,80410E-11
8,12530E+0	5,71040E-11
8,13630E+0	6,60540E-11
8,14729E+0	3,93820E-11
8,15829E+0	4,77310E-11
8,16928E+0	4,48090E-11
8,18028E+0	5,05250E-11
8,19127E+0	5,83940E-11
8,20227E+0	5,46010E-11
8,21326E+0	4,60050E-11
8,22426E+0	5,23550E-11
8,23526E+0	4,68990E-11
8,24625E+0	5,24960E-11
8,25724E+0	7,34980E-11
8,26824E+0	5,78750E-11
8,27923E+0	6,69850E-11
8,29023E+0	6,64050E-11
8,30122E+0	6,68730E-11
8,31222E+0	5,84670E-11
8,32321E+0	6,39740E-11
8,33421E+0	6,90220E-11
8,34520E+0	5,85170E-11
8,35620E+0	6,45320E-11
8,36720E+0	6,15350E-11
8,37819E+0	6,76840E-11
8,38918E+0	6,43520E-11
8,40018E+0	7,06670E-11
8,41118E+0	8,56700E-11
8,42217E+0	6,59990E-11
8,43316E+0	6,60940E-11
8,44416E+0	6,15320E-11
8,45515E+0	7,09230E-11
8,46615E+0	7,45230E-11
8,47715E+0	5,88040E-11
8,48814E+0	5,71450E-11
8,49913E+0	6,55530E-11
8,51013E+0	7,00350E-11
8,52112E+0	7,39770E-11
8,53212E+0	7,31300E-11
8,54311E+0	6,83220E-11
8,55411E+0	6,39930E-11
8,56510E+0	6,79320E-11
8,57610E+0	7,01070E-11
8,58709E+0	9,02950E-11
8,59809E+0	8,55080E-11
8,60909E+0	7,05820E-11
8,62008E+0	7,64880E-11
8,63107E+0	7,43970E-11
8,64207E+0	7,13020E-11
8,65306E+0	5,98030E-11
8,66406E+0	7,85760E-11
8,67505E+0	8,74240E-11
8,68605E+0	7,89230E-11
8,69704E+0	7,10980E-11
8,70804E+0	7,85210E-11
8,71903E+0	1,10083E-10
8,73003E+0	1,04271E-10
8,74102E+0	8,49780E-11
8,75202E+0	1,04538E-10
8,76301E+0	1,03398E-10
8,77401E+0	1,08343E-10
8,78500E+0	9,80680E-11
8,79600E+0	1,38993E-10
8,80699E+0	1,29330E-10
8,81799E+0	1,11935E-10
8,82898E+0	1,43349E-10
8,83998E+0	1,41035E-10
8,85098E+0	1,30648E-10
8,86197E+0	1,42841E-10
8,87296E+0	1,47539E-10
8,88396E+0	1,39115E-10
8,89495E+0	1,54009E-10
8,90595E+0	1,91550E-10
8,91694E+0	1,66527E-10
8,92794E+0	1,48642E-10
8,93894E+0	1,72966E-10
8,94993E+0	1,67316E-10
8,96092E+0	1,93860E-10
8,97192E+0	1,79526E-10
8,98291E+0	1,81002E-10
8,99391E+0	1,98246E-10
9,00490E+0	1,81671E-10
9,01590E+0	1,76367E-10
9,02689E+0	1,79968E-10
9,03789E+0	1,70044E-10
9,04889E+0	1,65573E-10
9,05988E+0	2,20070E-10
9,07087E+0	1,03411E-10
9,08187E+0	1,62963E-10
9,09286E+0	1,55322E-10
9,10386E+0	1,85403E-10
9,11485E+0	1,78132E-10
9,12585E+0	2,01201E-10
9,13684E+0	1,78977E-10
9,14784E+0	1,80768E-10
9,15883E+0	1,63814E-10
9,16983E+0	1,77472E-10
9,18082E+0	1,62105E-10
9,19182E+0	1,79033E-10
9,20281E+0	1,49176E-10
9,21381E+0	1,45378E-10
9,22480E+0	1,43896E-10
9,23580E+0	1,65001E-10
9,24679E+0	1,59157E-10
9,25779E+0	1,62718E-10
9,26878E+0	1,71880E-10
9,27978E+0	1,28052E-10
9,29077E+0	1,61824E-10
9,30177E+0	1,39808E-10
9,31277E+0	1,63613E-10
9,32376E+0	1,48512E-10
9,33475E+0	1,34358E-10
9,34575E+0	1,52794E-10
9,35674E+0	1,33391E-10
9,36774E+0	1,57316E-10
9,37873E+0	1,62410E-10
9,38973E+0	1,46024E-10
9,40072E+0	1,27934E-10
9,41172E+0	1,37758E-10
9,42272E+0	1,26732E-10
9,43371E+0	1,47866E-10
9,44470E+0	1,41498E-10
9,45570E+0	1,18356E-10
9,46669E+0	1,05486E-10
9,47769E+0	1,23064E-10
9,48869E+0	1,45634E-10
9,49968E+0	1,44316E-10
9,51067E+0	1,63533E-10
9,52167E+0	1,33980E-10
9,53266E+0	1,23681E-10
9,54366E+0	1,41989E-10
9,55465E+0	1,42947E-10
9,56565E+0	1,30926E-10
9,57665E+0	1,62382E-10
9,58764E+0	1,36635E-10
9,59863E+0	1,60196E-10
9,60963E+0	1,36332E-10
9,62062E+0	1,39476E-10
9,62210E+0	1,47836E-10
9,63076E+0	1,35763E-10
9,63942E+0	1,34941E-10
9,64808E+0	1,60171E-10
9,65674E+0	1,33909E-10
9,66540E+0	1,31375E-10
9,67406E+0	1,37969E-10
9,68272E+0	1,68638E-10
9,69138E+0	1,43923E-10
9,70004E+0	1,31786E-10
9,70870E+0	1,53848E-10
9,71737E+0	1,61641E-10
9,72603E+0	1,71310E-10
9,73469E+0	1,82476E-10
9,74335E+0	1,57530E-10
9,75201E+0	1,69257E-10
9,76067E+0	1,74412E-10
9,76933E+0	1,40403E-10
9,77799E+0	1,43904E-10
9,78665E+0	1,53678E-10
9,79531E+0	1,63701E-10
9,80397E+0	1,39465E-10
9,81263E+0	1,08174E-10
9,82130E+0	1,53481E-10
9,82996E+0	1,60223E-10
9,83862E+0	1,62465E-10
9,84728E+0	1,36723E-10
9,85594E+0	1,62405E-10
9,86460E+0	1,52845E-10
9,87326E+0	1,53816E-10
9,88192E+0	1,72265E-10
9,89058E+0	1,70432E-10
9,89924E+0	1,78588E-10
9,90790E+0	1,69680E-10
9,91656E+0	1,48059E-10
9,92522E+0	1,51503E-10
9,93389E+0	1,28769E-10
9,94255E+0	1,33436E-10
9,95121E+0	1,50035E-10
9,95987E+0	1,74628E-10
9,96853E+0	1,67278E-10
9,97719E+0	1,80088E-10
9,98585E+0	1,66335E-10
9,99451E+0	1,74094E-10
1,00032E+1	1,64004E-10
1,00118E+1	1,66972E-10
1,00205E+1	1,82259E-10
1,00292E+1	1,80285E-10
1,00378E+1	1,85107E-10
1,00465E+1	1,80915E-10
1,00551E+1	1,87498E-10
1,00638E+1	1,64949E-10
1,00725E+1	1,61688E-10
1,00811E+1	1,53755E-10
1,00898E+1	1,68587E-10
1,00984E+1	1,78086E-10
1,01071E+1	2,86880E-10
1,01158E+1	1,05788E-10
1,01244E+1	1,70515E-10
1,01331E+1	2,89700E-10
1,01417E+1	2,97110E-10
1,01504E+1	2,08560E-10
1,01591E+1	1,15484E-10
1,01677E+1	1,79827E-10
1,01764E+1	1,92436E-10
1,01850E+1	1,77681E-10
1,01937E+1	1,77012E-10
1,02024E+1	1,71671E-10
1,02110E+1	2,07044E-10
1,02197E+1	1,77670E-10
1,02284E+1	1,21979E-10
1,02370E+1	1,64291E-10
1,02457E+1	1,66148E-10
1,02543E+1	1,76968E-10
1,02630E+1	1,93476E-10
1,02717E+1	1,82250E-10
1,02803E+1	1,96880E-10
1,02890E+1	1,95592E-10
1,02976E+1	1,63366E-10
1,03063E+1	1,87093E-10
1,03150E+1	1,66456E-10
1,03236E+1	1,58083E-10
1,03323E+1	2,17940E-10
1,03409E+1	1,17190E-10
1,03496E+1	1,96262E-10
1,03583E+1	1,67991E-10
1,03669E+1	1,74041E-10
1,03756E+1	1,87500E-10
1,03842E+1	1,83335E-10
1,03929E+1	1,74995E-10
1,04016E+1	1,69557E-10
1,04102E+1	1,74922E-10
1,04189E+1	2,20380E-10
1,04276E+1	1,08945E-10
1,04362E+1	1,79770E-10
1,04449E+1	1,25350E-10
1,04535E+1	1,68579E-10
1,04622E+1	1,79748E-10
1,04709E+1	1,86739E-10
1,04795E+1	1,68845E-10
1,04882E+1	2,03060E-10
1,04968E+1	2,30990E-10
1,05055E+1	2,03540E-10
1,05142E+1	1,21062E-10
1,05228E+1	1,74037E-10
1,05315E+1	1,52911E-10
1,05401E+1	1,55604E-10
1,05488E+1	1,86298E-10
1,05575E+1	1,47850E-10
1,05661E+1	2,95240E-10
1,05748E+1	3,06860E-10
1,05834E+1	2,65970E-10
1,05921E+1	2,59670E-10
1,06008E+1	1,31898E-10
1,06094E+1	1,94222E-10
1,06181E+1	2,20440E-10
1,06267E+1	2,41070E-10
1,06354E+1	2,58920E-10
1,06441E+1	1,15729E-10
1,06527E+1	1,97946E-10
1,06614E+1	2,10590E-10
1,06701E+1	2,23100E-10
1,06787E+1	2,51830E-10
1,06874E+1	2,39040E-10
1,06960E+1	2,85440E-10
1,07047E+1	1,40549E-10
1,07134E+1	1,73304E-10
1,07220E+1	1,93718E-10
1,07307E+1	1,83878E-10
1,07393E+1	1,91754E-10
1,07480E+1	3,06280E-10
1,07567E+1	2,10160E-10
1,07653E+1	2,74810E-10
1,07740E+1	2,04590E-10
1,07826E+1	1,37293E-10
1,07913E+1	1,91128E-10
1,08000E+1	2,39750E-10
1,08086E+1	2,72380E-10
1,08173E+1	2,09380E-10
1,08259E+1	2,10880E-10
1,08346E+1	3,57070E-10
1,08433E+1	1,44362E-10
1,08519E+1	2,27200E-10
1,08606E+1	1,49999E-10
1,08693E+1	3,08740E-10
1,08779E+1	3,13010E-10
1,08866E+1	1,47785E-10
1,08952E+1	3,63280E-10
1,09039E+1	1,27709E-10
1,09126E+1	2,89100E-10
1,09212E+1	2,78540E-10
1,09299E+1	2,46080E-10
1,09385E+1	2,10140E-10
1,09472E+1	2,47160E-10
1,09559E+1	3,35070E-10
1,09645E+1	3,15550E-10
1,09732E+1	3,12040E-10
1,09818E+1	2,18150E-10
1,09905E+1	2,61940E-10
1,09992E+1	2,75640E-10
1,10078E+1	2,34840E-10
1,10165E+1	2,59070E-10
1,10251E+1	2,44680E-10
1,10338E+1	1,42642E-10
1,10425E+1	3,85780E-10
1,10511E+1	2,79630E-10
1,10598E+1	2,55760E-10
1,10684E+1	2,21930E-10
1,10771E+1	2,70750E-10
1,10858E+1	2,14900E-10
1,10944E+1	2,01160E-10
1,11031E+1	2,55650E-10
1,11118E+1	2,78830E-10
1,11204E+1	1,74714E-10
1,11291E+1	2,41740E-10
1,11377E+1	2,67060E-10
1,11464E+1	3,27610E-10
1,11551E+1	3,29740E-10
1,11637E+1	1,72625E-10
1,11724E+1	2,99610E-10
1,11810E+1	3,22310E-10
1,11897E+1	2,80450E-10
1,11984E+1	2,68290E-10
1,12070E+1	4,10910E-10
1,12157E+1	2,99240E-10
1,12243E+1	2,04930E-10
1,12330E+1	2,60860E-10
1,12417E+1	3,93240E-10
1,12503E+1	2,52310E-10
1,12590E+1	3,00610E-10
1,12676E+1	2,88540E-10
1,12763E+1	3,18390E-10
1,12850E+1	3,44130E-10
1,12936E+1	3,56410E-10
1,13023E+1	3,89790E-10
1,13110E+1	2,52390E-10
1,13196E+1	2,79410E-10
1,13283E+1	3,30710E-10
1,13369E+1	3,33150E-10
1,13456E+1	3,37460E-10
1,13543E+1	3,05060E-10
1,13629E+1	2,91420E-10
1,13716E+1	2,68930E-10
1,13802E+1	3,70170E-10
1,13889E+1	3,21500E-10
1,13976E+1	3,37200E-10
1,14062E+1	3,84020E-10
1,14149E+1	4,00210E-10
1,14235E+1	2,43370E-10
1,14322E+1	3,87370E-10
1,14409E+1	4,16810E-10
1,14495E+1	3,44070E-10
1,14582E+1	3,13180E-10
1,14668E+1	3,78690E-10
1,14755E+1	2,83880E-10
1,14842E+1	3,66210E-10
1,14928E+1	4,44520E-10
1,15015E+1	4,04280E-10
1,15101E+1	3,33840E-10
1,15188E+1	3,02150E-10
1,15275E+1	3,45700E-10
1,15361E+1	3,60900E-10
1,15448E+1	3,60500E-10
1,15535E+1	3,15030E-10
1,15621E+1	3,26150E-10
1,15708E+1	3,18770E-10
1,15794E+1	3,49340E-10
1,15881E+1	4,17870E-10
1,15968E+1	3,18200E-10
1,16054E+1	4,37110E-10
1,16141E+1	4,23800E-10
1,16227E+1	3,29950E-10
1,16314E+1	3,44540E-10
1,16401E+1	4,14440E-10
1,16487E+1	3,43840E-10
1,16574E+1	2,56780E-10
1,16660E+1	3,69990E-10
1,16747E+1	4,55090E-10
1,16834E+1	4,13150E-10
1,16920E+1	3,28990E-10
1,17007E+1	3,65040E-10
1,17093E+1	4,24900E-10
1,17180E+1	3,54960E-10
1,17267E+1	3,54530E-10
1,17353E+1	4,00670E-10
1,17440E+1	3,94350E-10
1,17527E+1	2,99110E-10
1,17613E+1	3,12290E-10
1,17700E+1	4,11710E-10
1,17786E+1	3,51980E-10
1,17873E+1	2,97310E-10
1,17960E+1	3,09420E-10
1,18046E+1	6,12500E-10
1,18133E+1	3,72430E-10
1,18219E+1	4,00770E-10
1,18306E+1	5,01980E-10
1,18393E+1	4,56570E-10
1,18479E+1	4,07800E-10
1,18566E+1	3,02130E-10
1,18652E+1	4,46810E-10
1,18739E+1	5,78000E-10
1,18826E+1	5,41020E-10
1,18912E+1	4,64040E-10
1,18999E+1	4,50120E-10
1,19085E+1	4,69880E-10
1,19172E+1	4,39580E-10
1,19259E+1	4,38960E-10
1,19345E+1	5,12180E-10
1,19432E+1	3,85960E-10
1,19519E+1	4,76980E-10
1,19605E+1	5,21260E-10
1,19692E+1	4,71280E-10
1,19778E+1	4,43230E-10
1,19865E+1	4,27230E-10
1,19952E+1	3,59240E-10
1,20038E+1	4,84190E-10
1,20125E+1	3,52760E-10
1,20211E+1	5,03880E-10
1,20298E+1	5,01500E-10
1,20385E+1	5,80940E-10
1,20471E+1	5,34200E-10
1,20558E+1	6,03470E-10
1,20644E+1	4,20020E-10
1,20731E+1	6,53760E-10
1,20818E+1	4,99280E-10
1,20904E+1	4,69750E-10
1,20991E+1	4,13060E-10
1,21077E+1	5,44130E-10
1,21164E+1	6,33150E-10
1,21251E+1	4,60920E-10
1,21337E+1	4,66890E-10
1,21424E+1	5,31210E-10
1,21510E+1	6,03860E-10
1,21597E+1	5,20420E-10
1,21684E+1	5,94220E-10
1,21770E+1	6,00730E-10
1,21857E+1	5,62800E-10
1,21944E+1	5,95930E-10
1,22030E+1	6,22630E-10
1,22117E+1	5,03870E-10
1,22203E+1	4,38320E-10
1,22290E+1	6,47200E-10
1,22377E+1	5,29340E-10
1,22463E+1	5,44600E-10
1,22550E+1	5,33020E-10
1,22636E+1	6,62350E-10
1,22723E+1	4,95390E-10
1,22810E+1	5,11270E-10
1,22896E+1	5,32680E-10
1,22983E+1	5,08380E-10
1,23069E+1	8,12760E-10
1,23156E+1	6,15520E-10
1,23243E+1	5,13310E-10
1,23329E+1	6,66890E-10
1,23416E+1	5,97230E-10
1,23502E+1	5,25150E-10
1,23589E+1	5,92670E-10
1,23676E+1	7,00440E-10
1,23762E+1	6,89940E-10
1,23849E+1	5,96760E-10
1,23936E+1	6,46850E-10
1,24022E+1	6,94880E-10
1,24109E+1	5,81610E-10
1,24195E+1	6,51710E-10
1,24282E+1	7,25610E-10
1,24369E+1	8,33150E-10
1,24455E+1	6,11540E-10
1,24542E+1	6,48460E-10
1,24628E+1	5,90100E-10
1,24715E+1	5,74510E-10
1,24802E+1	7,34910E-10
1,24888E+1	7,75470E-10
1,24975E+1	6,92320E-10
1,25061E+1	6,69630E-10
1,25148E+1	7,10450E-10
1,25235E+1	5,64890E-10
1,25321E+1	5,83270E-10
1,25408E+1	7,42370E-10
1,25494E+1	7,65430E-10
1,25581E+1	6,57260E-10
1,25668E+1	5,37250E-10
1,25754E+1	6,86780E-10
1,25841E+1	7,90810E-10
1,25927E+1	7,59340E-10
1,26014E+1	7,03690E-10
1,26101E+1	7,43990E-10
1,26187E+1	6,49120E-10
1,26274E+1	8,18460E-10
1,26361E+1	6,21500E-10
1,26447E+1	6,40320E-10
1,26534E+1	7,58340E-10
1,26620E+1	7,61940E-10
1,26707E+1	8,99680E-10
1,26794E+1	6,96470E-10
1,26880E+1	8,64560E-10
1,26967E+1	7,07130E-10
1,27053E+1	1,05033E-9
1,27140E+1	8,90320E-10
1,27227E+1	8,23540E-10
1,27313E+1	7,20200E-10
1,27400E+1	8,69660E-10
1,27486E+1	1,01652E-9
1,27573E+1	7,26430E-10
1,27660E+1	8,91960E-10
1,27746E+1	8,41310E-10
1,27833E+1	8,49730E-10
1,27919E+1	6,92700E-10
1,28006E+1	6,92350E-10
1,28093E+1	8,29850E-10
1,28179E+1	8,97890E-10
1,28266E+1	9,06360E-10
1,28353E+1	8,13170E-10
1,28439E+1	7,78040E-10
1,28526E+1	8,64440E-10
1,28612E+1	8,40540E-10
1,28699E+1	8,22300E-10
1,28786E+1	8,24110E-10
1,28872E+1	9,12800E-10
1,28959E+1	9,18100E-10
1,29045E+1	1,07400E-9
1,29132E+1	9,00100E-10
1,29219E+1	9,20740E-10
1,29305E+1	1,00453E-9
1,29392E+1	1,01002E-9
1,29478E+1	1,01913E-9
1,29565E+1	8,80220E-10
1,29652E+1	1,25283E-9
1,29738E+1	9,23410E-10
1,29825E+1	9,66300E-10
1,29911E+1	1,09899E-9
1,29998E+1	1,00467E-9
1,30085E+1	1,02720E-9
1,30171E+1	8,03860E-10
1,30258E+1	9,83680E-10
1,30344E+1	9,12210E-10
1,30431E+1	8,63200E-10
1,30518E+1	1,09378E-9
1,30604E+1	9,52340E-10
1,30691E+1	1,14795E-9
1,30778E+1	1,18590E-9
1,30864E+1	1,14070E-9
1,30951E+1	1,09029E-9
1,31037E+1	1,22373E-9
1,31124E+1	1,25868E-9
1,31211E+1	1,08592E-9
1,31297E+1	1,07493E-9
1,31384E+1	1,10292E-9
1,31470E+1	1,17215E-9
1,31557E+1	1,15168E-9
1,31644E+1	1,23582E-9
1,31730E+1	1,11523E-9
1,31817E+1	9,73400E-10
1,31903E+1	1,02083E-9
1,31990E+1	1,25009E-9
1,32077E+1	1,21431E-9
1,32163E+1	1,16386E-9
1,32250E+1	1,04897E-9
1,32336E+1	1,23656E-9
1,32423E+1	1,19928E-9
1,32510E+1	1,03690E-9
1,32596E+1	1,32620E-9
1,32683E+1	9,59570E-10
1,32770E+1	1,31180E-9
1,32856E+1	1,07231E-9
1,32943E+1	1,17300E-9
1,33029E+1	1,12582E-9
1,33116E+1	1,30797E-9
1,33203E+1	1,20819E-9
1,33289E+1	1,13416E-9
1,33376E+1	1,41245E-9
1,33462E+1	1,26846E-9
1,33549E+1	1,21390E-9
1,33636E+1	1,69538E-9
1,33722E+1	1,50189E-9
1,33809E+1	1,36448E-9
1,33895E+1	1,50759E-9
1,33982E+1	1,39288E-9
1,34069E+1	1,32762E-9
1,34155E+1	1,44100E-9
1,34242E+1	1,58290E-9
1,34328E+1	1,29694E-9
1,34415E+1	1,42967E-9
1,34502E+1	1,70570E-9
1,34588E+1	1,36529E-9
1,34675E+1	1,51619E-9
1,34761E+1	1,44236E-9
1,34848E+1	1,37919E-9
1,34935E+1	1,50493E-9
1,35021E+1	1,65697E-9
1,35108E+1	1,55120E-9
1,35195E+1	1,51971E-9
1,35281E+1	1,64815E-9
1,35368E+1	1,68730E-9
1,35454E+1	1,51590E-9
1,35541E+1	1,44975E-9
1,35628E+1	1,52035E-9
1,35714E+1	1,77240E-9
1,35801E+1	1,53870E-9
1,35887E+1	2,12950E-9
1,35974E+1	1,78729E-9
1,36061E+1	1,73030E-9
1,36147E+1	1,58720E-9
1,36234E+1	1,73040E-9
1,36320E+1	1,62124E-9
1,36407E+1	1,80800E-9
1,36494E+1	2,03660E-9
1,36580E+1	1,92570E-9
1,36667E+1	1,85639E-9
1,36753E+1	2,05620E-9
1,36840E+1	2,15520E-9
1,36927E+1	2,00670E-9
1,37013E+1	2,09210E-9
1,37100E+1	1,86914E-9
1,37187E+1	1,88440E-9
1,37273E+1	2,18560E-9
1,37360E+1	2,17240E-9
1,37446E+1	2,10250E-9
1,37533E+1	2,01130E-9
1,37620E+1	2,29290E-9
1,37706E+1	2,10600E-9
1,37793E+1	2,10750E-9
1,37879E+1	2,46150E-9
1,37966E+1	2,33080E-9
1,38053E+1	2,38260E-9
1,38139E+1	2,33500E-9
1,38226E+1	2,10270E-9
1,38312E+1	2,43820E-9
1,38399E+1	2,71340E-9
1,38486E+1	2,84220E-9
1,38572E+1	2,87630E-9
1,38659E+1	2,68810E-9
1,38745E+1	2,63840E-9
1,38832E+1	2,72990E-9
1,38919E+1	2,81510E-9
1,39005E+1	2,95390E-9
1,39092E+1	2,77620E-9
1,39179E+1	3,24270E-9
1,39265E+1	2,79100E-9
1,39352E+1	2,89630E-9
1,39438E+1	3,56870E-9
1,39525E+1	3,54550E-9
1,39612E+1	3,65700E-9
1,39698E+1	3,60560E-9
1,39785E+1	3,68510E-9
1,39871E+1	4,21800E-9
1,39958E+1	3,86460E-9
1,40045E+1	4,13890E-9
1,40131E+1	4,44510E-9
1,40218E+1	4,41940E-9
1,40304E+1	4,43530E-9
1,40391E+1	5,07310E-9
1,40478E+1	4,60600E-9
1,40564E+1	5,11660E-9
1,40651E+1	4,38750E-9
1,40737E+1	4,88370E-9
1,40824E+1	4,69440E-9
1,40911E+1	4,44010E-9
1,40997E+1	4,82210E-9
1,41084E+1	4,63900E-9
1,41170E+1	4,55850E-9
1,41257E+1	4,38420E-9
1,41344E+1	4,27230E-9
1,41430E+1	4,33300E-9
1,41517E+1	3,96740E-9
1,41604E+1	3,92870E-9
1,41690E+1	3,97540E-9
1,41777E+1	3,93540E-9
1,41863E+1	3,47290E-9
1,41950E+1	3,15410E-9
1,42037E+1	3,02780E-9
1,42123E+1	3,39250E-9
1,42210E+1	3,31420E-9
1,42296E+1	3,07800E-9
1,42383E+1	2,72810E-9
1,42470E+1	2,57350E-9
1,42556E+1	2,87280E-9
1,42643E+1	2,46760E-9
1,42729E+1	2,22320E-9
1,42816E+1	2,72110E-9
1,42903E+1	2,63250E-9
1,42989E+1	2,39780E-9
1,43076E+1	2,04910E-9
1,43162E+1	2,53320E-9
1,43249E+1	2,61370E-9
1,43336E+1	2,65650E-9
1,43422E+1	2,78810E-9
1,43509E+1	2,64220E-9
1,43596E+1	2,97600E-9
1,43682E+1	2,81880E-9
1,43769E+1	3,15490E-9
1,43855E+1	3,26990E-9
1,43942E+1	3,56560E-9
1,44029E+1	3,99020E-9
1,44115E+1	4,02700E-9
1,44202E+1	4,24300E-9
1,44288E+1	5,07530E-9
1,44375E+1	5,71240E-9
1,44462E+1	6,17570E-9
1,44548E+1	7,21720E-9
1,44635E+1	7,59390E-9
1,44721E+1	8,20520E-9
1,44808E+1	9,52050E-9
1,44895E+1	9,69500E-9
1,44981E+1	1,01028E-8
1,45068E+1	1,01382E-8
1,45154E+1	1,02253E-8
1,45241E+1	1,03562E-8
1,45328E+1	1,07749E-8
1,45414E+1	1,05692E-8
1,45501E+1	1,09226E-8
1,45587E+1	1,08831E-8
1,45674E+1	1,05687E-8
1,45761E+1	9,89510E-9
1,45847E+1	9,94310E-9
1,45934E+1	9,59730E-9
1,46021E+1	8,64750E-9
1,46107E+1	7,97260E-9
1,46194E+1	8,10990E-9
1,46280E+1	6,70760E-9
1,46367E+1	6,30470E-9
1,46454E+1	5,43740E-9
1,46540E+1	4,67620E-9
1,46627E+1	3,99930E-9
1,46713E+1	3,22500E-9
1,46800E+1	2,93990E-9
1,46887E+1	2,57840E-9
1,46973E+1	1,88020E-9
1,47060E+1	2,03980E-9
1,47146E+1	1,28540E-9
1,47233E+1	1,02282E-9
1,47320E+1	8,96080E-10
1,47406E+1	7,53710E-10
1,47493E+1	8,61370E-10
1,47579E+1	3,52730E-10
1,47666E+1	5,55040E-10
1,47753E+1	3,95380E-10
1,47839E+1	2,31240E-10
1,47926E+1	2,99780E-10
1,48013E+1	2,00500E-10
1,48099E+1	6,20130E-11
1,48186E+1	8,81410E-11
1,48272E+1	5,79940E-11
1,48359E+1	5,23280E-11
1,48446E+1	4,38470E-11
1,48532E+1	2,30020E-11
1,48619E+1	1,21294E-11
1,48705E+1	1,43001E-11
1,48792E+1	6,00740E-12
1,48879E+1	5,79160E-12
1,48965E+1	1,73830E-12
1,49052E+1	3,63800E-12
1,49138E+1	1,69400E-12
1,49225E+1	6,29100E-13
1,49312E+1	2,12510E-12
1,49398E+1	3,91320E-12
1,49485E+1	1,37360E-12
1,49571E+1	1,20320E-12
1,49658E+1	4,93100E-13
1,49745E+1	6,32100E-13
1,49831E+1	4,45930E-12
