E, keV	I, A
6,00327E+0	6,67680E-11
6,01426E+0	8,89050E-11
6,02526E+0	8,42610E-11
6,03625E+0	8,80470E-11
6,04725E+0	8,58420E-11
6,05824E+0	1,19319E-10
6,06924E+0	1,03176E-10
6,08024E+0	1,52648E-10
6,09123E+0	9,96570E-11
6,10222E+0	1,18105E-10
6,11322E+0	1,03892E-10
6,12421E+0	1,18984E-10
6,13521E+0	1,20620E-10
6,14620E+0	1,41515E-10
6,15720E+0	1,13903E-10
6,16819E+0	1,03749E-10
6,17919E+0	1,10613E-10
6,19018E+0	1,12023E-10
6,20118E+0	1,20999E-10
6,21218E+0	1,17523E-10
6,22317E+0	1,20604E-10
6,23416E+0	1,12872E-10
6,24516E+0	1,03778E-10
6,25615E+0	1,03877E-10
6,26715E+0	1,22858E-10
6,27814E+0	1,06614E-10
6,28914E+0	1,20589E-10
6,30014E+0	1,19576E-10
6,31113E+0	8,94680E-11
6,32212E+0	1,21497E-10
6,33312E+0	1,15310E-10
6,34411E+0	1,36899E-10
6,35511E+0	1,40247E-10
6,36610E+0	1,30679E-10
6,37710E+0	1,20945E-10
6,38809E+0	1,05008E-10
6,39909E+0	1,36314E-10
6,41008E+0	1,25998E-10
6,42108E+0	1,20158E-10
6,43207E+0	1,44899E-10
6,44307E+0	1,26059E-10
6,45406E+0	1,19204E-10
6,46506E+0	1,57135E-10
6,47605E+0	1,38899E-10
6,48705E+0	1,37518E-10
6,49804E+0	1,38621E-10
6,50904E+0	1,17924E-10
6,52003E+0	1,23540E-10
6,53103E+0	1,09532E-10
6,54202E+0	1,03989E-10
6,55302E+0	1,38641E-10
6,56401E+0	1,25082E-10
6,57501E+0	1,28026E-10
6,58601E+0	1,24268E-10
6,59700E+0	1,22547E-10
6,60799E+0	1,37886E-10
6,61899E+0	1,27208E-10
6,62998E+0	1,02283E-10
6,64098E+0	1,13460E-10
6,65197E+0	1,11815E-10
6,66297E+0	1,11367E-10
6,67396E+0	1,33348E-10
6,68496E+0	1,15850E-10
6,69595E+0	1,13024E-10
6,70695E+0	1,15214E-10
6,71795E+0	1,21354E-10
6,72894E+0	1,06766E-10
6,73993E+0	1,03738E-10
6,75093E+0	1,11089E-10
6,76192E+0	1,08363E-10
6,77292E+0	1,27379E-10
6,78391E+0	1,10447E-10
6,79491E+0	9,36670E-11
6,80591E+0	1,09746E-10
6,81690E+0	1,11922E-10
6,82789E+0	1,19396E-10
6,83889E+0	8,20040E-11
6,84988E+0	1,06403E-10
6,86088E+0	9,45640E-11
6,87187E+0	1,12651E-10
6,88287E+0	9,61360E-11
6,89386E+0	9,28510E-11
6,90486E+0	9,14090E-11
6,91585E+0	1,06461E-10
6,92685E+0	9,18520E-11
6,93784E+0	9,49170E-11
6,94884E+0	8,66600E-11
6,95983E+0	7,46620E-11
6,97083E+0	8,22520E-11
6,98182E+0	9,59820E-11
6,99282E+0	8,61270E-11
7,00381E+0	9,57690E-11
7,01481E+0	8,67090E-11
7,02580E+0	9,55860E-11
7,03680E+0	8,89510E-11
7,04779E+0	7,81910E-11
7,05879E+0	1,04070E-10
7,06978E+0	8,95330E-11
7,08078E+0	7,73540E-11
7,09177E+0	8,91920E-11
7,10277E+0	8,02560E-11
7,11376E+0	9,35750E-11
7,12476E+0	8,00200E-11
7,13575E+0	7,67000E-11
7,14675E+0	8,00700E-11
7,15774E+0	8,67930E-11
7,16874E+0	9,19760E-11
7,17973E+0	8,07360E-11
7,19073E+0	9,86240E-11
7,20172E+0	6,97800E-11
7,21272E+0	7,70130E-11
7,22371E+0	7,82730E-11
7,23471E+0	8,45680E-11
7,24570E+0	9,37180E-11
7,25670E+0	7,94610E-11
7,26769E+0	8,25010E-11
7,27869E+0	9,81400E-11
7,28968E+0	8,28410E-11
7,30068E+0	9,10090E-11
7,31168E+0	8,66270E-11
7,32267E+0	8,91200E-11
7,33366E+0	7,89660E-11
7,34466E+0	6,83520E-11
7,35565E+0	6,90270E-11
7,36665E+0	7,73590E-11
7,37764E+0	6,50910E-11
7,38864E+0	7,49160E-11
7,39963E+0	7,76120E-11
7,41063E+0	5,77960E-11
7,42162E+0	7,29420E-11
7,43262E+0	6,78600E-11
7,44361E+0	5,95400E-11
7,45461E+0	7,57980E-11
7,46560E+0	6,89330E-11
7,47660E+0	6,02430E-11
7,48759E+0	6,60340E-11
7,49859E+0	6,61320E-11
7,50958E+0	6,55300E-11
7,52058E+0	8,01040E-11
7,53157E+0	8,79970E-11
7,54257E+0	7,28870E-11
7,55356E+0	6,44250E-11
7,56456E+0	7,37420E-11
7,57555E+0	6,32600E-11
7,58655E+0	6,99220E-11
7,59754E+0	5,82730E-11
7,60854E+0	5,71400E-11
7,61953E+0	6,05630E-11
7,63053E+0	7,52660E-11
7,64152E+0	8,66200E-11
7,65252E+0	6,81900E-11
7,66351E+0	7,25110E-11
7,67451E+0	6,41260E-11
7,68551E+0	8,10410E-11
7,69650E+0	6,84900E-11
7,70749E+0	5,74870E-11
7,71849E+0	5,76150E-11
7,72948E+0	7,72160E-11
7,74048E+0	7,20220E-11
7,75147E+0	6,87320E-11
7,76247E+0	7,45590E-11
7,77346E+0	7,03840E-11
7,78446E+0	7,09910E-11
7,79545E+0	6,13070E-11
7,80645E+0	6,05380E-11
7,81745E+0	5,10760E-11
7,82844E+0	6,09400E-11
7,83943E+0	6,91830E-11
7,85043E+0	7,70190E-11
7,86142E+0	6,49500E-11
7,87242E+0	6,71710E-11
7,88341E+0	8,70810E-11
7,89441E+0	5,95930E-11
7,90541E+0	7,74320E-11
7,91640E+0	9,87630E-11
7,92739E+0	6,44470E-11
7,93839E+0	7,94950E-11
7,94938E+0	7,44390E-11
7,96038E+0	6,24290E-11
7,97137E+0	7,52870E-11
7,98237E+0	7,86280E-11
7,99336E+0	6,52650E-11
8,00436E+0	7,46680E-11
8,01535E+0	6,46000E-11
8,02635E+0	9,91160E-11
8,03734E+0	7,92580E-11
8,04834E+0	8,60030E-11
8,05933E+0	7,88000E-11
8,07033E+0	6,44480E-11
8,08132E+0	9,45380E-11
8,09232E+0	9,17820E-11
8,10332E+0	7,75830E-11
8,11431E+0	8,90590E-11
8,12530E+0	7,02600E-11
8,13630E+0	5,81110E-11
8,14729E+0	7,37610E-11
8,15829E+0	9,21960E-11
8,16928E+0	9,60200E-11
8,18028E+0	7,69520E-11
8,19127E+0	7,21960E-11
8,20227E+0	7,27120E-11
8,21326E+0	9,03760E-11
8,22426E+0	7,68520E-11
8,23526E+0	8,91110E-11
8,24625E+0	7,05040E-11
8,25724E+0	8,18190E-11
8,26824E+0	7,76740E-11
8,27923E+0	7,39410E-11
8,29023E+0	8,39300E-11
8,30122E+0	8,81880E-11
8,31222E+0	1,02106E-10
8,32321E+0	8,36310E-11
8,33421E+0	9,13200E-11
8,34520E+0	8,24760E-11
8,35620E+0	9,00910E-11
8,36720E+0	1,05965E-10
8,37819E+0	8,78060E-11
8,38918E+0	7,40930E-11
8,40018E+0	8,71680E-11
8,41118E+0	7,56480E-11
8,42217E+0	8,68190E-11
8,43316E+0	1,06341E-10
8,44416E+0	9,89010E-11
8,45515E+0	9,98700E-11
8,46615E+0	9,02420E-11
8,47715E+0	8,05910E-11
8,48814E+0	9,40790E-11
8,49913E+0	9,18720E-11
8,51013E+0	9,51270E-11
8,52112E+0	1,25479E-10
8,53212E+0	1,01919E-10
8,54311E+0	1,05634E-10
8,55411E+0	8,88330E-11
8,56510E+0	1,13064E-10
8,57610E+0	1,06557E-10
8,58709E+0	1,06587E-10
8,59809E+0	9,12470E-11
8,60909E+0	9,15300E-11
8,62008E+0	9,11790E-11
8,63107E+0	9,76300E-11
8,64207E+0	8,68270E-11
8,65306E+0	1,05540E-10
8,66406E+0	1,11585E-10
8,67505E+0	1,05984E-10
8,68605E+0	9,79620E-11
8,69704E+0	1,16491E-10
8,70804E+0	1,03835E-10
8,71903E+0	1,06271E-10
8,73003E+0	1,16095E-10
8,74102E+0	1,23997E-10
8,75202E+0	1,11397E-10
8,76301E+0	1,17557E-10
8,77401E+0	1,20903E-10
8,78500E+0	1,11619E-10
8,79600E+0	1,48521E-10
8,80699E+0	1,27088E-10
8,81799E+0	1,24787E-10
8,82898E+0	1,33543E-10
8,83998E+0	1,24509E-10
8,85098E+0	1,47781E-10
8,86197E+0	1,41684E-10
8,87296E+0	1,62395E-10
8,88396E+0	1,32706E-10
8,89495E+0	1,11761E-10
8,90595E+0	1,10448E-10
8,91694E+0	1,46806E-10
8,92794E+0	1,52527E-10
8,93894E+0	1,33069E-10
8,94993E+0	1,36366E-10
8,96092E+0	1,15713E-10
8,97192E+0	1,48292E-10
8,98291E+0	1,54373E-10
8,99391E+0	1,42504E-10
9,00490E+0	1,55819E-10
9,01590E+0	1,23263E-10
9,02689E+0	1,43073E-10
9,03789E+0	1,49368E-10
9,04889E+0	1,37366E-10
9,05988E+0	1,46423E-10
9,07087E+0	1,56710E-10
9,08187E+0	1,54294E-10
9,09286E+0	1,64381E-10
9,10386E+0	1,37977E-10
9,11485E+0	1,69417E-10
9,12585E+0	1,33345E-10
9,13684E+0	1,50571E-10
9,14784E+0	1,62546E-10
9,15883E+0	1,52156E-10
9,16983E+0	1,67653E-10
9,18082E+0	1,31682E-10
9,19182E+0	1,23436E-10
9,20281E+0	1,19628E-10
9,21381E+0	1,28083E-10
9,22480E+0	1,81057E-10
9,23580E+0	1,58083E-10
9,24679E+0	1,55091E-10
9,25779E+0	1,22643E-10
9,26878E+0	1,34839E-10
9,27978E+0	1,37790E-10
9,29077E+0	1,42343E-10
9,30177E+0	1,41570E-10
9,31277E+0	1,52235E-10
9,32376E+0	1,58988E-10
9,33475E+0	1,55587E-10
9,34575E+0	1,35590E-10
9,35674E+0	1,31876E-10
9,36774E+0	1,50316E-10
9,37873E+0	1,68910E-10
9,38973E+0	1,91416E-10
9,40072E+0	1,69882E-10
9,41172E+0	1,86464E-10
9,42272E+0	1,43812E-10
9,43371E+0	1,55501E-10
9,44470E+0	1,42535E-10
9,45570E+0	1,71184E-10
9,46669E+0	1,68276E-10
9,47769E+0	1,63294E-10
9,48869E+0	1,69291E-10
9,49968E+0	1,63102E-10
9,51067E+0	1,88880E-10
9,52167E+0	1,76985E-10
9,53266E+0	1,41480E-10
9,54366E+0	1,44539E-10
9,55465E+0	1,70165E-10
9,56565E+0	1,49606E-10
9,57665E+0	1,72347E-10
9,58764E+0	1,88056E-10
9,59863E+0	1,94039E-10
9,60963E+0	1,80609E-10
9,62062E+0	1,76651E-10
9,62210E+0	1,74001E-10
9,63076E+0	1,34810E-10
9,63942E+0	8,36300E-11
9,64808E+0	1,71609E-10
9,65674E+0	1,59786E-10
9,66540E+0	1,77297E-10
9,67406E+0	1,84590E-10
9,68272E+0	1,93487E-10
9,69138E+0	1,86740E-10
9,70004E+0	1,11711E-10
9,70870E+0	1,71029E-10
9,71737E+0	1,74957E-10
9,72603E+0	1,56731E-10
9,73469E+0	1,72408E-10
9,74335E+0	1,94668E-10
9,75201E+0	2,23250E-10
9,76067E+0	1,17952E-10
9,76933E+0	1,77777E-10
9,77799E+0	1,76081E-10
9,78665E+0	1,74270E-10
9,79531E+0	1,82585E-10
9,80397E+0	1,96041E-10
9,81263E+0	1,69270E-10
9,82130E+0	1,84076E-10
9,82996E+0	1,91974E-10
9,83862E+0	1,73778E-10
9,84728E+0	1,63326E-10
9,85594E+0	1,50745E-10
9,86460E+0	1,85860E-10
9,87326E+0	1,49980E-10
9,88192E+0	1,73090E-10
9,89058E+0	1,47245E-10
9,89924E+0	1,89258E-10
9,90790E+0	1,77717E-10
9,91656E+0	1,72915E-10
9,92522E+0	1,66353E-10
9,93389E+0	1,54234E-10
9,94255E+0	1,80444E-10
9,95121E+0	1,51919E-10
9,95987E+0	1,71017E-10
9,96853E+0	1,92342E-10
9,97719E+0	1,97292E-10
9,98585E+0	1,81199E-10
9,99451E+0	1,99308E-10
1,00032E+1	1,86825E-10
1,00118E+1	1,77137E-10
1,00205E+1	1,79544E-10
1,00292E+1	1,90740E-10
1,00378E+1	1,91636E-10
1,00465E+1	1,82188E-10
1,00551E+1	1,68267E-10
1,00638E+1	1,92583E-10
1,00725E+1	1,87707E-10
1,00811E+1	1,97109E-10
1,00898E+1	2,04537E-10
1,00984E+1	1,69893E-10
1,01071E+1	1,74372E-10
1,01158E+1	1,79121E-10
1,01244E+1	1,99686E-10
1,01331E+1	1,78747E-10
1,01417E+1	1,95742E-10
1,01504E+1	1,63961E-10
1,01591E+1	1,90821E-10
1,01677E+1	1,93897E-10
1,01764E+1	1,82383E-10
1,01850E+1	1,88922E-10
1,01937E+1	1,84391E-10
1,02024E+1	2,01996E-10
1,02110E+1	2,24740E-10
1,02197E+1	2,08740E-10
1,02284E+1	1,34374E-10
1,02370E+1	1,65502E-10
1,02457E+1	1,69668E-10
1,02543E+1	2,04030E-10
1,02630E+1	1,89398E-10
1,02717E+1	1,82267E-10
1,02803E+1	1,95022E-10
1,02890E+1	2,04201E-10
1,02976E+1	1,84964E-10
1,03063E+1	1,86851E-10
1,03150E+1	1,58428E-10
1,03236E+1	1,84778E-10
1,03323E+1	1,86850E-10
1,03409E+1	2,06180E-10
1,03496E+1	2,70050E-10
1,03583E+1	1,39206E-10
1,03669E+1	1,99722E-10
1,03756E+1	1,73199E-10
1,03842E+1	1,88357E-10
1,03929E+1	1,75865E-10
1,04016E+1	1,79972E-10
1,04102E+1	2,07090E-10
1,04189E+1	1,29335E-10
1,04276E+1	1,65830E-10
1,04362E+1	1,77773E-10
1,04449E+1	1,87764E-10
1,04535E+1	1,98465E-10
1,04622E+1	1,98007E-10
1,04709E+1	2,01138E-10
1,04795E+1	1,96635E-10
1,04882E+1	1,81820E-10
1,04968E+1	2,34890E-10
1,05055E+1	1,00916E-10
1,05142E+1	2,34050E-10
1,05228E+1	1,44919E-10
1,05315E+1	2,47510E-10
1,05401E+1	2,75000E-10
1,05488E+1	1,18078E-10
1,05575E+1	2,05889E-10
1,05661E+1	1,80538E-10
1,05748E+1	1,78340E-10
1,05834E+1	2,56390E-10
1,05921E+1	2,03000E-10
1,06008E+1	1,39716E-10
1,06094E+1	2,58760E-10
1,06181E+1	2,00250E-10
1,06267E+1	1,30816E-10
1,06354E+1	2,32740E-10
1,06441E+1	3,19120E-10
1,06527E+1	2,55590E-10
1,06614E+1	2,35980E-10
1,06701E+1	2,09260E-10
1,06787E+1	2,01420E-10
1,06874E+1	1,38271E-10
1,06960E+1	1,75502E-10
1,07047E+1	2,42490E-10
1,07134E+1	2,17410E-10
1,07220E+1	2,84330E-10
1,07307E+1	3,19360E-10
1,07393E+1	2,09830E-10
1,07480E+1	3,34090E-10
1,07567E+1	2,63600E-10
1,07653E+1	2,36700E-10
1,07740E+1	3,32770E-10
1,07826E+1	2,30300E-10
1,07913E+1	2,94250E-10
1,08000E+1	2,36230E-10
1,08086E+1	1,38580E-10
1,08173E+1	2,98310E-10
1,08259E+1	2,33570E-10
1,08346E+1	2,72870E-10
1,08433E+1	2,08600E-10
1,08519E+1	2,67740E-10
1,08606E+1	1,40651E-10
1,08693E+1	2,21900E-10
1,08779E+1	3,14830E-10
1,08866E+1	2,05150E-10
1,08952E+1	2,91840E-10
1,09039E+1	2,69200E-10
1,09126E+1	2,15070E-10
1,09212E+1	2,46170E-10
1,09299E+1	3,35490E-10
1,09385E+1	2,62660E-10
1,09472E+1	2,26120E-10
1,09559E+1	3,18960E-10
1,09645E+1	2,20810E-10
1,09732E+1	1,59609E-10
1,09818E+1	2,75080E-10
1,09905E+1	2,09240E-10
1,09992E+1	3,00890E-10
1,10078E+1	2,93420E-10
1,10165E+1	3,07210E-10
1,10251E+1	2,54160E-10
1,10338E+1	3,10350E-10
1,10425E+1	2,01910E-10
1,10511E+1	1,46322E-10
1,10598E+1	2,77710E-10
1,10684E+1	2,95970E-10
1,10771E+1	2,52810E-10
1,10858E+1	2,50500E-10
1,10944E+1	2,89310E-10
1,11031E+1	3,18560E-10
1,11118E+1	2,42280E-10
1,11204E+1	3,02800E-10
1,11291E+1	4,03860E-10
1,11377E+1	2,90180E-10
1,11464E+1	2,14200E-10
1,11551E+1	2,79750E-10
1,11637E+1	2,97820E-10
1,11724E+1	3,38440E-10
1,11810E+1	2,89340E-10
1,11897E+1	3,39160E-10
1,11984E+1	2,65860E-10
1,12070E+1	3,92380E-10
1,12157E+1	2,94900E-10
1,12243E+1	3,05670E-10
1,12330E+1	2,46210E-10
1,12417E+1	2,63240E-10
1,12503E+1	3,74250E-10
1,12590E+1	3,89800E-10
1,12676E+1	3,33230E-10
1,12763E+1	2,38730E-10
1,12850E+1	3,05060E-10
1,12936E+1	3,76070E-10
1,13023E+1	2,92550E-10
1,13110E+1	3,36980E-10
1,13196E+1	3,09760E-10
1,13283E+1	4,36780E-10
1,13369E+1	3,46920E-10
1,13456E+1	2,72910E-10
1,13543E+1	3,09300E-10
1,13629E+1	2,24580E-10
1,13716E+1	3,74350E-10
1,13802E+1	3,35370E-10
1,13889E+1	3,31530E-10
1,13976E+1	3,43710E-10
1,14062E+1	4,10210E-10
1,14149E+1	3,77870E-10
1,14235E+1	4,15690E-10
1,14322E+1	2,49010E-10
1,14409E+1	4,25190E-10
1,14495E+1	2,76170E-10
1,14582E+1	3,36620E-10
1,14668E+1	3,00900E-10
1,14755E+1	3,67650E-10
1,14842E+1	2,90140E-10
1,14928E+1	3,68970E-10
1,15015E+1	2,85120E-10
1,15101E+1	4,27590E-10
1,15188E+1	4,37480E-10
1,15275E+1	2,83810E-10
1,15361E+1	3,69120E-10
1,15448E+1	3,20460E-10
1,15535E+1	3,75970E-10
1,15621E+1	3,05200E-10
1,15708E+1	3,87790E-10
1,15794E+1	4,88200E-10
1,15881E+1	3,90690E-10
1,15968E+1	3,68930E-10
1,16054E+1	3,15620E-10
1,16141E+1	4,30400E-10
1,16227E+1	3,48990E-10
1,16314E+1	3,84730E-10
1,16401E+1	3,12940E-10
1,16487E+1	4,05930E-10
1,16574E+1	5,18550E-10
1,16660E+1	4,28210E-10
1,16747E+1	3,68950E-10
1,16834E+1	3,51560E-10
1,16920E+1	3,71880E-10
1,17007E+1	3,65960E-10
1,17093E+1	2,99050E-10
1,17180E+1	4,06480E-10
1,17267E+1	3,49310E-10
1,17353E+1	3,56280E-10
1,17440E+1	3,58820E-10
1,17527E+1	3,87610E-10
1,17613E+1	4,32160E-10
1,17700E+1	3,59420E-10
1,17786E+1	4,00350E-10
1,17873E+1	4,53360E-10
1,17960E+1	4,74070E-10
1,18046E+1	2,92640E-10
1,18133E+1	4,25110E-10
1,18219E+1	4,33390E-10
1,18306E+1	4,56540E-10
1,18393E+1	4,94040E-10
1,18479E+1	4,61490E-10
1,18566E+1	3,88480E-10
1,18652E+1	3,84720E-10
1,18739E+1	3,34260E-10
1,18826E+1	4,85050E-10
1,18912E+1	4,12290E-10
1,18999E+1	3,86850E-10
1,19085E+1	4,96680E-10
1,19172E+1	5,84040E-10
1,19259E+1	5,28070E-10
1,19345E+1	3,60510E-10
1,19432E+1	5,57750E-10
1,19519E+1	3,65350E-10
1,19605E+1	4,98360E-10
1,19692E+1	5,55020E-10
1,19778E+1	3,82330E-10
1,19865E+1	4,74070E-10
1,19952E+1	4,39700E-10
1,20038E+1	4,56020E-10
1,20125E+1	4,57210E-10
1,20211E+1	3,65790E-10
1,20298E+1	3,84580E-10
1,20385E+1	4,03310E-10
1,20471E+1	6,50210E-10
1,20558E+1	5,41850E-10
1,20644E+1	3,26070E-10
1,20731E+1	5,55830E-10
1,20818E+1	6,28150E-10
1,20904E+1	6,89340E-10
1,20991E+1	3,25800E-10
1,21077E+1	5,37090E-10
1,21164E+1	5,43360E-10
1,21251E+1	5,39820E-10
1,21337E+1	6,00980E-10
1,21424E+1	3,80730E-10
1,21510E+1	4,98220E-10
1,21597E+1	5,24190E-10
1,21684E+1	5,46330E-10
1,21770E+1	6,50680E-10
1,21857E+1	4,68380E-10
1,21944E+1	4,67610E-10
1,22030E+1	4,93390E-10
1,22117E+1	5,36370E-10
1,22203E+1	4,95160E-10
1,22290E+1	6,43910E-10
1,22377E+1	5,43430E-10
1,22463E+1	6,61830E-10
1,22550E+1	4,77590E-10
1,22636E+1	4,67280E-10
1,22723E+1	5,33820E-10
1,22810E+1	4,75270E-10
1,22896E+1	5,74210E-10
1,22983E+1	6,03520E-10
1,23069E+1	5,98950E-10
1,23156E+1	5,12650E-10
1,23243E+1	6,01250E-10
1,23329E+1	5,69590E-10
1,23416E+1	6,72790E-10
1,23502E+1	6,01340E-10
1,23589E+1	6,37900E-10
1,23676E+1	5,94530E-10
1,23762E+1	5,91540E-10
1,23849E+1	5,95020E-10
1,23936E+1	7,33910E-10
1,24022E+1	5,94670E-10
1,24109E+1	5,74770E-10
1,24195E+1	7,18190E-10
1,24282E+1	7,36570E-10
1,24369E+1	6,78640E-10
1,24455E+1	5,17870E-10
1,24542E+1	6,72840E-10
1,24628E+1	5,18300E-10
1,24715E+1	6,61160E-10
1,24802E+1	5,94550E-10
1,24888E+1	6,04740E-10
1,24975E+1	6,33860E-10
1,25061E+1	4,91930E-10
1,25148E+1	5,46260E-10
1,25235E+1	7,21520E-10
1,25321E+1	7,37140E-10
1,25408E+1	6,28390E-10
1,25494E+1	7,32370E-10
1,25581E+1	6,16730E-10
1,25668E+1	7,38930E-10
1,25754E+1	7,07160E-10
1,25841E+1	6,73780E-10
1,25927E+1	6,65650E-10
1,26014E+1	1,00026E-9
1,26101E+1	8,07150E-10
1,26187E+1	8,67730E-10
1,26274E+1	6,78530E-10
1,26361E+1	7,04820E-10
1,26447E+1	7,22180E-10
1,26534E+1	6,12330E-10
1,26620E+1	6,88000E-10
1,26707E+1	8,27180E-10
1,26794E+1	7,65740E-10
1,26880E+1	8,48580E-10
1,26967E+1	9,14440E-10
1,27053E+1	8,50320E-10
1,27140E+1	7,22920E-10
1,27227E+1	8,10010E-10
1,27313E+1	7,62010E-10
1,27400E+1	8,57150E-10
1,27486E+1	7,47280E-10
1,27573E+1	7,99210E-10
1,27660E+1	8,13880E-10
1,27746E+1	9,72430E-10
1,27833E+1	7,76040E-10
1,27919E+1	6,22430E-10
1,28006E+1	5,82240E-10
1,28093E+1	6,90600E-10
1,28179E+1	6,32390E-10
1,28266E+1	6,31760E-10
1,28353E+1	7,06530E-10
1,28439E+1	8,41700E-10
1,28526E+1	7,69550E-10
1,28612E+1	9,89350E-10
1,28699E+1	7,23130E-10
1,28786E+1	8,17380E-10
1,28872E+1	7,89870E-10
1,28959E+1	8,72650E-10
1,29045E+1	8,80710E-10
1,29132E+1	8,38280E-10
1,29219E+1	8,45220E-10
1,29305E+1	8,12370E-10
1,29392E+1	8,44480E-10
1,29478E+1	7,56460E-10
1,29565E+1	8,41690E-10
1,29652E+1	8,80730E-10
1,29738E+1	8,92080E-10
1,29825E+1	9,24960E-10
1,29911E+1	8,90520E-10
1,29998E+1	1,30337E-9
1,30085E+1	8,76130E-10
1,30171E+1	1,05340E-9
1,30258E+1	1,00181E-9
1,30344E+1	8,51370E-10
1,30431E+1	8,58870E-10
1,30518E+1	1,05576E-9
1,30604E+1	1,05280E-9
1,30691E+1	9,57420E-10
1,30778E+1	1,05798E-9
1,30864E+1	1,10576E-9
1,30951E+1	1,00375E-9
1,31037E+1	9,86580E-10
1,31124E+1	1,07264E-9
1,31211E+1	8,55800E-10
1,31297E+1	1,02092E-9
1,31384E+1	1,04744E-9
1,31470E+1	1,06271E-9
1,31557E+1	1,03716E-9
1,31644E+1	9,92310E-10
1,31730E+1	1,18045E-9
1,31817E+1	8,77000E-10
1,31903E+1	1,01621E-9
1,31990E+1	1,03634E-9
1,32077E+1	1,04484E-9
1,32163E+1	1,28210E-9
1,32250E+1	1,08857E-9
1,32336E+1	1,17320E-9
1,32423E+1	1,25860E-9
1,32510E+1	1,04037E-9
1,32596E+1	1,17928E-9
1,32683E+1	1,12739E-9
1,32770E+1	1,18944E-9
1,32856E+1	1,08376E-9
1,32943E+1	1,17337E-9
1,33029E+1	1,24144E-9
1,33116E+1	1,16113E-9
1,33203E+1	1,20941E-9
1,33289E+1	1,01491E-9
1,33376E+1	1,22753E-9
1,33462E+1	1,14179E-9
1,33549E+1	1,23617E-9
1,33636E+1	1,42104E-9
1,33722E+1	1,24074E-9
1,33809E+1	1,08758E-9
1,33895E+1	1,38276E-9
1,33982E+1	1,30552E-9
1,34069E+1	1,26640E-9
1,34155E+1	1,30499E-9
1,34242E+1	1,32466E-9
1,34328E+1	1,27974E-9
1,34415E+1	1,39391E-9
1,34502E+1	1,33285E-9
1,34588E+1	1,36261E-9
1,34675E+1	1,41326E-9
1,34761E+1	1,38117E-9
1,34848E+1	1,32352E-9
1,34935E+1	1,27379E-9
1,35021E+1	1,45321E-9
1,35108E+1	1,36281E-9
1,35195E+1	1,29340E-9
1,35281E+1	1,36355E-9
1,35368E+1	1,36070E-9
1,35454E+1	1,54681E-9
1,35541E+1	1,57500E-9
1,35628E+1	1,73678E-9
1,35714E+1	1,54016E-9
1,35801E+1	1,50541E-9
1,35887E+1	1,41225E-9
1,35974E+1	1,21297E-9
1,36061E+1	1,39228E-9
1,36147E+1	1,49387E-9
1,36234E+1	1,76110E-9
1,36320E+1	1,73879E-9
1,36407E+1	1,50956E-9
1,36494E+1	1,63618E-9
1,36580E+1	1,65610E-9
1,36667E+1	1,55149E-9
1,36753E+1	1,77170E-9
1,36840E+1	1,77010E-9
1,36927E+1	1,60766E-9
1,37013E+1	1,56759E-9
1,37100E+1	1,73209E-9
1,37187E+1	1,95660E-9
1,37273E+1	1,80038E-9
1,37360E+1	1,65760E-9
1,37446E+1	2,20100E-9
1,37533E+1	2,08960E-9
1,37620E+1	2,00140E-9
1,37706E+1	2,07347E-9
1,37793E+1	2,05850E-9
1,37879E+1	2,10100E-9
1,37966E+1	2,05110E-9
1,38053E+1	1,95340E-9
1,38139E+1	2,01620E-9
1,38226E+1	2,10550E-9
1,38312E+1	2,10360E-9
1,38399E+1	2,11720E-9
1,38486E+1	2,30230E-9
1,38572E+1	2,70430E-9
1,38659E+1	2,57700E-9
1,38745E+1	2,02710E-9
1,38832E+1	2,64270E-9
1,38919E+1	2,36980E-9
1,39005E+1	2,48930E-9
1,39092E+1	2,61170E-9
1,39179E+1	2,28800E-9
1,39265E+1	2,62190E-9
1,39352E+1	2,89640E-9
1,39438E+1	2,46350E-9
1,39525E+1	2,54810E-9
1,39612E+1	2,97950E-9
1,39698E+1	3,33370E-9
1,39785E+1	3,12010E-9
1,39871E+1	3,42530E-9
1,39958E+1	3,21110E-9
1,40045E+1	3,11940E-9
1,40131E+1	3,09060E-9
1,40218E+1	3,64840E-9
1,40304E+1	3,97460E-9
1,40391E+1	3,88800E-9
1,40478E+1	3,66120E-9
1,40564E+1	3,89300E-9
1,40651E+1	3,90120E-9
1,40737E+1	3,66090E-9
1,40824E+1	3,99060E-9
1,40911E+1	3,86980E-9
1,40997E+1	4,06540E-9
1,41084E+1	3,57030E-9
1,41170E+1	3,66860E-9
1,41257E+1	3,29850E-9
1,41344E+1	3,32970E-9
1,41430E+1	3,65700E-9
1,41517E+1	3,42890E-9
1,41604E+1	3,12720E-9
1,41690E+1	3,47090E-9
1,41777E+1	3,20860E-9
1,41863E+1	2,74400E-9
1,41950E+1	2,63420E-9
1,42037E+1	2,61410E-9
1,42123E+1	2,71900E-9
1,42210E+1	2,49910E-9
1,42296E+1	2,57210E-9
1,42383E+1	2,63010E-9
1,42470E+1	2,35400E-9
1,42556E+1	2,49600E-9
1,42643E+1	2,20400E-9
1,42729E+1	2,06480E-9
1,42816E+1	2,41240E-9
1,42903E+1	2,17650E-9
1,42989E+1	2,13650E-9
1,43076E+1	2,13150E-9
1,43162E+1	2,24520E-9
1,43249E+1	2,13830E-9
1,43336E+1	2,39760E-9
1,43422E+1	2,69490E-9
1,43509E+1	2,34090E-9
1,43596E+1	2,68280E-9
1,43682E+1	2,98680E-9
1,43769E+1	3,28830E-9
1,43855E+1	3,07500E-9
1,43942E+1	3,06380E-9
1,44029E+1	3,16410E-9
1,44115E+1	4,22120E-9
1,44202E+1	4,37660E-9
1,44288E+1	5,05140E-9
1,44375E+1	5,00120E-9
1,44462E+1	6,41660E-9
1,44548E+1	6,33430E-9
1,44635E+1	7,10100E-9
1,44721E+1	7,74880E-9
1,44808E+1	8,81510E-9
1,44895E+1	8,79040E-9
1,44981E+1	9,94160E-9
1,45068E+1	9,47350E-9
1,45154E+1	1,08335E-8
1,45241E+1	1,08618E-8
1,45328E+1	1,08154E-8
1,45414E+1	1,12289E-8
1,45501E+1	1,05674E-8
1,45587E+1	1,02429E-8
1,45674E+1	9,65110E-9
1,45761E+1	9,58080E-9
1,45847E+1	1,02907E-8
1,45934E+1	9,07760E-9
1,46021E+1	8,51680E-9
1,46107E+1	7,65260E-9
1,46194E+1	7,70740E-9
1,46280E+1	5,91440E-9
1,46367E+1	5,63920E-9
1,46454E+1	4,44610E-9
1,46540E+1	4,42500E-9
1,46627E+1	3,75130E-9
1,46713E+1	3,44360E-9
1,46800E+1	2,82190E-9
1,46887E+1	2,54580E-9
1,46973E+1	1,84230E-9
1,47060E+1	1,47728E-9
1,47146E+1	1,52221E-9
1,47233E+1	1,07737E-9
1,47320E+1	1,00242E-9
1,47406E+1	8,10290E-10
1,47493E+1	7,37650E-10
1,47579E+1	5,79570E-10
1,47666E+1	4,54830E-10
1,47753E+1	3,47260E-10
1,47839E+1	4,42640E-10
1,47926E+1	2,02770E-10
1,48013E+1	1,18479E-10
1,48099E+1	1,31870E-10
1,48186E+1	9,86150E-11
1,48272E+1	6,26370E-11
1,48359E+1	4,86890E-11
1,48446E+1	2,88360E-11
1,48532E+1	2,23960E-11
1,48619E+1	9,43110E-12
1,48705E+1	1,43556E-11
1,48792E+1	1,11383E-11
1,48879E+1	5,77190E-12
1,48965E+1	2,26190E-12
1,49052E+1	1,31180E-12
1,49138E+1	7,51900E-13
1,49225E+1	2,05640E-12
1,49312E+1	9,03700E-13
1,49398E+1	9,63700E-13
1,49485E+1	2,06400E-12
1,49571E+1	2,62450E-12
1,49658E+1	1,14330E-12
1,49745E+1	5,86500E-13
1,49831E+1	5,02400E-13
