E, keV	I, A
6,00327E+0	2,80480E-11
6,01426E+0	4,51060E-11
6,02526E+0	4,75450E-11
6,03625E+0	5,15760E-11
6,04725E+0	3,00760E-11
6,05824E+0	4,96790E-11
6,06924E+0	4,37530E-11
6,08024E+0	4,68140E-11
6,09123E+0	5,79320E-11
6,10222E+0	4,33150E-11
6,11322E+0	5,53070E-11
6,12421E+0	5,88640E-11
6,13521E+0	5,29390E-11
6,14620E+0	5,33340E-11
6,15720E+0	5,20590E-11
6,16819E+0	4,72900E-11
6,17919E+0	4,40150E-11
6,19018E+0	4,88240E-11
6,20118E+0	5,98590E-11
6,21218E+0	7,14260E-11
6,22317E+0	7,06810E-11
6,23416E+0	7,52330E-11
6,24516E+0	6,28570E-11
6,25615E+0	6,65810E-11
6,26715E+0	6,49580E-11
6,27814E+0	5,58720E-11
6,28914E+0	5,90540E-11
6,30014E+0	5,74670E-11
6,31113E+0	6,24980E-11
6,32212E+0	5,36220E-11
6,33312E+0	4,83120E-11
6,34411E+0	6,05510E-11
6,35511E+0	5,66680E-11
6,36610E+0	5,51980E-11
6,37710E+0	6,75980E-11
6,38809E+0	4,66350E-11
6,39909E+0	5,25370E-11
6,41008E+0	6,50500E-11
6,42108E+0	7,60330E-11
6,43207E+0	6,11370E-11
6,44307E+0	6,51200E-11
6,45406E+0	5,54360E-11
6,46506E+0	4,71230E-11
6,47605E+0	6,44450E-11
6,48705E+0	6,42700E-11
6,49804E+0	5,53700E-11
6,50904E+0	7,42520E-11
6,52003E+0	6,54920E-11
6,53103E+0	4,93330E-11
6,54202E+0	7,95540E-11
6,55302E+0	6,82550E-11
6,56401E+0	8,34930E-11
6,57501E+0	9,86900E-11
6,58601E+0	1,18719E-10
6,59700E+0	9,96730E-11
6,60799E+0	1,11395E-10
6,61899E+0	1,22202E-10
6,62998E+0	9,32700E-11
6,64098E+0	8,52800E-11
6,65197E+0	7,98540E-11
6,66297E+0	1,00148E-10
6,67396E+0	8,74390E-11
6,68496E+0	8,12270E-11
6,69595E+0	7,59960E-11
6,70695E+0	8,00630E-11
6,71795E+0	8,05960E-11
6,72894E+0	7,93370E-11
6,73993E+0	7,59120E-11
6,75093E+0	8,50810E-11
6,76192E+0	9,02870E-11
6,77292E+0	6,43530E-11
6,78391E+0	8,17100E-11
6,79491E+0	7,85380E-11
6,80591E+0	8,30780E-11
6,81690E+0	9,60000E-11
6,82789E+0	8,28390E-11
6,83889E+0	7,98890E-11
6,84988E+0	7,19810E-11
6,86088E+0	6,94000E-11
6,87187E+0	7,60030E-11
6,88287E+0	8,42460E-11
6,89386E+0	8,51410E-11
6,90486E+0	1,05898E-10
6,91585E+0	6,75830E-11
6,92685E+0	8,68410E-11
6,93784E+0	8,29740E-11
6,94884E+0	7,21340E-11
6,95983E+0	7,29310E-11
6,97083E+0	9,36160E-11
6,98182E+0	8,05570E-11
6,99282E+0	9,12470E-11
7,00381E+0	9,80550E-11
7,01481E+0	1,09022E-10
7,02580E+0	1,03704E-10
7,03680E+0	1,26981E-10
7,04779E+0	1,12210E-10
7,05879E+0	1,11592E-10
7,06978E+0	1,02232E-10
7,08078E+0	1,02598E-10
7,09177E+0	1,05078E-10
7,10277E+0	1,44647E-10
7,11376E+0	1,07017E-10
7,12476E+0	9,31550E-11
7,13575E+0	1,04853E-10
7,14675E+0	8,73680E-11
7,15774E+0	7,96520E-11
7,16874E+0	9,72670E-11
7,17973E+0	9,26310E-11
7,19073E+0	9,58300E-11
7,20172E+0	1,14335E-10
7,21272E+0	1,07243E-10
7,22371E+0	1,18186E-10
7,23471E+0	1,27930E-10
7,24570E+0	1,12107E-10
7,25670E+0	8,48830E-11
7,26769E+0	1,06788E-10
7,27869E+0	1,03559E-10
7,28968E+0	1,18628E-10
7,30068E+0	1,22335E-10
7,31168E+0	1,25759E-10
7,32267E+0	1,20124E-10
7,33366E+0	1,08169E-10
7,34466E+0	1,31818E-10
7,35565E+0	1,05201E-10
7,36665E+0	9,52920E-11
7,37764E+0	1,12557E-10
7,38864E+0	9,52590E-11
7,39963E+0	9,70000E-11
7,41063E+0	9,03490E-11
7,42162E+0	1,11909E-10
7,43262E+0	9,20300E-11
7,44361E+0	7,56260E-11
7,45461E+0	8,96640E-11
7,46560E+0	9,26130E-11
7,47660E+0	9,69610E-11
7,48759E+0	8,22300E-11
7,49859E+0	9,23590E-11
7,50958E+0	8,52950E-11
7,52058E+0	1,24056E-10
7,53157E+0	1,06956E-10
7,54257E+0	9,04920E-11
7,55356E+0	1,06973E-10
7,56456E+0	8,29260E-11
7,57555E+0	1,21972E-10
7,58655E+0	8,64060E-11
7,59754E+0	1,04588E-10
7,60854E+0	8,06360E-11
7,61953E+0	1,06849E-10
7,63053E+0	1,07077E-10
7,64152E+0	7,88970E-11
7,65252E+0	9,30510E-11
7,66351E+0	8,17370E-11
7,67451E+0	1,05633E-10
7,68551E+0	1,08354E-10
7,69650E+0	1,05846E-10
7,70749E+0	1,17623E-10
7,71849E+0	9,76850E-11
7,72948E+0	9,63840E-11
7,74048E+0	8,97440E-11
7,75147E+0	1,03167E-10
7,76247E+0	1,20065E-10
7,77346E+0	1,03149E-10
7,78446E+0	1,00360E-10
7,79545E+0	1,00041E-10
7,80645E+0	1,10608E-10
7,81745E+0	9,79550E-11
7,82844E+0	1,11621E-10
7,83943E+0	1,07924E-10
7,85043E+0	9,39940E-11
7,86142E+0	1,04172E-10
7,87242E+0	1,02104E-10
7,88341E+0	1,22412E-10
7,89441E+0	1,03850E-10
7,90541E+0	1,13135E-10
7,91640E+0	1,17399E-10
7,92739E+0	9,34110E-11
7,93839E+0	1,10138E-10
7,94938E+0	1,15143E-10
7,96038E+0	1,22308E-10
7,97137E+0	1,19845E-10
7,98237E+0	1,15363E-10
7,99336E+0	1,31676E-10
8,00436E+0	1,18673E-10
8,01535E+0	1,20809E-10
8,02635E+0	1,05892E-10
8,03734E+0	1,12583E-10
8,04834E+0	1,03565E-10
8,05933E+0	1,23384E-10
8,07033E+0	1,32369E-10
8,08132E+0	1,31181E-10
8,09232E+0	1,30914E-10
8,10332E+0	1,38653E-10
8,11431E+0	1,52924E-10
8,12530E+0	1,32085E-10
8,13630E+0	1,16209E-10
8,14729E+0	1,21312E-10
8,15829E+0	1,47875E-10
8,16928E+0	1,33697E-10
8,18028E+0	1,30694E-10
8,19127E+0	1,58350E-10
8,20227E+0	1,49854E-10
8,21326E+0	1,47233E-10
8,22426E+0	1,70796E-10
8,23526E+0	1,48135E-10
8,24625E+0	1,53920E-10
8,25724E+0	1,56766E-10
8,26824E+0	1,53803E-10
8,27923E+0	1,44450E-10
8,29023E+0	1,53253E-10
8,30122E+0	1,91364E-10
8,31222E+0	1,60672E-10
8,32321E+0	1,64425E-10
8,33421E+0	1,70007E-10
8,34520E+0	1,71393E-10
8,35620E+0	1,53650E-10
8,36720E+0	1,57615E-10
8,37819E+0	1,50991E-10
8,38918E+0	1,71848E-10
8,40018E+0	1,49728E-10
8,41118E+0	1,64892E-10
8,42217E+0	1,51960E-10
8,43316E+0	1,53655E-10
8,44416E+0	1,42927E-10
8,45515E+0	1,45494E-10
8,46615E+0	1,64021E-10
8,47715E+0	1,96143E-10
8,48814E+0	1,87228E-10
8,49913E+0	1,70388E-10
8,51013E+0	1,70796E-10
8,52112E+0	1,49346E-10
8,53212E+0	1,60153E-10
8,54311E+0	1,42465E-10
8,55411E+0	1,72616E-10
8,56510E+0	1,71122E-10
8,57610E+0	1,56205E-10
8,58709E+0	1,55252E-10
8,59809E+0	1,91527E-10
8,60909E+0	1,72284E-10
8,62008E+0	1,38281E-10
8,63107E+0	1,75721E-10
8,64207E+0	1,41945E-10
8,65306E+0	1,51021E-10
8,66406E+0	1,56562E-10
8,67505E+0	1,32129E-10
8,68605E+0	1,44839E-10
8,69704E+0	1,34860E-10
8,70804E+0	1,60289E-10
8,71903E+0	1,77381E-10
8,73003E+0	1,35451E-10
8,74102E+0	1,46823E-10
8,75202E+0	1,39402E-10
8,76301E+0	1,53553E-10
8,77401E+0	1,49358E-10
8,78500E+0	1,85588E-10
8,79600E+0	1,65025E-10
8,80699E+0	1,56331E-10
8,81799E+0	1,54984E-10
8,82898E+0	1,72253E-10
8,83998E+0	1,87522E-10
8,85098E+0	1,42391E-10
8,86197E+0	1,38298E-10
8,87296E+0	1,59009E-10
8,88396E+0	1,55550E-10
8,89495E+0	1,77257E-10
8,90595E+0	1,61257E-10
8,91694E+0	1,52670E-10
8,92794E+0	1,55830E-10
8,93894E+0	1,66347E-10
8,94993E+0	1,56267E-10
8,96092E+0	1,83892E-10
8,97192E+0	1,55343E-10
8,98291E+0	1,34871E-10
8,99391E+0	1,76381E-10
9,00490E+0	1,60394E-10
9,01590E+0	1,57349E-10
9,02689E+0	1,55141E-10
9,03789E+0	1,47493E-10
9,04889E+0	1,65023E-10
9,05988E+0	1,55743E-10
9,07087E+0	1,44520E-10
9,08187E+0	1,47203E-10
9,09286E+0	1,56073E-10
9,10386E+0	1,57308E-10
9,11485E+0	1,54781E-10
9,12585E+0	1,49352E-10
9,13684E+0	1,61513E-10
9,14784E+0	1,72716E-10
9,15883E+0	1,60257E-10
9,16983E+0	1,79299E-10
9,18082E+0	1,70280E-10
9,19182E+0	1,60824E-10
9,20281E+0	1,89194E-10
9,21381E+0	1,74478E-10
9,22480E+0	1,88637E-10
9,23580E+0	1,84690E-10
9,24679E+0	1,75709E-10
9,25779E+0	1,71777E-10
9,26878E+0	1,80687E-10
9,27978E+0	1,96170E-10
9,29077E+0	1,81396E-10
9,30177E+0	1,39411E-10
9,31277E+0	1,97083E-10
9,32376E+0	1,74764E-10
9,33475E+0	1,74831E-10
9,34575E+0	1,81928E-10
9,35674E+0	1,84620E-10
9,36774E+0	1,76873E-10
9,37873E+0	1,51107E-10
9,38973E+0	1,66261E-10
9,40072E+0	1,65140E-10
9,41172E+0	1,77299E-10
9,42272E+0	1,78830E-10
9,43371E+0	1,71926E-10
9,44470E+0	1,86019E-10
9,45570E+0	1,85752E-10
9,46669E+0	1,57684E-10
9,47769E+0	1,90326E-10
9,48869E+0	1,86673E-10
9,49968E+0	1,87299E-10
9,51067E+0	1,98681E-10
9,52167E+0	1,87182E-10
9,53266E+0	1,93624E-10
9,54366E+0	1,85125E-10
9,55465E+0	1,88241E-10
9,56565E+0	1,97078E-10
9,57665E+0	1,87894E-10
9,58764E+0	1,67663E-10
9,59863E+0	1,64383E-10
9,60963E+0	1,91409E-10
9,62062E+0	1,93865E-10
9,62210E+0	1,72609E-10
9,63076E+0	1,79722E-10
9,63942E+0	2,00309E-10
9,64808E+0	2,18470E-10
9,65674E+0	2,00720E-10
9,66540E+0	1,08439E-10
9,67406E+0	1,74705E-10
9,68272E+0	1,96866E-10
9,69138E+0	2,43730E-10
9,70004E+0	2,14330E-10
9,70870E+0	1,14524E-10
9,71737E+0	1,72370E-10
9,72603E+0	1,91084E-10
9,73469E+0	1,95074E-10
9,74335E+0	1,84401E-10
9,75201E+0	1,71804E-10
9,76067E+0	1,90787E-10
9,76933E+0	1,96350E-10
9,77799E+0	2,62150E-10
9,78665E+0	2,49780E-10
9,79531E+0	1,19667E-10
9,80397E+0	1,83158E-10
9,81263E+0	2,02840E-10
9,82130E+0	2,02020E-10
9,82996E+0	2,28890E-10
9,83862E+0	2,36410E-10
9,84728E+0	1,30929E-10
9,85594E+0	1,97954E-10
9,86460E+0	1,90395E-10
9,87326E+0	1,82368E-10
9,88192E+0	1,94542E-10
9,89058E+0	2,15590E-10
9,89924E+0	1,40824E-10
9,90790E+0	1,83043E-10
9,91656E+0	1,92388E-10
9,92522E+0	2,00756E-10
9,93389E+0	2,28620E-10
9,94255E+0	2,06870E-10
9,95121E+0	2,04130E-10
9,95987E+0	2,66940E-10
9,96853E+0	2,79250E-10
9,97719E+0	2,91030E-10
9,98585E+0	2,56230E-10
9,99451E+0	2,23700E-10
1,00032E+1	1,32602E-10
1,00118E+1	3,07530E-10
1,00205E+1	1,18718E-10
1,00292E+1	2,06880E-10
1,00378E+1	2,46860E-10
1,00465E+1	2,56760E-10
1,00551E+1	1,25364E-10
1,00638E+1	1,70390E-10
1,00725E+1	2,31900E-10
1,00811E+1	2,20540E-10
1,00898E+1	2,15800E-10
1,00984E+1	2,30860E-10
1,01071E+1	1,71174E-10
1,01158E+1	2,49980E-10
1,01244E+1	1,49815E-10
1,01331E+1	1,85682E-10
1,01417E+1	2,00952E-10
1,01504E+1	3,03700E-10
1,01591E+1	2,59390E-10
1,01677E+1	2,32440E-10
1,01764E+1	2,89640E-10
1,01850E+1	2,69880E-10
1,01937E+1	2,72490E-10
1,02024E+1	4,36790E-10
1,02110E+1	3,23910E-10
1,02197E+1	2,22370E-10
1,02284E+1	2,61290E-10
1,02370E+1	2,73750E-10
1,02457E+1	2,61410E-10
1,02543E+1	2,05410E-10
1,02630E+1	2,53420E-10
1,02717E+1	2,92040E-10
1,02803E+1	2,76340E-10
1,02890E+1	2,19260E-10
1,02976E+1	2,55380E-10
1,03063E+1	1,52075E-10
1,03150E+1	3,24450E-10
1,03236E+1	2,93490E-10
1,03323E+1	2,74860E-10
1,03409E+1	2,43130E-10
1,03496E+1	3,12920E-10
1,03583E+1	3,02250E-10
1,03669E+1	2,55920E-10
1,03756E+1	3,28960E-10
1,03842E+1	3,42320E-10
1,03929E+1	2,18360E-10
1,04016E+1	2,62970E-10
1,04102E+1	1,38707E-10
1,04189E+1	3,39340E-10
1,04276E+1	3,18460E-10
1,04362E+1	2,18700E-10
1,04449E+1	2,56750E-10
1,04535E+1	3,51900E-10
1,04622E+1	3,00810E-10
1,04709E+1	3,24900E-10
1,04795E+1	2,63940E-10
1,04882E+1	2,77530E-10
1,04968E+1	2,56030E-10
1,05055E+1	3,06110E-10
1,05142E+1	2,24750E-10
1,05228E+1	2,88650E-10
1,05315E+1	2,35120E-10
1,05401E+1	2,58770E-10
1,05488E+1	2,77520E-10
1,05575E+1	2,71580E-10
1,05661E+1	2,48950E-10
1,05748E+1	3,28690E-10
1,05834E+1	2,59660E-10
1,05921E+1	2,88550E-10
1,06008E+1	2,48640E-10
1,06094E+1	2,87690E-10
1,06181E+1	3,55640E-10
1,06267E+1	2,57990E-10
1,06354E+1	2,44730E-10
1,06441E+1	2,62490E-10
1,06527E+1	3,83230E-10
1,06614E+1	2,97330E-10
1,06701E+1	2,69540E-10
1,06787E+1	2,19090E-10
1,06874E+1	3,49880E-10
1,06960E+1	2,18780E-10
1,07047E+1	3,28650E-10
1,07134E+1	2,24890E-10
1,07220E+1	4,51230E-10
1,07307E+1	2,93460E-10
1,07393E+1	2,73870E-10
1,07480E+1	3,40830E-10
1,07567E+1	3,13060E-10
1,07653E+1	2,97580E-10
1,07740E+1	2,42020E-10
1,07826E+1	4,54140E-10
1,07913E+1	2,94760E-10
1,08000E+1	2,09860E-10
1,08086E+1	3,27360E-10
1,08173E+1	4,09340E-10
1,08259E+1	3,31400E-10
1,08346E+1	2,50560E-10
1,08433E+1	2,79910E-10
1,08519E+1	4,79350E-10
1,08606E+1	3,14410E-10
1,08693E+1	3,85870E-10
1,08779E+1	3,94030E-10
1,08866E+1	2,87580E-10
1,08952E+1	3,01240E-10
1,09039E+1	4,68700E-10
1,09126E+1	5,16480E-10
1,09212E+1	3,35700E-10
1,09299E+1	3,24600E-10
1,09385E+1	3,37280E-10
1,09472E+1	5,38930E-10
1,09559E+1	3,23490E-10
1,09645E+1	4,65810E-10
1,09732E+1	3,62220E-10
1,09818E+1	4,37230E-10
1,09905E+1	3,11070E-10
1,09992E+1	3,44620E-10
1,10078E+1	4,10640E-10
1,10165E+1	3,89420E-10
1,10251E+1	3,77000E-10
1,10338E+1	3,01310E-10
1,10425E+1	3,48040E-10
1,10511E+1	2,53100E-10
1,10598E+1	4,84660E-10
1,10684E+1	4,08290E-10
1,10771E+1	4,28730E-10
1,10858E+1	3,57600E-10
1,10944E+1	3,69400E-10
1,11031E+1	3,01140E-10
1,11118E+1	5,62690E-10
1,11204E+1	3,77990E-10
1,11291E+1	3,46020E-10
1,11377E+1	3,09150E-10
1,11464E+1	3,55980E-10
1,11551E+1	3,53350E-10
1,11637E+1	4,75380E-10
1,11724E+1	4,01380E-10
1,11810E+1	3,30080E-10
1,11897E+1	4,53020E-10
1,11984E+1	5,38180E-10
1,12070E+1	4,46840E-10
1,12157E+1	4,96510E-10
1,12243E+1	4,00810E-10
1,12330E+1	4,74780E-10
1,12417E+1	4,02030E-10
1,12503E+1	3,69690E-10
1,12590E+1	3,82910E-10
1,12676E+1	3,41750E-10
1,12763E+1	4,29370E-10
1,12850E+1	4,42850E-10
1,12936E+1	4,35010E-10
1,13023E+1	3,17770E-10
1,13110E+1	4,52120E-10
1,13196E+1	4,64680E-10
1,13283E+1	4,24890E-10
1,13369E+1	4,86720E-10
1,13456E+1	4,44730E-10
1,13543E+1	4,94450E-10
1,13629E+1	4,83610E-10
1,13716E+1	3,32890E-10
1,13802E+1	4,32940E-10
1,13889E+1	4,21780E-10
1,13976E+1	5,40250E-10
1,14062E+1	4,60900E-10
1,14149E+1	5,21590E-10
1,14235E+1	2,82410E-10
1,14322E+1	4,65590E-10
1,14409E+1	4,43290E-10
1,14495E+1	5,00960E-10
1,14582E+1	6,07120E-10
1,14668E+1	5,21750E-10
1,14755E+1	4,92190E-10
1,14842E+1	5,77660E-10
1,14928E+1	4,51920E-10
1,15015E+1	6,39140E-10
1,15101E+1	4,21270E-10
1,15188E+1	4,87230E-10
1,15275E+1	5,36810E-10
1,15361E+1	4,75070E-10
1,15448E+1	5,05800E-10
1,15535E+1	6,35280E-10
1,15621E+1	5,71930E-10
1,15708E+1	5,55810E-10
1,15794E+1	5,42280E-10
1,15881E+1	5,28080E-10
1,15968E+1	4,31850E-10
1,16054E+1	5,85520E-10
1,16141E+1	5,92390E-10
1,16227E+1	4,81790E-10
1,16314E+1	5,84990E-10
1,16401E+1	5,09770E-10
1,16487E+1	4,84090E-10
1,16574E+1	5,69170E-10
1,16660E+1	6,49050E-10
1,16747E+1	4,84740E-10
1,16834E+1	6,01230E-10
1,16920E+1	5,92330E-10
1,17007E+1	4,90950E-10
1,17093E+1	4,63720E-10
1,17180E+1	6,48360E-10
1,17267E+1	4,98680E-10
1,17353E+1	4,78180E-10
1,17440E+1	6,94480E-10
1,17527E+1	6,69180E-10
1,17613E+1	5,93370E-10
1,17700E+1	5,31580E-10
1,17786E+1	4,61100E-10
1,17873E+1	6,78220E-10
1,17960E+1	4,53230E-10
1,18046E+1	6,12820E-10
1,18133E+1	6,93980E-10
1,18219E+1	6,33560E-10
1,18306E+1	4,71350E-10
1,18393E+1	6,39010E-10
1,18479E+1	5,96010E-10
1,18566E+1	6,91840E-10
1,18652E+1	5,60350E-10
1,18739E+1	7,06860E-10
1,18826E+1	6,89110E-10
1,18912E+1	4,93890E-10
1,18999E+1	5,59620E-10
1,19085E+1	5,09480E-10
1,19172E+1	6,70010E-10
1,19259E+1	5,12900E-10
1,19345E+1	7,04720E-10
1,19432E+1	6,04900E-10
1,19519E+1	7,96620E-10
1,19605E+1	6,19550E-10
1,19692E+1	8,57010E-10
1,19778E+1	6,15300E-10
1,19865E+1	6,93760E-10
1,19952E+1	7,55470E-10
1,20038E+1	7,25080E-10
1,20125E+1	7,36720E-10
1,20211E+1	5,44430E-10
1,20298E+1	7,98650E-10
1,20385E+1	6,43040E-10
1,20471E+1	5,77570E-10
1,20558E+1	6,82840E-10
1,20644E+1	5,65900E-10
1,20731E+1	7,51640E-10
1,20818E+1	7,80300E-10
1,20904E+1	5,55790E-10
1,20991E+1	8,19150E-10
1,21077E+1	5,91450E-10
1,21164E+1	7,25130E-10
1,21251E+1	6,68790E-10
1,21337E+1	8,50930E-10
1,21424E+1	8,99940E-10
1,21510E+1	7,65730E-10
1,21597E+1	9,15930E-10
1,21684E+1	6,14910E-10
1,21770E+1	8,62370E-10
1,21857E+1	8,71580E-10
1,21944E+1	8,94330E-10
1,22030E+1	6,66180E-10
1,22117E+1	7,03850E-10
1,22203E+1	7,16490E-10
1,22290E+1	8,50870E-10
1,22377E+1	8,85690E-10
1,22463E+1	8,51810E-10
1,22550E+1	7,25410E-10
1,22636E+1	8,16820E-10
1,22723E+1	9,52880E-10
1,22810E+1	9,76060E-10
1,22896E+1	1,09256E-9
1,22983E+1	1,04306E-9
1,23069E+1	8,51590E-10
1,23156E+1	1,00777E-9
1,23243E+1	8,94300E-10
1,23329E+1	1,02162E-9
1,23416E+1	1,05327E-9
1,23502E+1	9,20400E-10
1,23589E+1	8,00040E-10
1,23676E+1	9,76040E-10
1,23762E+1	9,23550E-10
1,23849E+1	9,63940E-10
1,23936E+1	9,39690E-10
1,24022E+1	8,51640E-10
1,24109E+1	9,35390E-10
1,24195E+1	1,12465E-9
1,24282E+1	1,07274E-9
1,24369E+1	1,04599E-9
1,24455E+1	1,08116E-9
1,24542E+1	9,11340E-10
1,24628E+1	9,56470E-10
1,24715E+1	9,21550E-10
1,24802E+1	1,04312E-9
1,24888E+1	1,01415E-9
1,24975E+1	8,69810E-10
1,25061E+1	1,05351E-9
1,25148E+1	1,10451E-9
1,25235E+1	9,87240E-10
1,25321E+1	1,04660E-9
1,25408E+1	1,26019E-9
1,25494E+1	1,23767E-9
1,25581E+1	1,17810E-9
1,25668E+1	1,01836E-9
1,25754E+1	1,01557E-9
1,25841E+1	1,01048E-9
1,25927E+1	9,86350E-10
1,26014E+1	1,38460E-9
1,26101E+1	1,05164E-9
1,26187E+1	9,88270E-10
1,26274E+1	1,04666E-9
1,26361E+1	1,40528E-9
1,26447E+1	1,19911E-9
1,26534E+1	1,21592E-9
1,26620E+1	1,23781E-9
1,26707E+1	1,12518E-9
1,26794E+1	1,29300E-9
1,26880E+1	1,11435E-9
1,26967E+1	1,10869E-9
1,27053E+1	1,38445E-9
1,27140E+1	1,33737E-9
1,27227E+1	1,15150E-9
1,27313E+1	1,09933E-9
1,27400E+1	1,34438E-9
1,27486E+1	1,17485E-9
1,27573E+1	1,19797E-9
1,27660E+1	1,32421E-9
1,27746E+1	1,16160E-9
1,27833E+1	1,36445E-9
1,27919E+1	1,50373E-9
1,28006E+1	1,34071E-9
1,28093E+1	1,40992E-9
1,28179E+1	1,47439E-9
1,28266E+1	1,48736E-9
1,28353E+1	1,32513E-9
1,28439E+1	1,38611E-9
1,28526E+1	1,25508E-9
1,28612E+1	1,52590E-9
1,28699E+1	1,33777E-9
1,28786E+1	1,47497E-9
1,28872E+1	1,62177E-9
1,28959E+1	1,50067E-9
1,29045E+1	1,51764E-9
1,29132E+1	1,58957E-9
1,29219E+1	1,30737E-9
1,29305E+1	1,63526E-9
1,29392E+1	1,61476E-9
1,29478E+1	1,76336E-9
1,29565E+1	1,48996E-9
1,29652E+1	1,59003E-9
1,29738E+1	1,40058E-9
1,29825E+1	1,52229E-9
1,29911E+1	1,61649E-9
1,29998E+1	1,54219E-9
1,30085E+1	1,80832E-9
1,30171E+1	1,60080E-9
1,30258E+1	1,85662E-9
1,30344E+1	2,14570E-9
1,30431E+1	1,81796E-9
1,30518E+1	2,06820E-9
1,30604E+1	1,90610E-9
1,30691E+1	2,14760E-9
1,30778E+1	2,01240E-9
1,30864E+1	2,04090E-9
1,30951E+1	2,13360E-9
1,31037E+1	2,16880E-9
1,31124E+1	2,29260E-9
1,31211E+1	2,41720E-9
1,31297E+1	2,23700E-9
1,31384E+1	2,57750E-9
1,31470E+1	2,56950E-9
1,31557E+1	2,90150E-9
1,31644E+1	2,73910E-9
1,31730E+1	2,69480E-9
1,31817E+1	2,82980E-9
1,31903E+1	2,82100E-9
1,31990E+1	3,15950E-9
1,32077E+1	2,87580E-9
1,32163E+1	3,18040E-9
1,32250E+1	3,28600E-9
1,32336E+1	3,90440E-9
1,32423E+1	3,64280E-9
1,32510E+1	4,06990E-9
1,32596E+1	3,86860E-9
1,32683E+1	4,01030E-9
1,32770E+1	3,63520E-9
1,32856E+1	3,92210E-9
1,32943E+1	3,76160E-9
1,33029E+1	3,68240E-9
1,33116E+1	4,09440E-9
1,33203E+1	3,83670E-9
1,33289E+1	4,28720E-9
1,33376E+1	3,57370E-9
1,33462E+1	3,32390E-9
1,33549E+1	3,81660E-9
1,33636E+1	3,23790E-9
1,33722E+1	3,60680E-9
1,33809E+1	3,32290E-9
1,33895E+1	3,48420E-9
1,33982E+1	3,28380E-9
1,34069E+1	2,91590E-9
1,34155E+1	2,94340E-9
1,34242E+1	2,64720E-9
1,34328E+1	2,93430E-9
1,34415E+1	3,08450E-9
1,34502E+1	2,49810E-9
1,34588E+1	2,36030E-9
1,34675E+1	2,98060E-9
1,34761E+1	2,47760E-9
1,34848E+1	2,35560E-9
1,34935E+1	2,75420E-9
1,35021E+1	2,57940E-9
1,35108E+1	2,42180E-9
1,35195E+1	2,63540E-9
1,35281E+1	2,39910E-9
1,35368E+1	2,28620E-9
1,35454E+1	2,76050E-9
1,35541E+1	2,28430E-9
1,35628E+1	2,66220E-9
1,35714E+1	2,66050E-9
1,35801E+1	2,37750E-9
1,35887E+1	2,21440E-9
1,35974E+1	2,47200E-9
1,36061E+1	2,43760E-9
1,36147E+1	2,10010E-9
1,36234E+1	2,24290E-9
1,36320E+1	2,73300E-9
1,36407E+1	2,42750E-9
1,36494E+1	2,14710E-9
1,36580E+1	2,30710E-9
1,36667E+1	2,12990E-9
1,36753E+1	2,57580E-9
1,36840E+1	2,42150E-9
1,36927E+1	2,28400E-9
1,37013E+1	2,31520E-9
1,37100E+1	2,26280E-9
1,37187E+1	2,30380E-9
1,37273E+1	2,10820E-9
1,37360E+1	2,19970E-9
1,37446E+1	2,22860E-9
1,37533E+1	2,17000E-9
1,37620E+1	2,31680E-9
1,37706E+1	2,27230E-9
1,37793E+1	2,06940E-9
1,37879E+1	2,15830E-9
1,37966E+1	2,10900E-9
1,38053E+1	2,17730E-9
1,38139E+1	2,04640E-9
1,38226E+1	2,04210E-9
1,38312E+1	2,39440E-9
1,38399E+1	2,43820E-9
1,38486E+1	2,09160E-9
1,38572E+1	2,19310E-9
1,38659E+1	2,15120E-9
1,38745E+1	2,27920E-9
1,38832E+1	2,09610E-9
1,38919E+1	2,15080E-9
1,39005E+1	2,18400E-9
1,39092E+1	2,39710E-9
1,39179E+1	2,11170E-9
1,39265E+1	2,07760E-9
1,39352E+1	2,39100E-9
1,39438E+1	2,29860E-9
1,39525E+1	2,18340E-9
1,39612E+1	2,07430E-9
1,39698E+1	2,39810E-9
1,39785E+1	2,20390E-9
1,39871E+1	2,14040E-9
1,39958E+1	2,71780E-9
1,40045E+1	2,61910E-9
1,40131E+1	2,54950E-9
1,40218E+1	2,73350E-9
1,40304E+1	3,02960E-9
1,40391E+1	3,28110E-9
1,40478E+1	3,28820E-9
1,40564E+1	3,83890E-9
1,40651E+1	4,21180E-9
1,40737E+1	4,37970E-9
1,40824E+1	4,46200E-9
1,40911E+1	4,85950E-9
1,40997E+1	4,87890E-9
1,41084E+1	5,12810E-9
1,41170E+1	4,99870E-9
1,41257E+1	4,89400E-9
1,41344E+1	5,12040E-9
1,41430E+1	5,57380E-9
1,41517E+1	5,72170E-9
1,41604E+1	5,38230E-9
1,41690E+1	5,06070E-9
1,41777E+1	5,67000E-9
1,41863E+1	4,99180E-9
1,41950E+1	4,54550E-9
1,42037E+1	4,53740E-9
1,42123E+1	4,13420E-9
1,42210E+1	4,16750E-9
1,42296E+1	4,18250E-9
1,42383E+1	3,63140E-9
1,42470E+1	3,76580E-9
1,42556E+1	3,72050E-9
1,42643E+1	3,24170E-9
1,42729E+1	3,51380E-9
1,42816E+1	2,71390E-9
1,42903E+1	3,05970E-9
1,42989E+1	2,52230E-9
1,43076E+1	2,44910E-9
1,43162E+1	2,16510E-9
1,43249E+1	2,44210E-9
1,43336E+1	2,24420E-9
1,43422E+1	2,60300E-9
1,43509E+1	2,56550E-9
1,43596E+1	2,45970E-9
1,43682E+1	2,46850E-9
1,43769E+1	2,03000E-9
1,43855E+1	2,48940E-9
1,43942E+1	2,30430E-9
1,44029E+1	2,10350E-9
1,44115E+1	2,19320E-9
1,44202E+1	2,53590E-9
1,44288E+1	2,30860E-9
1,44375E+1	2,49750E-9
1,44462E+1	2,63750E-9
1,44548E+1	2,57380E-9
1,44635E+1	2,67340E-9
1,44721E+1	2,54720E-9
1,44808E+1	2,40510E-9
1,44895E+1	2,56670E-9
1,44981E+1	2,26900E-9
1,45068E+1	2,23040E-9
1,45154E+1	2,64410E-9
1,45241E+1	2,52790E-9
1,45328E+1	2,62620E-9
1,45414E+1	2,38490E-9
1,45501E+1	2,36290E-9
1,45587E+1	2,38890E-9
1,45674E+1	2,24730E-9
1,45761E+1	2,12400E-9
1,45847E+1	2,06450E-9
1,45934E+1	1,59989E-9
1,46021E+1	1,78110E-9
1,46107E+1	1,80340E-9
1,46194E+1	1,63436E-9
1,46280E+1	1,46114E-9
1,46367E+1	1,33826E-9
1,46454E+1	1,13731E-9
1,46540E+1	1,22212E-9
1,46627E+1	1,27573E-9
1,46713E+1	1,05330E-9
1,46800E+1	7,70190E-10
1,46887E+1	7,97930E-10
1,46973E+1	8,99810E-10
1,47060E+1	6,15430E-10
1,47146E+1	6,16900E-10
1,47233E+1	4,45730E-10
1,47320E+1	4,04420E-10
1,47406E+1	4,34080E-10
1,47493E+1	2,52580E-10
1,47579E+1	3,07580E-10
1,47666E+1	2,36790E-10
1,47753E+1	2,69190E-10
1,47839E+1	2,96960E-10
1,47926E+1	2,11330E-10
1,48013E+1	1,10987E-10
1,48099E+1	1,35112E-10
1,48186E+1	1,09485E-10
1,48272E+1	8,79670E-11
1,48359E+1	7,46490E-11
1,48446E+1	5,48840E-11
1,48532E+1	4,27360E-11
1,48619E+1	3,78830E-11
1,48705E+1	2,89050E-11
1,48792E+1	2,07160E-11
1,48879E+1	2,51850E-11
1,48965E+1	1,36678E-11
1,49052E+1	1,31130E-11
1,49138E+1	1,76548E-11
1,49225E+1	9,87580E-12
1,49312E+1	5,71080E-12
1,49398E+1	3,05720E-12
1,49485E+1	1,34900E-12
1,49571E+1	1,67460E-12
1,49658E+1	1,19400E-12
1,49745E+1	3,38420E-12
1,49831E+1	3,62080E-12
