E, keV	I, A
6,00327E+0	4,55990E-11
6,01426E+0	6,51540E-11
6,02526E+0	5,30940E-11
6,03625E+0	7,06450E-11
6,04725E+0	5,97740E-11
6,05824E+0	6,58260E-11
6,06924E+0	6,53570E-11
6,08024E+0	6,92960E-11
6,09123E+0	8,29940E-11
6,10222E+0	6,79730E-11
6,11322E+0	7,20120E-11
6,12421E+0	7,21530E-11
6,13521E+0	6,94890E-11
6,14620E+0	6,22020E-11
6,15720E+0	7,76890E-11
6,16819E+0	7,78030E-11
6,17919E+0	6,29680E-11
6,19018E+0	6,41640E-11
6,20118E+0	6,58250E-11
6,21218E+0	7,18590E-11
6,22317E+0	7,16260E-11
6,23416E+0	7,37500E-11
6,24516E+0	5,93660E-11
6,25615E+0	1,03237E-10
6,26715E+0	7,31810E-11
6,27814E+0	8,24070E-11
6,28914E+0	6,20780E-11
6,30014E+0	8,19110E-11
6,31113E+0	7,51250E-11
6,32212E+0	8,93910E-11
6,33312E+0	8,71320E-11
6,34411E+0	9,26520E-11
6,35511E+0	7,84460E-11
6,36610E+0	7,47850E-11
6,37710E+0	7,79070E-11
6,38809E+0	7,15350E-11
6,39909E+0	7,47990E-11
6,41008E+0	8,44060E-11
6,42108E+0	9,29090E-11
6,43207E+0	9,24320E-11
6,44307E+0	7,77580E-11
6,45406E+0	8,00730E-11
6,46506E+0	8,84740E-11
6,47605E+0	7,94380E-11
6,48705E+0	8,61840E-11
6,49804E+0	7,04890E-11
6,50904E+0	7,39890E-11
6,52003E+0	7,92830E-11
6,53103E+0	6,58320E-11
6,54202E+0	7,83010E-11
6,55302E+0	9,97980E-11
6,56401E+0	9,02000E-11
6,57501E+0	7,92390E-11
6,58601E+0	9,21820E-11
6,59700E+0	8,08430E-11
6,60799E+0	7,74420E-11
6,61899E+0	7,67850E-11
6,62998E+0	7,10650E-11
6,64098E+0	1,01949E-10
6,65197E+0	8,29440E-11
6,66297E+0	9,21940E-11
6,67396E+0	8,01870E-11
6,68496E+0	9,27180E-11
6,69595E+0	8,93590E-11
6,70695E+0	8,59650E-11
6,71795E+0	7,29400E-11
6,72894E+0	8,40390E-11
6,73993E+0	8,43460E-11
6,75093E+0	8,91300E-11
6,76192E+0	9,19830E-11
6,77292E+0	9,56800E-11
6,78391E+0	7,92580E-11
6,79491E+0	8,03050E-11
6,80591E+0	8,19160E-11
6,81690E+0	9,30230E-11
6,82789E+0	6,77880E-11
6,83889E+0	6,99250E-11
6,84988E+0	9,07270E-11
6,86088E+0	7,74320E-11
6,87187E+0	8,06440E-11
6,88287E+0	7,71580E-11
6,89386E+0	9,12770E-11
6,90486E+0	6,97670E-11
6,91585E+0	7,10730E-11
6,92685E+0	8,87630E-11
6,93784E+0	7,66470E-11
6,94884E+0	1,13831E-10
6,95983E+0	9,84130E-11
6,97083E+0	1,03633E-10
6,98182E+0	1,02235E-10
6,99282E+0	1,28177E-10
7,00381E+0	1,32825E-10
7,01481E+0	1,12416E-10
7,02580E+0	1,10984E-10
7,03680E+0	1,52563E-10
7,04779E+0	1,43026E-10
7,05879E+0	1,50052E-10
7,06978E+0	1,12860E-10
7,08078E+0	8,88680E-11
7,09177E+0	7,21620E-11
7,10277E+0	5,39380E-11
7,11376E+0	7,49650E-11
7,12476E+0	6,63580E-11
7,13575E+0	8,60040E-11
7,14675E+0	7,05340E-11
7,15774E+0	5,43910E-11
7,16874E+0	6,71930E-11
7,17973E+0	5,38490E-11
7,19073E+0	7,18080E-11
7,20172E+0	6,37680E-11
7,21272E+0	6,01240E-11
7,22371E+0	5,26740E-11
7,23471E+0	5,55150E-11
7,24570E+0	5,90780E-11
7,25670E+0	6,85780E-11
7,26769E+0	7,34960E-11
7,27869E+0	6,52390E-11
7,28968E+0	4,94210E-11
7,30068E+0	5,06650E-11
7,31168E+0	4,42610E-11
7,32267E+0	4,13570E-11
7,33366E+0	5,26770E-11
7,34466E+0	7,30220E-11
7,35565E+0	7,36840E-11
7,36665E+0	5,32300E-11
7,37764E+0	6,85400E-11
7,38864E+0	5,40690E-11
7,39963E+0	5,97820E-11
7,41063E+0	5,36050E-11
7,42162E+0	5,96830E-11
7,43262E+0	5,32520E-11
7,44361E+0	6,38980E-11
7,45461E+0	5,69940E-11
7,46560E+0	5,64420E-11
7,47660E+0	5,87910E-11
7,48759E+0	7,12940E-11
7,49859E+0	6,25180E-11
7,50958E+0	5,65000E-11
7,52058E+0	4,74230E-11
7,53157E+0	5,58350E-11
7,54257E+0	6,56710E-11
7,55356E+0	6,66670E-11
7,56456E+0	5,55380E-11
7,57555E+0	4,90820E-11
7,58655E+0	4,03960E-11
7,59754E+0	5,67840E-11
7,60854E+0	5,20820E-11
7,61953E+0	4,47830E-11
7,63053E+0	4,27590E-11
7,64152E+0	4,69900E-11
7,65252E+0	5,43050E-11
7,66351E+0	7,76050E-11
7,67451E+0	7,47790E-11
7,68551E+0	7,84530E-11
7,69650E+0	6,80430E-11
7,70749E+0	8,14670E-11
7,71849E+0	6,32990E-11
7,72948E+0	7,58610E-11
7,74048E+0	6,92490E-11
7,75147E+0	6,19200E-11
7,76247E+0	7,07670E-11
7,77346E+0	6,57060E-11
7,78446E+0	6,82010E-11
7,79545E+0	6,48300E-11
7,80645E+0	6,45760E-11
7,81745E+0	6,18260E-11
7,82844E+0	8,28600E-11
7,83943E+0	7,49030E-11
7,85043E+0	8,75740E-11
7,86142E+0	6,98870E-11
7,87242E+0	7,32090E-11
7,88341E+0	6,88040E-11
7,89441E+0	6,22610E-11
7,90541E+0	8,52330E-11
7,91640E+0	6,20460E-11
7,92739E+0	6,36810E-11
7,93839E+0	7,92070E-11
7,94938E+0	7,90280E-11
7,96038E+0	7,04270E-11
7,97137E+0	7,52760E-11
7,98237E+0	7,77270E-11
7,99336E+0	7,30280E-11
8,00436E+0	6,95430E-11
8,01535E+0	8,55540E-11
8,02635E+0	9,34630E-11
8,03734E+0	8,05040E-11
8,04834E+0	9,52850E-11
8,05933E+0	7,71870E-11
8,07033E+0	8,35330E-11
8,08132E+0	8,33150E-11
8,09232E+0	7,99890E-11
8,10332E+0	8,20180E-11
8,11431E+0	7,69610E-11
8,12530E+0	7,21680E-11
8,13630E+0	9,07180E-11
8,14729E+0	7,55210E-11
8,15829E+0	7,96490E-11
8,16928E+0	7,58730E-11
8,18028E+0	9,71560E-11
8,19127E+0	9,65170E-11
8,20227E+0	8,03670E-11
8,21326E+0	8,87830E-11
8,22426E+0	9,26550E-11
8,23526E+0	8,47660E-11
8,24625E+0	8,61330E-11
8,25724E+0	1,07534E-10
8,26824E+0	1,00730E-10
8,27923E+0	9,13660E-11
8,29023E+0	8,50180E-11
8,30122E+0	9,03950E-11
8,31222E+0	8,13650E-11
8,32321E+0	8,28150E-11
8,33421E+0	9,92730E-11
8,34520E+0	6,89070E-11
8,35620E+0	6,98730E-11
8,36720E+0	6,97980E-11
8,37819E+0	7,86700E-11
8,38918E+0	9,44080E-11
8,40018E+0	1,13255E-10
8,41118E+0	1,07365E-10
8,42217E+0	8,80130E-11
8,43316E+0	1,02114E-10
8,44416E+0	8,13180E-11
8,45515E+0	9,06020E-11
8,46615E+0	1,03227E-10
8,47715E+0	1,24342E-10
8,48814E+0	9,46000E-11
8,49913E+0	9,69580E-11
8,51013E+0	8,46520E-11
8,52112E+0	1,00220E-10
8,53212E+0	9,53790E-11
8,54311E+0	1,16071E-10
8,55411E+0	9,84160E-11
8,56510E+0	1,09387E-10
8,57610E+0	9,59250E-11
8,58709E+0	1,08315E-10
8,59809E+0	1,34351E-10
8,60909E+0	1,02408E-10
8,62008E+0	1,10366E-10
8,63107E+0	1,07129E-10
8,64207E+0	1,28933E-10
8,65306E+0	1,20243E-10
8,66406E+0	1,25419E-10
8,67505E+0	1,15427E-10
8,68605E+0	1,33679E-10
8,69704E+0	1,10472E-10
8,70804E+0	1,29866E-10
8,71903E+0	1,36650E-10
8,73003E+0	1,40471E-10
8,74102E+0	1,30018E-10
8,75202E+0	1,49226E-10
8,76301E+0	1,73734E-10
8,77401E+0	1,61171E-10
8,78500E+0	1,77835E-10
8,79600E+0	1,83439E-10
8,80699E+0	1,74693E-10
8,81799E+0	1,63660E-10
8,82898E+0	1,18976E-10
8,83998E+0	2,26790E-10
8,85098E+0	2,97000E-10
8,86197E+0	2,18130E-10
8,87296E+0	2,75330E-10
8,88396E+0	2,69760E-10
8,89495E+0	3,72300E-10
8,90595E+0	3,27010E-10
8,91694E+0	2,92950E-10
8,92794E+0	4,33680E-10
8,93894E+0	3,39390E-10
8,94993E+0	2,76460E-10
8,96092E+0	2,70230E-10
8,97192E+0	3,19880E-10
8,98291E+0	3,34300E-10
8,99391E+0	2,19930E-10
9,00490E+0	2,66380E-10
9,01590E+0	4,40700E-10
9,02689E+0	3,41850E-10
9,03789E+0	3,15360E-10
9,04889E+0	3,31570E-10
9,05988E+0	3,15960E-10
9,07087E+0	2,73500E-10
9,08187E+0	3,56210E-10
9,09286E+0	3,59420E-10
9,10386E+0	2,03760E-10
9,11485E+0	2,49670E-10
9,12585E+0	4,22020E-10
9,13684E+0	3,18010E-10
9,14784E+0	3,01090E-10
9,15883E+0	3,25590E-10
9,16983E+0	3,61790E-10
9,18082E+0	3,70670E-10
9,19182E+0	2,32240E-10
9,20281E+0	3,24870E-10
9,21381E+0	3,24160E-10
9,22480E+0	2,73360E-10
9,23580E+0	3,63020E-10
9,24679E+0	2,86360E-10
9,25779E+0	2,57970E-10
9,26878E+0	2,80200E-10
9,27978E+0	3,11810E-10
9,29077E+0	2,51000E-10
9,30177E+0	3,54590E-10
9,31277E+0	2,49120E-10
9,32376E+0	3,59160E-10
9,33475E+0	3,37680E-10
9,34575E+0	3,92460E-10
9,35674E+0	2,68040E-10
9,36774E+0	3,22360E-10
9,37873E+0	2,19950E-10
9,38973E+0	2,69530E-10
9,40072E+0	1,45681E-10
9,41172E+0	2,68870E-10
9,42272E+0	2,51480E-10
9,43371E+0	2,61420E-10
9,44470E+0	2,01420E-10
9,45570E+0	3,18530E-10
9,46669E+0	2,22300E-10
9,47769E+0	2,89470E-10
9,48869E+0	2,45000E-10
9,49968E+0	2,57520E-10
9,51067E+0	2,16690E-10
9,52167E+0	3,36230E-10
9,53266E+0	2,71230E-10
9,54366E+0	1,43886E-10
9,55465E+0	2,48270E-10
9,56565E+0	2,77130E-10
9,57665E+0	2,40240E-10
9,58764E+0	2,28860E-10
9,59863E+0	3,83860E-10
9,60963E+0	2,73020E-10
9,62062E+0	3,04090E-10
9,62210E+0	1,21496E-10
9,63076E+0	2,74970E-10
9,63942E+0	2,62110E-10
9,64808E+0	3,06860E-10
9,65674E+0	2,25550E-10
9,66540E+0	2,20790E-10
9,67406E+0	2,96830E-10
9,68272E+0	3,23220E-10
9,69138E+0	3,19780E-10
9,70004E+0	2,82360E-10
9,70870E+0	3,32240E-10
9,71737E+0	2,44550E-10
9,72603E+0	1,36467E-10
9,73469E+0	1,86210E-10
9,74335E+0	1,88534E-10
9,75201E+0	2,07320E-10
9,76067E+0	2,77690E-10
9,76933E+0	2,38600E-10
9,77799E+0	1,37254E-10
9,78665E+0	2,31740E-10
9,79531E+0	2,96770E-10
9,80397E+0	2,26310E-10
9,81263E+0	1,70356E-10
9,82130E+0	3,48640E-10
9,82996E+0	2,82120E-10
9,83862E+0	2,48590E-10
9,84728E+0	2,61190E-10
9,85594E+0	2,88330E-10
9,86460E+0	2,52430E-10
9,87326E+0	3,78120E-10
9,88192E+0	2,56880E-10
9,89058E+0	2,28180E-10
9,89924E+0	2,88250E-10
9,90790E+0	2,59010E-10
9,91656E+0	2,09820E-10
9,92522E+0	2,15150E-10
9,93389E+0	3,46510E-10
9,94255E+0	2,65130E-10
9,95121E+0	2,52940E-10
9,95987E+0	2,23010E-10
9,96853E+0	3,18430E-10
9,97719E+0	3,12810E-10
9,98585E+0	2,50820E-10
9,99451E+0	3,62310E-10
1,00032E+1	2,51370E-10
1,00118E+1	3,49510E-10
1,00205E+1	3,66690E-10
1,00292E+1	2,62470E-10
1,00378E+1	1,41075E-10
1,00465E+1	3,56170E-10
1,00551E+1	2,66730E-10
1,00638E+1	3,23830E-10
1,00725E+1	2,08590E-10
1,00811E+1	4,21410E-10
1,00898E+1	2,78860E-10
1,00984E+1	2,64330E-10
1,01071E+1	2,29190E-10
1,01158E+1	2,29990E-10
1,01244E+1	2,29720E-10
1,01331E+1	2,34170E-10
1,01417E+1	3,63100E-10
1,01504E+1	3,21250E-10
1,01591E+1	3,06030E-10
1,01677E+1	3,13980E-10
1,01764E+1	4,00540E-10
1,01850E+1	3,25160E-10
1,01937E+1	3,38360E-10
1,02024E+1	2,64730E-10
1,02110E+1	4,34720E-10
1,02197E+1	3,28250E-10
1,02284E+1	3,84060E-10
1,02370E+1	4,27820E-10
1,02457E+1	3,64660E-10
1,02543E+1	3,13090E-10
1,02630E+1	3,89840E-10
1,02717E+1	3,22550E-10
1,02803E+1	4,11610E-10
1,02890E+1	4,03980E-10
1,02976E+1	3,12190E-10
1,03063E+1	3,97520E-10
1,03150E+1	3,64560E-10
1,03236E+1	3,70990E-10
1,03323E+1	2,80310E-10
1,03409E+1	3,29170E-10
1,03496E+1	3,11120E-10
1,03583E+1	3,08300E-10
1,03669E+1	4,21640E-10
1,03756E+1	3,48460E-10
1,03842E+1	2,45500E-10
1,03929E+1	3,26070E-10
1,04016E+1	2,50130E-10
1,04102E+1	3,50680E-10
1,04189E+1	3,11900E-10
1,04276E+1	3,44090E-10
1,04362E+1	2,11970E-10
1,04449E+1	2,71380E-10
1,04535E+1	3,30710E-10
1,04622E+1	2,57160E-10
1,04709E+1	2,95700E-10
1,04795E+1	2,91320E-10
1,04882E+1	2,71020E-10
1,04968E+1	3,63460E-10
1,05055E+1	3,26680E-10
1,05142E+1	2,94010E-10
1,05228E+1	4,67010E-10
1,05315E+1	4,44330E-10
1,05401E+1	2,97880E-10
1,05488E+1	3,32990E-10
1,05575E+1	4,46390E-10
1,05661E+1	2,61220E-10
1,05748E+1	3,13870E-10
1,05834E+1	3,55310E-10
1,05921E+1	2,46710E-10
1,06008E+1	3,42780E-10
1,06094E+1	4,81340E-10
1,06181E+1	3,70850E-10
1,06267E+1	3,33110E-10
1,06354E+1	3,19950E-10
1,06441E+1	2,70380E-10
1,06527E+1	2,43500E-10
1,06614E+1	3,20050E-10
1,06701E+1	3,53570E-10
1,06787E+1	3,61050E-10
1,06874E+1	3,46190E-10
1,06960E+1	4,70260E-10
1,07047E+1	3,30650E-10
1,07134E+1	3,76680E-10
1,07220E+1	3,15060E-10
1,07307E+1	3,51860E-10
1,07393E+1	3,04600E-10
1,07480E+1	4,38000E-10
1,07567E+1	2,94400E-10
1,07653E+1	3,94010E-10
1,07740E+1	3,62310E-10
1,07826E+1	3,95490E-10
1,07913E+1	3,33120E-10
1,08000E+1	4,54350E-10
1,08086E+1	2,77070E-10
1,08173E+1	2,79410E-10
1,08259E+1	3,91100E-10
1,08346E+1	2,65340E-10
1,08433E+1	3,90890E-10
1,08519E+1	3,33040E-10
1,08606E+1	3,91980E-10
1,08693E+1	2,82610E-10
1,08779E+1	3,77490E-10
1,08866E+1	4,17720E-10
1,08952E+1	4,23120E-10
1,09039E+1	3,66610E-10
1,09126E+1	2,88260E-10
1,09212E+1	4,38220E-10
1,09299E+1	3,42840E-10
1,09385E+1	5,01260E-10
1,09472E+1	3,83150E-10
1,09559E+1	3,20010E-10
1,09645E+1	3,89480E-10
1,09732E+1	5,13760E-10
1,09818E+1	5,04370E-10
1,09905E+1	3,36360E-10
1,09992E+1	4,94560E-10
1,10078E+1	4,89120E-10
1,10165E+1	3,77720E-10
1,10251E+1	5,41180E-10
1,10338E+1	4,39200E-10
1,10425E+1	3,75410E-10
1,10511E+1	3,71160E-10
1,10598E+1	5,09700E-10
1,10684E+1	4,70840E-10
1,10771E+1	5,10100E-10
1,10858E+1	5,01290E-10
1,10944E+1	3,72860E-10
1,11031E+1	5,22590E-10
1,11118E+1	5,89290E-10
1,11204E+1	4,58780E-10
1,11291E+1	5,78170E-10
1,11377E+1	4,05160E-10
1,11464E+1	5,11630E-10
1,11551E+1	4,47050E-10
1,11637E+1	5,06260E-10
1,11724E+1	5,16480E-10
1,11810E+1	5,46510E-10
1,11897E+1	6,25600E-10
1,11984E+1	4,52230E-10
1,12070E+1	5,99640E-10
1,12157E+1	4,96230E-10
1,12243E+1	4,14310E-10
1,12330E+1	3,84150E-10
1,12417E+1	4,71290E-10
1,12503E+1	5,28210E-10
1,12590E+1	5,36520E-10
1,12676E+1	4,80380E-10
1,12763E+1	5,60160E-10
1,12850E+1	5,31240E-10
1,12936E+1	4,59920E-10
1,13023E+1	7,56340E-10
1,13110E+1	4,39340E-10
1,13196E+1	4,63950E-10
1,13283E+1	4,10580E-10
1,13369E+1	6,06790E-10
1,13456E+1	4,21280E-10
1,13543E+1	4,63800E-10
1,13629E+1	5,40700E-10
1,13716E+1	4,67970E-10
1,13802E+1	4,86440E-10
1,13889E+1	5,93290E-10
1,13976E+1	5,41970E-10
1,14062E+1	5,34670E-10
1,14149E+1	6,00510E-10
1,14235E+1	5,72620E-10
1,14322E+1	4,05600E-10
1,14409E+1	5,61060E-10
1,14495E+1	7,19980E-10
1,14582E+1	5,75310E-10
1,14668E+1	4,57870E-10
1,14755E+1	4,43160E-10
1,14842E+1	6,27890E-10
1,14928E+1	4,85490E-10
1,15015E+1	6,07110E-10
1,15101E+1	4,82020E-10
1,15188E+1	5,34510E-10
1,15275E+1	5,43210E-10
1,15361E+1	5,64930E-10
1,15448E+1	5,94970E-10
1,15535E+1	6,65520E-10
1,15621E+1	7,29090E-10
1,15708E+1	4,87480E-10
1,15794E+1	6,98900E-10
1,15881E+1	6,99650E-10
1,15968E+1	5,63450E-10
1,16054E+1	6,39080E-10
1,16141E+1	6,62190E-10
1,16227E+1	6,46720E-10
1,16314E+1	6,49270E-10
1,16401E+1	7,28160E-10
1,16487E+1	5,94490E-10
1,16574E+1	5,35430E-10
1,16660E+1	7,13900E-10
1,16747E+1	6,54320E-10
1,16834E+1	6,21850E-10
1,16920E+1	7,74260E-10
1,17007E+1	7,26610E-10
1,17093E+1	7,48770E-10
1,17180E+1	6,35510E-10
1,17267E+1	6,75080E-10
1,17353E+1	5,68010E-10
1,17440E+1	7,76030E-10
1,17527E+1	6,38860E-10
1,17613E+1	4,91610E-10
1,17700E+1	7,81640E-10
1,17786E+1	5,41880E-10
1,17873E+1	6,67310E-10
1,17960E+1	5,26200E-10
1,18046E+1	6,80540E-10
1,18133E+1	7,15210E-10
1,18219E+1	7,00710E-10
1,18306E+1	8,09100E-10
1,18393E+1	7,60600E-10
1,18479E+1	7,41600E-10
1,18566E+1	7,06300E-10
1,18652E+1	7,24130E-10
1,18739E+1	7,17870E-10
1,18826E+1	7,94430E-10
1,18912E+1	8,69070E-10
1,18999E+1	7,68380E-10
1,19085E+1	7,24690E-10
1,19172E+1	8,16750E-10
1,19259E+1	8,75210E-10
1,19345E+1	7,79310E-10
1,19432E+1	8,12960E-10
1,19519E+1	9,51510E-10
1,19605E+1	7,35600E-10
1,19692E+1	7,77390E-10
1,19778E+1	7,42140E-10
1,19865E+1	7,36630E-10
1,19952E+1	7,63020E-10
1,20038E+1	8,04410E-10
1,20125E+1	7,17000E-10
1,20211E+1	8,73820E-10
1,20298E+1	8,04770E-10
1,20385E+1	9,28510E-10
1,20471E+1	7,88870E-10
1,20558E+1	9,75390E-10
1,20644E+1	9,08290E-10
1,20731E+1	9,36470E-10
1,20818E+1	7,90400E-10
1,20904E+1	6,30330E-10
1,20991E+1	8,02950E-10
1,21077E+1	8,13240E-10
1,21164E+1	9,17400E-10
1,21251E+1	7,43210E-10
1,21337E+1	1,02818E-9
1,21424E+1	9,22400E-10
1,21510E+1	8,04510E-10
1,21597E+1	7,43750E-10
1,21684E+1	1,14698E-9
1,21770E+1	9,74990E-10
1,21857E+1	9,28070E-10
1,21944E+1	8,73100E-10
1,22030E+1	7,50830E-10
1,22117E+1	8,63330E-10
1,22203E+1	8,50070E-10
1,22290E+1	9,18100E-10
1,22377E+1	8,36180E-10
1,22463E+1	1,10104E-9
1,22550E+1	1,25290E-9
1,22636E+1	7,92920E-10
1,22723E+1	1,07618E-9
1,22810E+1	9,27200E-10
1,22896E+1	8,78910E-10
1,22983E+1	7,64360E-10
1,23069E+1	1,02926E-9
1,23156E+1	1,07439E-9
1,23243E+1	1,21839E-9
1,23329E+1	9,14920E-10
1,23416E+1	1,02668E-9
1,23502E+1	9,31590E-10
1,23589E+1	1,03123E-9
1,23676E+1	1,05280E-9
1,23762E+1	1,13799E-9
1,23849E+1	9,10260E-10
1,23936E+1	8,84920E-10
1,24022E+1	1,19456E-9
1,24109E+1	1,03568E-9
1,24195E+1	1,02295E-9
1,24282E+1	1,02933E-9
1,24369E+1	1,36505E-9
1,24455E+1	1,12922E-9
1,24542E+1	1,20868E-9
1,24628E+1	1,05472E-9
1,24715E+1	1,21029E-9
1,24802E+1	1,06561E-9
1,24888E+1	1,17144E-9
1,24975E+1	1,07565E-9
1,25061E+1	1,29419E-9
1,25148E+1	1,08355E-9
1,25235E+1	1,27480E-9
1,25321E+1	1,09921E-9
1,25408E+1	1,10324E-9
1,25494E+1	1,19954E-9
1,25581E+1	1,11950E-9
1,25668E+1	1,14743E-9
1,25754E+1	1,31913E-9
1,25841E+1	1,10038E-9
1,25927E+1	1,26730E-9
1,26014E+1	1,11469E-9
1,26101E+1	1,36561E-9
1,26187E+1	1,11933E-9
1,26274E+1	1,32837E-9
1,26361E+1	1,21226E-9
1,26447E+1	1,28087E-9
1,26534E+1	1,18768E-9
1,26620E+1	1,21132E-9
1,26707E+1	1,28305E-9
1,26794E+1	1,24613E-9
1,26880E+1	1,46105E-9
1,26967E+1	1,00995E-9
1,27053E+1	1,21022E-9
1,27140E+1	1,47915E-9
1,27227E+1	1,39209E-9
1,27313E+1	1,24549E-9
1,27400E+1	1,42602E-9
1,27486E+1	1,28998E-9
1,27573E+1	1,41977E-9
1,27660E+1	1,47633E-9
1,27746E+1	1,18970E-9
1,27833E+1	1,30192E-9
1,27919E+1	1,25669E-9
1,28006E+1	1,31793E-9
1,28093E+1	1,48110E-9
1,28179E+1	1,44208E-9
1,28266E+1	1,27045E-9
1,28353E+1	1,24886E-9
1,28439E+1	1,56913E-9
1,28526E+1	1,48938E-9
1,28612E+1	1,58791E-9
1,28699E+1	1,49848E-9
1,28786E+1	1,07424E-9
1,28872E+1	1,60706E-9
1,28959E+1	1,64030E-9
1,29045E+1	1,57893E-9
1,29132E+1	1,45359E-9
1,29219E+1	1,73031E-9
1,29305E+1	1,43382E-9
1,29392E+1	1,55729E-9
1,29478E+1	1,23300E-9
1,29565E+1	1,58165E-9
1,29652E+1	1,61111E-9
1,29738E+1	1,57837E-9
1,29825E+1	1,46919E-9
1,29911E+1	1,67373E-9
1,29998E+1	1,62130E-9
1,30085E+1	1,62604E-9
1,30171E+1	1,58099E-9
1,30258E+1	1,61747E-9
1,30344E+1	1,42110E-9
1,30431E+1	1,50890E-9
1,30518E+1	1,67250E-9
1,30604E+1	1,89041E-9
1,30691E+1	1,71875E-9
1,30778E+1	1,62326E-9
1,30864E+1	1,76820E-9
1,30951E+1	1,64218E-9
1,31037E+1	1,75979E-9
1,31124E+1	1,75430E-9
1,31211E+1	1,60394E-9
1,31297E+1	1,82830E-9
1,31384E+1	1,90686E-9
1,31470E+1	1,82780E-9
1,31557E+1	2,10750E-9
1,31644E+1	1,86664E-9
1,31730E+1	1,80983E-9
1,31817E+1	1,60204E-9
1,31903E+1	1,71621E-9
1,31990E+1	1,80510E-9
1,32077E+1	1,88510E-9
1,32163E+1	1,77380E-9
1,32250E+1	2,02110E-9
1,32336E+1	1,63570E-9
1,32423E+1	2,11250E-9
1,32510E+1	2,00720E-9
1,32596E+1	2,12540E-9
1,32683E+1	1,54412E-9
1,32770E+1	2,02450E-9
1,32856E+1	2,04950E-9
1,32943E+1	2,22150E-9
1,33029E+1	2,00790E-9
1,33116E+1	2,09500E-9
1,33203E+1	1,97120E-9
1,33289E+1	1,96940E-9
1,33376E+1	2,02710E-9
1,33462E+1	2,08240E-9
1,33549E+1	2,04220E-9
1,33636E+1	2,41680E-9
1,33722E+1	2,03670E-9
1,33809E+1	2,32050E-9
1,33895E+1	2,17870E-9
1,33982E+1	2,18050E-9
1,34069E+1	2,11230E-9
1,34155E+1	2,10120E-9
1,34242E+1	2,18960E-9
1,34328E+1	2,19940E-9
1,34415E+1	2,36110E-9
1,34502E+1	2,25880E-9
1,34588E+1	2,20400E-9
1,34675E+1	2,14480E-9
1,34761E+1	2,13830E-9
1,34848E+1	2,35420E-9
1,34935E+1	2,30390E-9
1,35021E+1	2,38300E-9
1,35108E+1	2,87820E-9
1,35195E+1	2,46400E-9
1,35281E+1	2,13660E-9
1,35368E+1	2,17860E-9
1,35454E+1	2,38660E-9
1,35541E+1	2,36940E-9
1,35628E+1	2,58870E-9
1,35714E+1	2,45980E-9
1,35801E+1	2,44910E-9
1,35887E+1	2,50650E-9
1,35974E+1	2,42510E-9
1,36061E+1	2,41630E-9
1,36147E+1	2,98880E-9
1,36234E+1	2,95820E-9
1,36320E+1	2,66870E-9
1,36407E+1	2,86820E-9
1,36494E+1	2,95430E-9
1,36580E+1	2,84870E-9
1,36667E+1	2,67330E-9
1,36753E+1	3,00260E-9
1,36840E+1	3,03800E-9
1,36927E+1	2,75780E-9
1,37013E+1	3,06760E-9
1,37100E+1	3,09490E-9
1,37187E+1	2,72540E-9
1,37273E+1	2,56250E-9
1,37360E+1	3,18830E-9
1,37446E+1	3,19860E-9
1,37533E+1	3,00640E-9
1,37620E+1	3,20480E-9
1,37706E+1	3,06380E-9
1,37793E+1	3,53230E-9
1,37879E+1	3,24690E-9
1,37966E+1	3,30680E-9
1,38053E+1	3,76980E-9
1,38139E+1	3,30900E-9
1,38226E+1	3,81890E-9
1,38312E+1	3,99210E-9
1,38399E+1	3,91060E-9
1,38486E+1	3,92700E-9
1,38572E+1	3,67830E-9
1,38659E+1	3,69370E-9
1,38745E+1	3,79170E-9
1,38832E+1	3,94080E-9
1,38919E+1	4,08630E-9
1,39005E+1	4,38690E-9
1,39092E+1	4,93060E-9
1,39179E+1	5,05010E-9
1,39265E+1	4,35360E-9
1,39352E+1	4,91840E-9
1,39438E+1	4,67250E-9
1,39525E+1	5,29940E-9
1,39612E+1	5,14770E-9
1,39698E+1	5,40750E-9
1,39785E+1	6,22320E-9
1,39871E+1	6,71390E-9
1,39958E+1	5,90270E-9
1,40045E+1	7,03530E-9
1,40131E+1	6,65330E-9
1,40218E+1	6,68010E-9
1,40304E+1	6,58980E-9
1,40391E+1	7,59290E-9
1,40478E+1	7,29580E-9
1,40564E+1	8,46030E-9
1,40651E+1	7,70170E-9
1,40737E+1	8,52840E-9
1,40824E+1	7,77870E-9
1,40911E+1	7,14620E-9
1,40997E+1	7,70420E-9
1,41084E+1	7,95110E-9
1,41170E+1	7,27160E-9
1,41257E+1	7,11660E-9
1,41344E+1	6,47670E-9
1,41430E+1	6,88030E-9
1,41517E+1	6,83630E-9
1,41604E+1	5,97950E-9
1,41690E+1	5,78170E-9
1,41777E+1	5,15790E-9
1,41863E+1	4,77060E-9
1,41950E+1	4,15770E-9
1,42037E+1	4,06470E-9
1,42123E+1	3,95880E-9
1,42210E+1	3,58730E-9
1,42296E+1	3,41300E-9
1,42383E+1	3,29950E-9
1,42470E+1	2,62730E-9
1,42556E+1	2,87480E-9
1,42643E+1	2,29120E-9
1,42729E+1	2,13650E-9
1,42816E+1	1,77699E-9
1,42903E+1	2,03680E-9
1,42989E+1	1,82520E-9
1,43076E+1	1,48545E-9
1,43162E+1	1,29597E-9
1,43249E+1	1,40174E-9
1,43336E+1	1,20592E-9
1,43422E+1	1,07782E-9
1,43509E+1	1,15121E-9
1,43596E+1	1,35343E-9
1,43682E+1	9,15890E-10
1,43769E+1	7,97300E-10
1,43855E+1	9,37230E-10
1,43942E+1	7,75670E-10
1,44029E+1	5,96950E-10
1,44115E+1	4,38120E-10
1,44202E+1	5,60230E-10
1,44288E+1	4,60770E-10
1,44375E+1	3,47150E-10
1,44462E+1	3,27070E-10
1,44548E+1	4,03000E-10
1,44635E+1	2,45420E-10
1,44721E+1	2,37020E-10
1,44808E+1	1,06728E-10
1,44895E+1	1,54984E-10
1,44981E+1	1,80981E-10
1,45068E+1	1,31537E-10
1,45154E+1	1,06260E-10
1,45241E+1	1,07260E-10
1,45328E+1	7,55120E-11
1,45414E+1	7,78020E-11
1,45501E+1	4,96600E-11
1,45587E+1	4,12000E-11
1,45674E+1	2,90890E-11
1,45761E+1	2,87550E-11
1,45847E+1	1,63155E-11
1,45934E+1	1,78891E-11
1,46021E+1	1,46913E-11
1,46107E+1	1,73306E-11
1,46194E+1	9,31560E-12
1,46280E+1	9,05680E-12
1,46367E+1	2,88470E-12
1,46454E+1	4,79280E-12
1,46540E+1	3,28550E-12
1,46627E+1	1,64770E-12
1,46713E+1	1,03400E-12
1,46800E+1	1,72180E-12
1,46887E+1	1,06170E-12
1,46973E+1	2,30870E-12
1,47060E+1	1,19990E-12
1,47146E+1	1,39960E-12
1,47233E+1	1,14990E-12
1,47320E+1	7,17900E-13
1,47406E+1	7,51300E-13
1,47493E+1	5,39300E-13
1,47579E+1	4,82600E-13
1,47666E+1	1,76840E-12
1,47753E+1	7,13600E-13
1,47839E+1	1,05300E-12
1,47926E+1	4,52900E-13
1,48013E+1	3,52400E-13
1,48099E+1	6,44600E-13
1,48186E+1	3,53200E-13
1,48272E+1	5,48500E-13
1,48359E+1	2,56570E-12
1,48446E+1	5,53300E-13
1,48532E+1	1,03660E-12
1,48619E+1	4,92900E-13
1,48705E+1	1,07930E-12
1,48792E+1	8,15900E-13
1,48879E+1	1,92810E-12
1,48965E+1	9,51200E-13
1,49052E+1	8,09500E-13
1,49138E+1	2,65000E-13
1,49225E+1	1,68700E-13
1,49312E+1	6,57600E-13
1,49398E+1	2,37990E-12
1,49485E+1	5,03000E-13
1,49571E+1	2,24200E-13
1,49658E+1	2,03310E-12
1,49745E+1	4,22400E-13
1,49831E+1	1,68900E-13
