Energy particles 
eV  count 

***************** ISInCa - Ion Surface Interaction Calculator v2024.1.1 *****************
*               by mauveferret@gmail.com from "Plasma physics" dep., MEPhI               *
******************************************************************************************
*         Calculated with SDTrimSP. ISInCa postprocessing id SDTrimSP_74.0_6828          *
*      Postprocessing started at 2024-02-28 at 21:23:58 UTC. Main input parameters:      *
*         H Li beam with E0 = 25000.0 eV at polar angle 74.0 degrees from normal         *
*                azimuth angle 0.0 degrees with doze 100000000 particles                 *
*                                      target of  W                                      *
******************************************************************************************
*          E step 30.0 eV  beta 74.0 deg dBeta 3.0 deg phi 0.0 deg dPhi 3.0 deg          *
******************************************************************************************

*                              calculated  for all elements                              *
******************************************************************************************
0.00 32.000
30.00 32.000
60.00 30.000
90.00 41.000
120.00 51.000
150.00 55.000
180.00 48.000
210.00 65.000
240.00 65.000
270.00 59.000
300.00 67.000
330.00 68.000
360.00 91.000
390.00 84.000
420.00 111.000
450.00 85.000
480.00 102.000
510.00 100.000
540.00 110.000
570.00 105.000
600.00 146.000
630.00 136.000
660.00 136.000
690.00 143.000
720.00 137.000
750.00 150.000
780.00 141.000
810.00 152.000
840.00 174.000
870.00 158.000
900.00 170.000
930.00 190.000
960.00 184.000
990.00 227.000
1020.00 185.000
1050.00 170.000
1080.00 222.000
1110.00 232.000
1140.00 209.000
1170.00 224.000
1200.00 218.000
1230.00 238.000
1260.00 241.000
1290.00 247.000
1320.00 251.000
1350.00 277.000
1380.00 285.000
1410.00 251.000
1440.00 280.000
1470.00 284.000
1500.00 295.000
1530.00 306.000
1560.00 332.000
1590.00 310.000
1620.00 285.000
1650.00 318.000
1680.00 294.000
1710.00 300.000
1740.00 353.000
1770.00 305.000
1800.00 321.000
1830.00 322.000
1860.00 388.000
1890.00 344.000
1920.00 339.000
1950.00 351.000
1980.00 433.000
2010.00 350.000
2040.00 407.000
2070.00 386.000
2100.00 398.000
2130.00 401.000
2160.00 386.000
2190.00 448.000
2220.00 404.000
2250.00 387.000
2280.00 442.000
2310.00 427.000
2340.00 416.000
2370.00 432.000
2400.00 428.000
2430.00 454.000
2460.00 468.000
2490.00 477.000
2520.00 505.000
2550.00 480.000
2580.00 477.000
2610.00 468.000
2640.00 487.000
2670.00 484.000
2700.00 504.000
2730.00 502.000
2760.00 508.000
2790.00 515.000
2820.00 497.000
2850.00 491.000
2880.00 496.000
2910.00 512.000
2940.00 548.000
2970.00 533.000
3000.00 528.000
3030.00 547.000
3060.00 572.000
3090.00 567.000
3120.00 541.000
3150.00 569.000
3180.00 605.000
3210.00 587.000
3240.00 648.000
3270.00 575.000
3300.00 550.000
3330.00 612.000
3360.00 652.000
3390.00 642.000
3420.00 655.000
3450.00 639.000
3480.00 654.000
3510.00 654.000
3540.00 690.000
3570.00 700.000
3600.00 672.000
3630.00 715.000
3660.00 720.000
3690.00 747.000
3720.00 721.000
3750.00 748.000
3780.00 700.000
3810.00 737.000
3840.00 729.000
3870.00 754.000
3900.00 781.000
3930.00 791.000
3960.00 793.000
3990.00 760.000
4020.00 805.000
4050.00 784.000
4080.00 834.000
4110.00 825.000
4140.00 881.000
4170.00 802.000
4200.00 858.000
4230.00 921.000
4260.00 894.000
4290.00 915.000
4320.00 900.000
4350.00 913.000
4380.00 866.000
4410.00 964.000
4440.00 953.000
4470.00 1004.000
4500.00 950.000
4530.00 986.000
4560.00 993.000
4590.00 993.000
4620.00 989.000
4650.00 1011.000
4680.00 1100.000
4710.00 1013.000
4740.00 1029.000
4770.00 1067.000
4800.00 1047.000
4830.00 1061.000
4860.00 1108.000
4890.00 1097.000
4920.00 1156.000
4950.00 1145.000
4980.00 1093.000
5010.00 1112.000
5040.00 1219.000
5070.00 1218.000
5100.00 1247.000
5130.00 1181.000
5160.00 1233.000
5190.00 1298.000
5220.00 1283.000
5250.00 1306.000
5280.00 1310.000
5310.00 1318.000
5340.00 1311.000
5370.00 1369.000
5400.00 1331.000
5430.00 1313.000
5460.00 1436.000
5490.00 1412.000
5520.00 1459.000
5550.00 1413.000
5580.00 1487.000
5610.00 1462.000
5640.00 1507.000
5670.00 1455.000
5700.00 1521.000
5730.00 1471.000
5760.00 1611.000
5790.00 1569.000
5820.00 1564.000
5850.00 1647.000
5880.00 1649.000
5910.00 1658.000
5940.00 1767.000
5970.00 1699.000
6000.00 1725.000
6030.00 1695.000
6060.00 1786.000
6090.00 1742.000
6120.00 1727.000
6150.00 1744.000
6180.00 1932.000
6210.00 1840.000
6240.00 1909.000
6270.00 1928.000
6300.00 2000.000
6330.00 1916.000
6360.00 1991.000
6390.00 1931.000
6420.00 1968.000
6450.00 2045.000
6480.00 2037.000
6510.00 2083.000
6540.00 2045.000
6570.00 2126.000
6600.00 2147.000
6630.00 2087.000
6660.00 2114.000
6690.00 2137.000
6720.00 2127.000
6750.00 2275.000
6780.00 2192.000
6810.00 2208.000
6840.00 2298.000
6870.00 2270.000
6900.00 2284.000
6930.00 2233.000
6960.00 2334.000
6990.00 2456.000
7020.00 2393.000
7050.00 2316.000
7080.00 2364.000
7110.00 2448.000
7140.00 2392.000
7170.00 2385.000
7200.00 2428.000
7230.00 2504.000
7260.00 2523.000
7290.00 2513.000
7320.00 2513.000
7350.00 2435.000
7380.00 2624.000
7410.00 2567.000
7440.00 2563.000
7470.00 2622.000
7500.00 2652.000
7530.00 2650.000
7560.00 2777.000
7590.00 2689.000
7620.00 2742.000
7650.00 2744.000
7680.00 2707.000
7710.00 2618.000
7740.00 2676.000
7770.00 2745.000
7800.00 2641.000
7830.00 2771.000
7860.00 2681.000
7890.00 2774.000
7920.00 2839.000
7950.00 2733.000
7980.00 2840.000
8010.00 2751.000
8040.00 2670.000
8070.00 2829.000
8100.00 2795.000
8130.00 2692.000
8160.00 2866.000
8190.00 2737.000
8220.00 2770.000
8250.00 2791.000
8280.00 2796.000
8310.00 2793.000
8340.00 2834.000
8370.00 2703.000
8400.00 2831.000
8430.00 2670.000
8460.00 2659.000
8490.00 2747.000
8520.00 2650.000
8550.00 2726.000
8580.00 2751.000
8610.00 2648.000
8640.00 2657.000
8670.00 2630.000
8700.00 2519.000
8730.00 2517.000
8760.00 2602.000
8790.00 2550.000
8820.00 2574.000
8850.00 2535.000
8880.00 2489.000
8910.00 2462.000
8940.00 2516.000
8970.00 2429.000
9000.00 2376.000
9030.00 2401.000
9060.00 2427.000
9090.00 2342.000
9120.00 2459.000
9150.00 2309.000
9180.00 2275.000
9210.00 2194.000
9240.00 2148.000
9270.00 2157.000
9300.00 2144.000
9330.00 2082.000
9360.00 2049.000
9390.00 2106.000
9420.00 1941.000
9450.00 1920.000
9480.00 1923.000
9510.00 2040.000
9540.00 1821.000
9570.00 1903.000
9600.00 1767.000
9630.00 1793.000
9660.00 1774.000
9690.00 1707.000
9720.00 1686.000
9750.00 1543.000
9780.00 1633.000
9810.00 1575.000
9840.00 1560.000
9870.00 1533.000
9900.00 1469.000
9930.00 1402.000
9960.00 1334.000
9990.00 1276.000
10020.00 1335.000
10050.00 1294.000
10080.00 1250.000
10110.00 1218.000
10140.00 1166.000
10170.00 1151.000
10200.00 1137.000
10230.00 1084.000
10260.00 1082.000
10290.00 996.000
10320.00 997.000
10350.00 912.000
10380.00 933.000
10410.00 853.000
10440.00 828.000
10470.00 801.000
10500.00 766.000
10530.00 765.000
10560.00 659.000
10590.00 678.000
10620.00 651.000
10650.00 607.000
10680.00 638.000
10710.00 547.000
10740.00 528.000
10770.00 530.000
10800.00 494.000
10830.00 520.000
10860.00 431.000
10890.00 451.000
10920.00 395.000
10950.00 392.000
10980.00 362.000
11010.00 341.000
11040.00 350.000
11070.00 298.000
11100.00 278.000
11130.00 288.000
11160.00 240.000
11190.00 276.000
11220.00 240.000
11250.00 211.000
11280.00 193.000
11310.00 181.000
11340.00 168.000
11370.00 162.000
11400.00 152.000
11430.00 149.000
11460.00 138.000
11490.00 114.000
11520.00 120.000
11550.00 105.000
11580.00 104.000
11610.00 104.000
11640.00 102.000
11670.00 91.000
11700.00 87.000
11730.00 80.000
11760.00 59.000
11790.00 59.000
11820.00 75.000
11850.00 56.000
11880.00 54.000
11910.00 56.000
11940.00 49.000
11970.00 30.000
12000.00 47.000
12030.00 44.000
12060.00 40.000
12090.00 29.000
12120.00 31.000
12150.00 26.000
12180.00 22.000
12210.00 24.000
12240.00 22.000
12270.00 37.000
12300.00 31.000
12330.00 25.000
12360.00 31.000
12390.00 21.000
12420.00 25.000
12450.00 16.000
12480.00 10.000
12510.00 18.000
12540.00 20.000
12570.00 19.000
12600.00 18.000
12630.00 23.000
12660.00 23.000
12690.00 26.000
12720.00 16.000
12750.00 25.000
12780.00 16.000
12810.00 16.000
12840.00 17.000
12870.00 16.000
12900.00 25.000
12930.00 13.000
12960.00 16.000
12990.00 13.000
13020.00 16.000
13050.00 9.000
13080.00 18.000
13110.00 22.000
13140.00 11.000
13170.00 16.000
13200.00 13.000
13230.00 18.000
13260.00 14.000
13290.00 17.000
13320.00 16.000
13350.00 11.000
13380.00 16.000
13410.00 21.000
13440.00 10.000
13470.00 16.000
13500.00 11.000
13530.00 17.000
13560.00 16.000
13590.00 17.000
13620.00 17.000
13650.00 13.000
13680.00 20.000
13710.00 19.000
13740.00 19.000
13770.00 17.000
13800.00 16.000
13830.00 13.000
13860.00 11.000
13890.00 16.000
13920.00 16.000
13950.00 17.000
13980.00 9.000
14010.00 15.000
14040.00 16.000
14070.00 20.000
14100.00 15.000
14130.00 21.000
14160.00 14.000
14190.00 5.000
14220.00 15.000
14250.00 15.000
14280.00 12.000
14310.00 18.000
14340.00 13.000
14370.00 20.000
14400.00 13.000
14430.00 10.000
14460.00 10.000
14490.00 7.000
14520.00 20.000
14550.00 12.000
14580.00 17.000
14610.00 9.000
14640.00 12.000
14670.00 18.000
14700.00 12.000
14730.00 10.000
14760.00 10.000
14790.00 16.000
14820.00 9.000
14850.00 22.000
14880.00 13.000
14910.00 15.000
14940.00 6.000
14970.00 11.000
15000.00 12.000
15030.00 14.000
15060.00 8.000
15090.00 12.000
15120.00 15.000
15150.00 7.000
15180.00 11.000
15210.00 9.000
15240.00 9.000
15270.00 15.000
15300.00 8.000
15330.00 10.000
15360.00 13.000
15390.00 14.000
15420.00 7.000
15450.00 9.000
15480.00 10.000
15510.00 13.000
15540.00 9.000
15570.00 9.000
15600.00 10.000
15630.00 8.000
15660.00 12.000
15690.00 9.000
15720.00 13.000
15750.00 9.000
15780.00 11.000
15810.00 13.000
15840.00 5.000
15870.00 12.000
15900.00 13.000
15930.00 7.000
15960.00 8.000
15990.00 7.000
16020.00 16.000
16050.00 7.000
16080.00 11.000
16110.00 6.000
16140.00 8.000
16170.00 10.000
16200.00 15.000
16230.00 15.000
16260.00 11.000
16290.00 8.000
16320.00 9.000
16350.00 6.000
16380.00 8.000
16410.00 13.000
16440.00 9.000
16470.00 11.000
16500.00 13.000
16530.00 8.000
16560.00 10.000
16590.00 12.000
16620.00 11.000
16650.00 9.000
16680.00 12.000
16710.00 12.000
16740.00 7.000
16770.00 11.000
16800.00 11.000
16830.00 6.000
16860.00 12.000
16890.00 10.000
16920.00 13.000
16950.00 7.000
16980.00 6.000
17010.00 8.000
17040.00 5.000
17070.00 5.000
17100.00 7.000
17130.00 9.000
17160.00 8.000
17190.00 8.000
17220.00 5.000
17250.00 9.000
17280.00 10.000
17310.00 11.000
17340.00 6.000
17370.00 7.000
17400.00 10.000
17430.00 12.000
17460.00 12.000
17490.00 11.000
17520.00 5.000
17550.00 12.000
17580.00 15.000
17610.00 13.000
17640.00 8.000
17670.00 6.000
17700.00 8.000
17730.00 10.000
17760.00 6.000
17790.00 11.000
17820.00 9.000
17850.00 14.000
17880.00 13.000
17910.00 8.000
17940.00 8.000
17970.00 7.000
18000.00 11.000
18030.00 2.000
18060.00 7.000
18090.00 12.000
18120.00 7.000
18150.00 8.000
18180.00 10.000
18210.00 11.000
18240.00 3.000
18270.00 6.000
18300.00 9.000
18330.00 17.000
18360.00 5.000
18390.00 3.000
18420.00 7.000
18450.00 8.000
18480.00 14.000
18510.00 2.000
18540.00 8.000
18570.00 12.000
18600.00 16.000
18630.00 10.000
18660.00 10.000
18690.00 6.000
18720.00 7.000
18750.00 8.000
18780.00 9.000
18810.00 7.000
18840.00 9.000
18870.00 10.000
18900.00 7.000
18930.00 9.000
18960.00 8.000
18990.00 5.000
19020.00 6.000
19050.00 8.000
19080.00 10.000
19110.00 6.000
19140.00 8.000
19170.00 8.000
19200.00 4.000
19230.00 10.000
19260.00 3.000
19290.00 5.000
19320.00 12.000
19350.00 5.000
19380.00 7.000
19410.00 6.000
19440.00 9.000
19470.00 4.000
19500.00 4.000
19530.00 6.000
19560.00 3.000
19590.00 4.000
19620.00 6.000
19650.00 5.000
19680.00 11.000
19710.00 5.000
19740.00 12.000
19770.00 9.000
19800.00 5.000
19830.00 6.000
19860.00 7.000
19890.00 4.000
19920.00 12.000
19950.00 3.000
19980.00 7.000
20010.00 7.000
20040.00 3.000
20070.00 8.000
20100.00 5.000
20130.00 10.000
20160.00 12.000
20190.00 8.000
20220.00 8.000
20250.00 4.000
20280.00 2.000
20310.00 9.000
20340.00 4.000
20370.00 7.000
20400.00 11.000
20430.00 7.000
20460.00 7.000
20490.00 2.000
20520.00 5.000
20550.00 6.000
20580.00 3.000
20610.00 6.000
20640.00 6.000
20670.00 9.000
20700.00 3.000
20730.00 7.000
20760.00 9.000
20790.00 5.000
20820.00 5.000
20850.00 10.000
20880.00 8.000
20910.00 9.000
20940.00 8.000
20970.00 4.000
21000.00 5.000
21030.00 10.000
21060.00 10.000
21090.00 8.000
21120.00 4.000
21150.00 8.000
21180.00 7.000
21210.00 7.000
21240.00 7.000
21270.00 5.000
21300.00 7.000
21330.00 7.000
21360.00 5.000
21390.00 5.000
21420.00 6.000
21450.00 8.000
21480.00 5.000
21510.00 3.000
21540.00 5.000
21570.00 10.000
21600.00 7.000
21630.00 8.000
21660.00 7.000
21690.00 9.000
21720.00 6.000
21750.00 6.000
21780.00 3.000
21810.00 6.000
21840.00 5.000
21870.00 9.000
21900.00 7.000
21930.00 5.000
21960.00 4.000
21990.00 6.000
22020.00 6.000
22050.00 3.000
22080.00 6.000
22110.00 5.000
22140.00 8.000
22170.00 4.000
22200.00 6.000
22230.00 5.000
22260.00 5.000
22290.00 8.000
22320.00 4.000
22350.00 5.000
22380.00 4.000
22410.00 6.000
22440.00 5.000
22470.00 0.000
22500.00 5.000
22530.00 9.000
22560.00 7.000
22590.00 4.000
22620.00 3.000
22650.00 1.000
22680.00 6.000
22710.00 1.000
22740.00 4.000
22770.00 2.000
22800.00 4.000
22830.00 7.000
22860.00 7.000
22890.00 3.000
22920.00 4.000
22950.00 10.000
22980.00 6.000
23010.00 5.000
23040.00 6.000
23070.00 6.000
23100.00 3.000
23130.00 2.000
23160.00 5.000
23190.00 3.000
23220.00 7.000
23250.00 6.000
23280.00 8.000
23310.00 6.000
23340.00 8.000
23370.00 6.000
23400.00 6.000
23430.00 5.000
23460.00 4.000
23490.00 4.000
23520.00 7.000
23550.00 7.000
23580.00 7.000
23610.00 5.000
23640.00 5.000
23670.00 5.000
23700.00 7.000
23730.00 7.000
23760.00 5.000
23790.00 4.000
23820.00 4.000
23850.00 7.000
23880.00 2.000
23910.00 1.000
23940.00 3.000
23970.00 3.000
24000.00 1.000
24030.00 2.000
24060.00 2.000
24090.00 0.000
24120.00 0.000
24150.00 0.000
24180.00 0.000
24210.00 0.000
24240.00 0.000
24270.00 0.000
24300.00 0.000
24330.00 0.000
24360.00 0.000
24390.00 0.000
24420.00 0.000
24450.00 0.000
24480.00 0.000
24510.00 0.000
24540.00 0.000
24570.00 0.000
24600.00 0.000
24630.00 0.000
24660.00 0.000
24690.00 0.000
24720.00 0.000
24750.00 0.000
24780.00 0.000
24810.00 0.000
24840.00 0.000
24870.00 0.000
24900.00 0.000
24930.00 0.000
24960.00 0.000
24990.00 0.000
