0	4
20	3
40	2
60	3
80	4
100	2
120	6
140	7
160	2
180	12
200	12
220	9
240	15
260	9
280	10
300	12
320	15
340	12
360	10
380	8
400	16
420	11
440	12
460	17
480	19
500	12
520	10
540	17
560	12
580	18
600	10
620	17
640	13
660	8
680	18
700	7
720	16
740	11
760	16
780	17
800	14
820	14
840	14
860	17
880	24
900	15
920	25
940	13
960	18
980	18
1000	16
1020	9
1040	11
1060	13
1080	10
1100	15
1120	25
1140	19
1160	23
1180	11
1200	9
1220	14
1240	15
1260	11
1280	11
1300	12
1320	8
1340	19
1360	12
1380	18
1400	10
1420	12
1440	19
1460	14
1480	12
1500	12
1520	12
1540	19
1560	12
1580	10
1600	11
1620	14
1640	14
1660	9
1680	8
1700	15
1720	8
1740	10
1760	15
1780	9
1800	11
1820	13
1840	12
1860	12
1880	11
1900	11
1920	9
1940	11
1960	10
1980	7
2000	13
2020	10
2040	5
2060	9
2080	13
2100	8
2120	11
2140	7
2160	3
2180	4
2200	8
2220	4
2240	10
2260	9
2280	7
2300	9
2320	9
2340	16
2360	6
2380	4
2400	9
2420	9
2440	8
2460	4
2480	7
2500	7
2520	8
2540	2
2560	3
2580	4
2600	3
2620	9
2640	10
2660	6
2680	7
2700	5
2720	3
2740	9
2760	4
2780	8
2800	7
2820	8
2840	9
2860	5
2880	6
2900	9
2920	4
2940	6
2960	2
2980	9
3000	5
3020	7
3040	6
3060	5
3080	9
3100	4
3120	3
3140	3
3160	3
3180	3
3200	4
3220	10
3240	2
3260	6
3280	5
3300	1
3320	2
3340	5
3360	3
3380	6
3400	6
3420	3
3440	5
3460	6
3480	3
3500	8
3520	3
3540	9
3560	4
3580	3
3600	8
3620	3
3640	5
3660	5
3680	2
3700	1
3720	3
3740	3
3760	4
3780	3
3800	4
3820	3
3840	5
3860	2
3880	8
3900	2
3920	2
3940	4
3960	6
3980	0
4000	4
4020	6
4040	7
4060	3
4080	2
4100	3
4120	1
4140	1
4160	6
4180	1
4200	0
4220	3
4240	3
4260	7
4280	2
4300	4
4320	6
4340	1
4360	1
4380	3
4400	4
4420	3
4440	2
4460	2
4480	4
4500	4
4520	6
4540	3
4560	2
4580	2
4600	0
4620	5
4640	1
4660	1
4680	3
4700	2
4720	4
4740	2
4760	1
4780	3
4800	2
4820	4
4840	4
4860	1
4880	3
4900	4
4920	3
4940	2
4960	2
4980	3
5000	0
5020	2
5040	1
5060	1
5080	0
5100	0
5120	2
5140	3
5160	2
5180	2
5200	1
5220	1
5240	3
5260	3
5280	3
5300	0
5320	1
5340	0
5360	3
5380	1
5400	1
5420	4
5440	1
5460	4
5480	1
5500	3
5520	1
5540	2
5560	3
5580	4
5600	4
5620	0
5640	3
5660	2
5680	3
5700	3
5720	2
5740	3
5760	3
5780	2
5800	2
5820	0
5840	1
5860	2
5880	2
5900	2
5920	3
5940	1
5960	3
5980	1
6000	0
6020	1
6040	2
6060	3
6080	2
6100	2
6120	1
6140	1
6160	3
6180	3
6200	3
6220	1
6240	3
6260	0
6280	3
6300	2
6320	2
6340	6
6360	3
6380	2
6400	3
6420	0
6440	0
6460	2
6480	3
6500	0
6520	2
6540	1
6560	1
6580	1
6600	3
6620	3
6640	1
6660	2
6680	1
6700	2
6720	1
6740	0
6760	1
6780	1
6800	2
6820	0
6840	3
6860	1
6880	1
6900	2
6920	0
6940	2
6960	1
6980	1
7000	0
7020	3
7040	5
7060	1
7080	0
7100	1
7120	2
7140	1
7160	1
7180	1
7200	2
7220	1
7240	1
7260	1
7280	1
7300	0
7320	2
7340	4
7360	0
7380	0
7400	2
7420	0
7440	2
7460	3
7480	0
7500	0
7520	2
7540	0
7560	3
7580	0
7600	1
7620	2
7640	1
7660	0
7680	1
7700	1
7720	1
7740	2
7760	0
7780	3
7800	1
7820	2
7840	1
7860	0
7880	2
7900	0
7920	0
7940	1
7960	1
7980	1
8000	2
8020	1
8040	0
8060	0
8080	0
8100	1
8120	0
8140	1
8160	1
8180	0
8200	1
8220	0
8240	0
8260	0
8280	1
8300	0
8320	1
8340	0
8360	2
8380	1
8400	0
8420	1
8440	1
8460	2
8480	1
8500	0
8520	0
8540	2
8560	1
8580	0
8600	2
8620	1
8640	0
8660	3
8680	1
8700	0
8720	1
8740	1
8760	1
8780	0
8800	1
8820	0
8840	2
8860	0
8880	1
8900	1
8920	0
8940	3
8960	1
8980	1
9000	3
9020	1
9040	3
9060	0
9080	0
9100	1
9120	1
9140	0
9160	0
9180	0
9200	1
9220	0
9240	1
9260	2
9280	0
9300	1
9320	1
9340	1
9360	1
9380	3
9400	1
9420	0
9440	3
9460	2
9480	1
9500	1
9520	2
9540	0
9560	1
9580	2
9600	2
9620	0
9640	0
9660	0
9680	3
9700	1
9720	1
9740	1
9760	2
9780	0
9800	0
9820	0
9840	2
9860	1
9880	0
9900	0
9920	0
9940	0
9960	3
9980	0
10000	1
10020	1
10040	0
10060	3
10080	0
10100	0
10120	0
10140	0
10160	1
10180	3
10200	0
10220	1
10240	0
10260	1
10280	0
10300	0
10320	0
10340	2
10360	0
10380	2
10400	2
10420	1
10440	0
10460	1
10480	0
10500	1
10520	2
10540	0
10560	1
10580	1
10600	0
10620	1
10640	0
10660	1
10680	0
10700	0
10720	1
10740	1
10760	0
10780	0
10800	0
10820	1
10840	0
10860	0
10880	1
10900	0
10920	0
10940	1
10960	0
10980	0
11000	0
11020	2
11040	0
11060	2
11080	1
11100	0
11120	0
11140	0
11160	1
11180	0
11200	1
11220	0
11240	0
11260	1
11280	0
11300	1
11320	2
11340	0
11360	0
11380	0
11400	0
11420	1
11440	0
11460	1
11480	1
11500	3
11520	0
11540	1
11560	0
11580	2
11600	1
11620	0
11640	0
11660	0
11680	1
11700	0
11720	0
11740	0
11760	1
11780	1
11800	0
11820	0
11840	0
11860	1
11880	0
11900	0
11920	2
11940	0
11960	1
11980	1
12000	2
12020	0
12040	2
12060	1
12080	1
12100	0
12120	3
12140	2
12160	0
12180	0
12200	0
12220	0
12240	0
12260	1
12280	3
12300	0
12320	0
12340	2
12360	0
12380	1
12400	0
12420	0
12440	0
12460	1
12480	0
12500	1
12520	0
12540	0
12560	2
12580	1
12600	0
12620	0
12640	0
12660	3
12680	0
12700	0
12720	2
12740	0
12760	0
12780	1
12800	1
12820	0
12840	3
12860	0
12880	0
12900	0
12920	1
12940	0
12960	0
12980	1
13000	0
13020	1
13040	0
13060	0
13080	0
13100	0
13120	2
13140	0
13160	0
13180	1
13200	0
13220	1
13240	1
13260	0
13280	0
13300	0
13320	0
13340	0
13360	0
13380	1
13400	1
13420	1
13440	1
13460	0
13480	0
13500	1
13520	2
13540	0
13560	0
13580	2
13600	0
13620	0
13640	0
13660	0
13680	0
13700	1
13720	0
13740	0
13760	0
13780	0
13800	0
13820	0
13840	1
13860	0
13880	1
13900	0
13920	2
13940	0
13960	0
13980	0
14000	0
14020	0
14040	0
14060	0
14080	0
14100	0
14120	1
14140	0
14160	0
14180	0
14200	0
14220	1
14240	0
14260	0
14280	2
14300	0
14320	1
14340	2
14360	0
14380	0
14400	2
14420	0
14440	1
14460	0
14480	0
14500	0
14520	0
14540	0
14560	0
14580	0
14600	1
14620	0
14640	0
14660	0
14680	2
14700	1
14720	1
14740	0
14760	0
14780	0
14800	1
14820	2
14840	0
14860	1
14880	0
14900	0
14920	1
14940	0
14960	1
14980	0
15000	0
15020	0
15040	0
15060	0
15080	0
15100	0
15120	1
15140	0
15160	1
15180	0
15200	0
15220	0
15240	0
15260	2
15280	0
15300	0
15320	0
15340	1
15360	0
15380	3
15400	0
15420	0
15440	0
15460	0
15480	0
15500	0
15520	1
15540	1
15560	0
15580	0
15600	0
15620	1
15640	0
15660	0
15680	1
15700	0
15720	0
15740	0
15760	1
15780	0
15800	0
15820	0
15840	1
15860	1
15880	0
15900	1
15920	0
15940	0
15960	1
15980	0
16000	0
16020	1
16040	0
16060	0
16080	0
16100	1
16120	1
16140	0
16160	0
16180	0
16200	0
16220	0
16240	1
16260	1
16280	1
16300	0
16320	0
16340	0
16360	0
16380	0
16400	0
16420	0
16440	0
16460	0
16480	1
16500	0
16520	0
16540	0
16560	1
16580	0
16600	0
16620	0
16640	1
16660	1
16680	0
16700	0
16720	0
16740	0
16760	0
16780	0
16800	0
16820	0
16840	1
16860	0
16880	0
16900	0
16920	0
16940	2
16960	0
16980	0
17000	0
17020	0
17040	1
17060	0
17080	0
17100	0
17120	0
17140	0
17160	0
17180	0
17200	0
17220	1
17240	0
17260	1
17280	0
17300	0
17320	3
17340	0
17360	0
17380	1
17400	0
17420	0
17440	0
17460	0
17480	0
17500	0
17520	0
17540	0
17560	0
17580	0
17600	0
17620	0
17640	0
17660	1
17680	0
17700	0
17720	0
17740	0
17760	0
17780	0
17800	0
17820	2
17840	0
17860	0
17880	0
17900	0
17920	0
17940	0
17960	1
17980	1
18000	0
18020	0
18040	0
18060	0
18080	1
18100	1
18120	1
18140	0
18160	0
18180	0
18200	0
18220	1
18240	1
18260	0
18280	0
18300	0
18320	0
18340	0
18360	0
18380	0
18400	0
18420	0
18440	0
18460	3
18480	0
18500	1
18520	0
18540	0
18560	0
18580	1
18600	0
18620	0
18640	0
18660	2
18680	1
18700	0
18720	0
18740	0
18760	0
18780	1
18800	0
18820	0
18840	0
18860	0
18880	0
18900	0
18920	0
18940	0
18960	1
18980	0
19000	1
19020	1
19040	0
19060	0
19080	0
19100	0
19120	0
19140	0
19160	1
19180	1
19200	1
19220	0
19240	1
19260	0
19280	0
19300	0
19320	0
19340	1
19360	0
19380	0
19400	0
19420	0
19440	0
19460	0
19480	0
19500	0
19520	0
19540	0
19560	0
19580	0
19600	0
19620	0
19640	0
19660	1
19680	0
19700	0
19720	1
19740	0
19760	0
19780	0
19800	0
19820	0
19840	0
19860	0
19880	0
19900	0
19920	0
19940	0
19960	0
19980	0
20000	0
20020	1
20040	0
20060	0
20080	0
20100	0
20120	0
20140	1
20160	0
20180	0
20200	0
20220	0
20240	0
20260	0
20280	1
20300	1
20320	0
20340	0
20360	0
20380	0
20400	0
20420	0
20440	0
20460	0
20480	0
20500	0
20520	1
20540	0
20560	0
20580	0
20600	0
20620	1
20640	1
20660	0
20680	0
20700	1
20720	0
20740	1
20760	0
20780	0
20800	0
20820	0
20840	0
20860	0
20880	0
20900	0
20920	0
20940	0
20960	0
20980	0
21000	1
21020	0
21040	0
21060	0
21080	0
21100	0
21120	0
21140	0
21160	1
21180	0
21200	0
21220	0
21240	1
21260	0
21280	1
21300	1
21320	0
21340	0
21360	0
21380	1
21400	0
21420	0
21440	0
21460	0
21480	1
21500	0
21520	0
21540	0
21560	0
21580	0
21600	0
21620	0
21640	0
21660	0
21680	0
21700	0
21720	0
21740	1
21760	0
21780	0
21800	0
21820	0
21840	0
21860	0
21880	0
21900	0
21920	0
21940	0
21960	0
21980	2
22000	0
22020	0
22040	0
22060	1
22080	0
22100	1
22120	0
22140	1
22160	0
22180	0
22200	1
22220	0
22240	0
22260	0
22280	0
22300	1
22320	1
22340	0
22360	0
22380	1
22400	1
22420	0
22440	0
22460	0
22480	0
22500	0
22520	0
22540	0
22560	0
22580	0
22600	0
22620	0
22640	0
22660	0
22680	0
22700	1
22720	0
22740	0
22760	0
22780	0
22800	0
22820	0
22840	0
22860	0
22880	1
22900	0
22920	0
22940	0
22960	0
22980	0
23000	0
23020	0
23040	1
23060	2
23080	0
23100	0
23120	0
23140	0
23160	0
23180	0
23200	0
23220	0
23240	0
23260	0
23280	0
23300	0
23320	0
23340	0
23360	0
23380	0
23400	0
23420	0
23440	1
23460	0
23480	0
23500	0
23520	0
23540	0
23560	0
23580	0
23600	0
23620	0
23640	0
23660	0
23680	0
23700	0
23720	0
23740	0
23760	0
23780	0
23800	0
23820	0
23840	0
23860	0
23880	1
23900	0
23920	0
23940	0
23960	0
23980	0
24000	0
24020	0
24040	0
24060	0
24080	0
24100	0
24120	0
24140	0
24160	0
24180	0
24200	0
24220	0
24240	0
24260	0
24280	0
24300	0
24320	0
24340	0
24360	0
24380	0
24400	0
24420	0
24440	0
24460	0
24480	0
24500	0
24520	0
24540	0
24560	0
24580	0
24600	0
24620	0
24640	0
24660	0
24680	0
24700	0
24720	0
24740	0
24760	0
24780	0
24800	0
24820	0
24840	0
24860	0
24880	0
24900	0
24920	0
24940	0
24960	0
24980	0
25000	0